68
AB013012.1_Doliolum_nationalis              0.0000000 0.1184253 0.1492479 0.0000010 0.1286217 0.1286217 0.1360824 0.1678921 0.1367651 0.1449424 0.1702260 0.2130521 0.2624695 0.4360483 0.2860256 0.3057357 0.1588458 0.1334201 0.1233058 0.1203308 0.1213700 0.1268778 0.1287700 0.1206580 0.1449424 0.1418152 0.1418152 0.1447253 0.1601204 0.1407090 0.1407090 0.1468262 0.1468262 0.1580524 0.1368550 0.1368550 0.1320023 0.1320023 0.1347361 0.1360824 0.1340565 0.1417079 0.1396082 0.1257527 0.1508589 0.1731299 0.1752993 0.1752391 0.1286217 0.1286217 0.1184148 0.1685010 0.1373026 0.1373026 0.1446543 0.1442444 0.1078974 0.1427886 0.1430680 0.1340565 0.1347361 0.1145507 0.1435473 0.1358551 0.1358551 0.1435473 0.1427886 0.1409834 
AB013017.1_Ciona_intestinalis               0.1184253 0.0000000 0.0989279 0.1184253 0.0513108 0.0544745 0.0825607 0.1070173 0.0869709 0.0872358 0.1128796 0.1575276 0.1861828 0.4532276 0.2478364 0.2336671 0.0761114 0.0418437 0.0342262 0.0300031 0.0420965 0.0269152 0.0339271 0.0315424 0.0872358 0.1016062 0.1016062 0.0998176 0.1158657 0.0862737 0.0862737 0.0870154 0.0870154 0.0874699 0.0850121 0.0850121 0.0830485 0.0830485 0.0852610 0.0825607 0.0808832 0.0850440 0.0833258 0.0747261 0.0994300 0.1149868 0.1167886 0.1172830 0.0513108 0.0544745 0.0581683 0.1073721 0.0847802 0.0847802 0.0869996 0.0995029 0.0631929 0.0862543 0.0864108 0.0808832 0.0852610 0.0867198 0.0885324 0.0823707 0.0823707 0.0885324 0.0862543 0.0864303 
D14366.1_Thalia_democratica                 0.1492479 0.0989279 0.0000000 0.1492479 0.0885553 0.0885553 0.0430213 0.0641674 0.0369747 0.0415781 0.0654165 0.2061721 0.2111707 0.4625276 0.3027011 0.2040384 0.1193305 0.0946582 0.0925912 0.0993451 0.1102964 0.1034061 0.0984965 0.0996231 0.0415781 0.0034674 0.0034674 0.0023059 0.0241024 0.0411326 0.0411326 0.0450946 0.0450946 0.0495039 0.0413347 0.0413347 0.0339990 0.0339990 0.0369917 0.0430213 0.0425585 0.0411423 0.0397318 0.0640594 0.0871976 0.0834560 0.0833537 0.0832608 0.0885553 0.0885553 0.0757887 0.0643647 0.0338099 0.0338099 0.0445839 0.0023004 0.0626052 0.0382932 0.0398856 0.0425585 0.0369917 0.0473135 0.0461983 0.0382097 0.0382097 0.0461983 0.0382932 0.0412012 
FM244861.1_Doliolum_denticulatum            0.0000010 0.1184253 0.1492479 0.0000000 0.1286217 0.1286217 0.1360824 0.1678921 0.1367651 0.1449424 0.1702260 0.2130521 0.2624695 0.4360483 0.2860256 0.3057357 0.1588458 0.1334201 0.1233058 0.1203308 0.1213700 0.1268778 0.1287700 0.1206580 0.1449424 0.1418152 0.1418152 0.1447253 0.1601204 0.1407090 0.1407090 0.1468262 0.1468262 0.1580524 0.1368550 0.1368550 0.1320023 0.1320023 0.1347361 0.1360824 0.1340565 0.1417079 0.1396082 0.1257527 0.1508589 0.1731299 0.1752993 0.1752391 0.1286217 0.1286217 0.1184148 0.1685010 0.1373026 0.1373026 0.1446543 0.1442444 0.1078974 0.1427886 0.1430680 0.1340565 0.1347361 0.1145507 0.1435473 0.1358551 0.1358551 0.1435473 0.1427886 0.1409834 
FM244862.1_Pyrosoma_godeauxi                0.1286217 0.0513108 0.0885553 0.1286217 0.0000000 0.0022987 0.0849649 0.0974900 0.0841877 0.0800443 0.0978353 0.1901615 0.1777964 0.4267270 0.2720157 0.2367722 0.0879533 0.0458783 0.0432158 0.0428523 0.0536631 0.0426274 0.0445217 0.0445296 0.0800443 0.0929153 0.0929153 0.0911617 0.1141476 0.0755766 0.0755766 0.0859669 0.0859669 0.0804841 0.0802919 0.0802919 0.0802781 0.0802781 0.0764399 0.0849649 0.0755723 0.0796393 0.0813550 0.0755236 0.0922961 0.1035882 0.1053397 0.1077036 0.0000010 0.0022987 0.0145906 0.0978100 0.0820050 0.0820050 0.0798203 0.0908779 0.0513836 0.0755588 0.0775998 0.0755723 0.0764399 0.0784726 0.0820607 0.0737017 0.0737017 0.0820607 0.0755588 0.0757128 
FM244863.1_Pyrosomella_verticillata         0.1286217 0.0544745 0.0885553 0.1286217 0.0022987 0.0000000 0.0849649 0.0974900 0.0841877 0.0800443 0.0978353 0.1901615 0.1777964 0.4267270 0.2720157 0.2367722 0.0842313 0.0489303 0.0462527 0.0458614 0.0568234 0.0456201 0.0475633 0.0475718 0.0800443 0.0929153 0.0929153 0.0911617 0.1141476 0.0755766 0.0755766 0.0859669 0.0859669 0.0804841 0.0802919 0.0802919 0.0802781 0.0802781 0.0764399 0.0849649 0.0755723 0.0796393 0.0813550 0.0755236 0.0922961 0.1035882 0.1053397 0.1077036 0.0022987 0.0000010 0.0145906 0.0978100 0.0820050 0.0820050 0.0798203 0.0908779 0.0513836 0.0755588 0.0775998 0.0755723 0.0764399 0.0784726 0.0820607 0.0737017 0.0737017 0.0820607 0.0755588 0.0757128 
FM244864.1_Cyclosalpa_quadriluminis         0.1360824 0.0825607 0.0430213 0.1360824 0.0849649 0.0849649 0.0000000 0.0685310 0.0308901 0.0223055 0.0715965 0.2113447 0.2053138 0.4550996 0.2707139 0.2244455 0.1216102 0.0901958 0.0921909 0.0891814 0.0924674 0.0927185 0.0923987 0.0869194 0.0223055 0.0418284 0.0418284 0.0419437 0.0534643 0.0156499 0.0156499 0.0222458 0.0222458 0.0292793 0.0209068 0.0209068 0.0280429 0.0280429 0.0309044 0.0000010 0.0069948 0.0070159 0.0082048 0.0615283 0.0869227 0.0748220 0.0747330 0.0793086 0.0849649 0.0849649 0.0763136 0.0687417 0.0209653 0.0209653 0.0222419 0.0418284 0.0657272 0.0181298 0.0168640 0.0069948 0.0309044 0.0169380 0.0183801 0.0082025 0.0082025 0.0183801 0.0181298 0.0156746 
FM244865.1_Ihlea_racovitzai                 0.1678921 0.1070173 0.0641674 0.1678921 0.0974900 0.0974900 0.0685310 0.0000000 0.0769693 0.0633669 0.0464665 0.2096696 0.2461556 0.5205169 0.3030935 0.2625239 0.1509007 0.0956089 0.1049536 0.1026030 0.1238300 0.1096978 0.1046937 0.1049912 0.0633669 0.0696003 0.0696003 0.0679824 0.0682946 0.0738458 0.0738458 0.0588472 0.0588472 0.0729743 0.0725933 0.0725933 0.0732199 0.0732199 0.0770013 0.0685310 0.0734217 0.0736385 0.0720106 0.0820676 0.1004584 0.1012045 0.0992669 0.1042205 0.0974900 0.0974900 0.0857460 0.0000010 0.0676946 0.0676946 0.0667287 0.0677821 0.0724708 0.0665523 0.0666691 0.0734217 0.0770013 0.0600976 0.0759480 0.0701809 0.0701809 0.0759480 0.0665523 0.0739769 
FM244866.1_Iasis_cylindrica                 0.1367651 0.0869709 0.0369747 0.1367651 0.0841877 0.0841877 0.0308901 0.0769693 0.0000000 0.0292975 0.0677727 0.2081363 0.1997902 0.4691897 0.2659002 0.2220029 0.1228500 0.0962798 0.0924354 0.0991066 0.0937277 0.0949913 0.0946664 0.0947010 0.0292975 0.0339990 0.0339990 0.0340903 0.0468622 0.0253170 0.0253170 0.0351821 0.0351821 0.0393405 0.0254410 0.0254410 0.0022964 0.0022964 0.0046387 0.0308901 0.0278963 0.0281269 0.0294731 0.0654169 0.1077881 0.0861444 0.0860388 0.0861899 0.0841877 0.0841877 0.0773963 0.0772120 0.0198969 0.0198969 0.0293813 0.0339990 0.0641231 0.0226727 0.0227096 0.0278963 0.0046387 0.0425856 0.0267972 0.0238666 0.0238666 0.0267972 0.0226727 0.0253583 
FM244867.1_Salpa_thompsoni                  0.1449424 0.0872358 0.0415781 0.1449424 0.0800443 0.0800443 0.0223055 0.0633669 0.0292975 0.0000000 0.0642615 0.1957201 0.1959808 0.4502356 0.2767371 0.2148685 0.1182667 0.0887173 0.0907061 0.0934853 0.0958426 0.0851866 0.0876116 0.0891710 0.0000010 0.0418242 0.0418242 0.0419394 0.0585692 0.0157236 0.0157236 0.0093917 0.0093917 0.0119123 0.0183099 0.0183099 0.0264931 0.0264931 0.0293112 0.0223055 0.0170204 0.0223828 0.0236809 0.0690583 0.0965426 0.0822089 0.0821094 0.0846830 0.0800443 0.0800443 0.0767450 0.0635597 0.0132057 0.0132057 0.0022925 0.0418242 0.0653566 0.0144729 0.0144958 0.0170204 0.0293112 0.0300884 0.0170667 0.0157269 0.0157269 0.0170667 0.0144729 0.0157485 
HQ015377.1_Salpidae_gen._nov._sp._nov._A    0.1702260 0.1128796 0.0654165 0.1702260 0.0978353 0.0978353 0.0715965 0.0464665 0.0677727 0.0642615 0.0000000 0.2244683 0.2251144 0.4940554 0.3212456 0.2761555 0.1442426 0.1081159 0.1065006 0.1133326 0.1324776 0.1218266 0.1126822 0.1149090 0.0642615 0.0690360 0.0690360 0.0692395 0.0744252 0.0692239 0.0692239 0.0681865 0.0681865 0.0721855 0.0677752 0.0677752 0.0642476 0.0642476 0.0646288 0.0715965 0.0694047 0.0736689 0.0753176 0.0734475 0.1103141 0.0974109 0.0972878 0.0998556 0.0978353 0.0978353 0.0877174 0.0466023 0.0621528 0.0621528 0.0676060 0.0690360 0.0694452 0.0658297 0.0659442 0.0694047 0.0646288 0.0646405 0.0712484 0.0662288 0.0662288 0.0712484 0.0658297 0.0693448 
L12426.2_Molgula_manhattensis               0.2130521 0.1575276 0.2061721 0.2130521 0.1901615 0.1901615 0.2113447 0.2096696 0.2081363 0.1957201 0.2244683 0.0000000 0.2625331 0.5755468 0.2993216 0.3141593 0.1359327 0.1516033 0.1541591 0.1521456 0.1648360 0.1535245 0.1516602 0.1550489 0.1957201 0.2152967 0.2152967 0.2131217 0.2152802 0.2116890 0.2116890 0.2021604 0.2021604 0.1974958 0.2121800 0.2121800 0.2021131 0.2021131 0.2055571 0.2113447 0.2129978 0.2130417 0.2103897 0.1736598 0.2033519 0.2348322 0.2373765 0.2300181 0.1901615 0.1901615 0.1711549 0.2104595 0.1997922 0.1997922 0.2011258 0.2123529 0.1634301 0.2102854 0.2107305 0.2129978 0.2055571 0.1935412 0.2152627 0.2154625 0.2154625 0.2152627 0.2102854 0.2121390 
M91181.1_Echinorhinus_cookei                0.2624695 0.1861828 0.2111707 0.2624695 0.1777964 0.1777964 0.2053138 0.2461556 0.1997902 0.1959808 0.2251144 0.2625331 0.0000000 0.3453285 0.2294894 0.3273898 0.1826949 0.1623155 0.1695076 0.1814479 0.1882352 0.1751387 0.1714911 0.1819022 0.1959808 0.2079753 0.2079753 0.2058140 0.2105435 0.1846581 0.1846581 0.2014325 0.2014325 0.2144042 0.2045602 0.2045602 0.1938919 0.1938919 0.1881030 0.2053138 0.1960349 0.2083747 0.2057480 0.1819326 0.2117353 0.2347310 0.2372815 0.2312849 0.1777964 0.1777964 0.1764649 0.2471294 0.1951786 0.1951786 0.1962496 0.2050741 0.1669075 0.1934069 0.1938110 0.1960349 0.1881030 0.1991409 0.1904665 0.1983589 0.1983589 0.1904665 0.1934069 0.1850396 
M97574.1_Myxine_glutinosa                   0.4360483 0.4532276 0.4625276 0.4360483 0.4267270 0.4267270 0.4550996 0.5205169 0.4691897 0.4502356 0.4940554 0.5755468 0.3453285 0.0000000 0.4690104 0.7147303 0.4354490 0.4182839 0.4222252 0.4381345 0.4332833 0.4139356 0.4297552 0.4418613 0.4502356 0.4588341 0.4588341 0.4607753 0.4540216 0.4443216 0.4443216 0.4547712 0.4547712 0.4706330 0.4384425 0.4384425 0.4592587 0.4592587 0.4648661 0.4550996 0.4448296 0.4601471 0.4648105 0.4310240 0.4723757 0.5431959 0.5422378 0.5432373 0.4267270 0.4267270 0.4294527 0.5176892 0.4385562 0.4385562 0.4456083 0.4588341 0.4153120 0.4637600 0.4649297 0.4448296 0.4648661 0.4279123 0.4437934 0.4492299 0.4492299 0.4437934 0.4637600 0.4454342 
M97571.1_Branchiostoma_floridae             0.2860256 0.2478364 0.3027011 0.2860256 0.2720157 0.2720157 0.2707139 0.3030935 0.2659002 0.2767371 0.3212456 0.2993216 0.2294894 0.4690104 0.0000000 0.3713834 0.2605793 0.2171905 0.2342444 0.2391661 0.2247574 0.2366847 0.2348384 0.2354223 0.2767371 0.2951993 0.2951993 0.2963396 0.2788874 0.2769280 0.2769280 0.2868297 0.2868297 0.3023385 0.2887950 0.2887950 0.2589265 0.2589265 0.2660229 0.2707139 0.2708391 0.2821452 0.2789355 0.2597641 0.3008725 0.3150026 0.3180648 0.3110073 0.2720157 0.2720157 0.2545530 0.3006557 0.2838874 0.2838874 0.2802132 0.2951993 0.2449433 0.2798426 0.2804776 0.2708391 0.2660229 0.2995272 0.2843202 0.2807219 0.2807219 0.2843202 0.2798426 0.2775538 
AB013014.1_Oikopleura_dioica                0.3057357 0.2336671 0.2040384 0.3057357 0.2367722 0.2367722 0.2244455 0.2625239 0.2220029 0.2148685 0.2761555 0.3141593 0.3273898 0.7147303 0.3713834 0.0000000 0.2254340 0.2137558 0.2211211 0.2293780 0.2404504 0.2228492 0.2339348 0.2207550 0.2148685 0.2032463 0.2032463 0.2069078 0.2457635 0.2133089 0.2133089 0.2278544 0.2278544 0.2300461 0.2312387 0.2312387 0.2156907 0.2156907 0.2165526 0.2244455 0.2146637 0.2248411 0.2220768 0.2234504 0.2432216 0.2598299 0.2594308 0.2563960 0.2367722 0.2367722 0.2150883 0.2635716 0.2209114 0.2209114 0.2206186 0.2061646 0.2007475 0.2175879 0.2211013 0.2146637 0.2165526 0.2134106 0.2241023 0.2171622 0.2171622 0.2241023 0.2175879 0.2137663 
AY903925.1_Halocynthia_igaboja              0.1588458 0.0761114 0.1193305 0.1588458 0.0879533 0.0842313 0.1216102 0.1509007 0.1228500 0.1182667 0.1442426 0.1359327 0.1826949 0.4354490 0.2605793 0.2254340 0.0000000 0.0712576 0.0762628 0.0772633 0.0835350 0.0767304 0.0718100 0.0813052 0.1182667 0.1262656 0.1262656 0.1243841 0.1267651 0.1190360 0.1190360 0.1219799 0.1219799 0.1115039 0.1163864 0.1163864 0.1182819 0.1182819 0.1208988 0.1216102 0.1167024 0.1239290 0.1219395 0.1064488 0.1307962 0.1420689 0.1418742 0.1400064 0.0879533 0.0842313 0.0896847 0.1514364 0.1183348 0.1183348 0.1179881 0.1239790 0.1089664 0.1229602 0.1231964 0.1167024 0.1208988 0.1302345 0.1216916 0.1184007 0.1184007 0.1216916 0.1229602 0.1192638 
FM244840.1_Clavelina_meridionalis           0.1334201 0.0418437 0.0946582 0.1334201 0.0458783 0.0489303 0.0901958 0.0956089 0.0962798 0.0887173 0.1081159 0.1516033 0.1623155 0.4182839 0.2171905 0.2137558 0.0712576 0.0000000 0.0145487 0.0296250 0.0409641 0.0311538 0.0239079 0.0296954 0.0887173 0.1009686 0.1009686 0.0991848 0.1075304 0.0842937 0.0842937 0.0930453 0.0930453 0.0887027 0.0882288 0.0882288 0.0922019 0.0922019 0.0927384 0.0901958 0.0823337 0.0905038 0.0887519 0.0746698 0.0890609 0.1165518 0.1144716 0.1127482 0.0458783 0.0489303 0.0469148 0.0959191 0.0899744 0.0899744 0.0884784 0.0988729 0.0577665 0.0877373 0.0878969 0.0823337 0.0927384 0.0884326 0.0865345 0.0838276 0.0838276 0.0865345 0.0877373 0.0844466 
FM244841.1_Pycnoclavella_aff._detorta       0.1233058 0.0342262 0.0925912 0.1233058 0.0432158 0.0462527 0.0921909 0.1049536 0.0924354 0.0907061 0.1065006 0.1541591 0.1695076 0.4222252 0.2342444 0.2211211 0.0762628 0.0145487 0.0000000 0.0267701 0.0334044 0.0267765 0.0224641 0.0268328 0.0907061 0.0988511 0.0988511 0.0970754 0.1053428 0.0879709 0.0879709 0.0987004 0.0987004 0.0906935 0.0884441 0.0884441 0.0884202 0.0884202 0.0889388 0.0921909 0.0825390 0.0867378 0.0850077 0.0729868 0.0910202 0.1143234 0.1161211 0.1143902 0.0432158 0.0462527 0.0428308 0.1052987 0.0901922 0.0901922 0.0904639 0.0967709 0.0563876 0.0879513 0.0881114 0.0825390 0.0889388 0.0911334 0.0902518 0.0840350 0.0840350 0.0902518 0.0879513 0.0881311 
AB075543.1_Megalodicopia_hians              0.1203308 0.0300031 0.0993451 0.1203308 0.0428523 0.0458614 0.0891814 0.1026030 0.0991066 0.0934853 0.1133326 0.1521456 0.1814479 0.4381345 0.2391661 0.2293780 0.0772633 0.0296250 0.0267701 0.0000000 0.0280359 0.0199588 0.0196741 0.0046637 0.0934853 0.1057818 0.1057818 0.1039768 0.1141170 0.0942527 0.0942527 0.0940607 0.0940607 0.0916953 0.0929740 0.0929740 0.0949704 0.0949704 0.0973198 0.0891814 0.0886753 0.0909936 0.0892341 0.0742076 0.0924753 0.1164742 0.1182801 0.1165421 0.0428523 0.0458614 0.0426031 0.1029403 0.0947548 0.0947548 0.0932379 0.1036472 0.0654266 0.0942320 0.0944051 0.0886753 0.0973198 0.0843510 0.0966086 0.0902023 0.0902023 0.0966086 0.0942320 0.0944259 
L12378.2_Ascidia_ceratodes                  0.1213700 0.0420965 0.1102964 0.1213700 0.0536631 0.0568234 0.0924674 0.1238300 0.0937277 0.0958426 0.1324776 0.1648360 0.1882352 0.4332833 0.2247574 0.2404504 0.0835350 0.0409641 0.0334044 0.0280359 0.0000000 0.0285149 0.0264639 0.0281017 0.0958426 0.1131002 0.1131002 0.1112728 0.1272272 0.0886988 0.0886988 0.0985066 0.0985066 0.0899550 0.0953028 0.0953028 0.0896676 0.0896676 0.0919673 0.0924674 0.0864607 0.0887468 0.0870042 0.0847212 0.1036873 0.1311417 0.1330400 0.1312188 0.0536631 0.0568234 0.0486406 0.1242513 0.0934970 0.0934970 0.0919965 0.1109177 0.0735105 0.0904276 0.0886020 0.0864607 0.0919673 0.0921890 0.0935586 0.0879746 0.0879746 0.0935586 0.0904276 0.0888608 
AJ250778.1_Ciona_intestinalis               0.1268778 0.0269152 0.1034061 0.1268778 0.0426274 0.0456201 0.0927185 0.1096978 0.0949913 0.0851866 0.1218266 0.1535245 0.1751387 0.4139356 0.2366847 0.2228492 0.0767304 0.0311538 0.0267765 0.0199588 0.0285149 0.0000000 0.0198867 0.0200051 0.0851866 0.1080507 0.1080507 0.1062343 0.1179751 0.0904701 0.0904701 0.0894546 0.0894546 0.0795672 0.0909553 0.0909553 0.0909278 0.0909278 0.0932310 0.0927185 0.0867011 0.0889920 0.0872466 0.0803711 0.0950910 0.1180948 0.1199067 0.1204085 0.0426274 0.0456201 0.0441675 0.1100638 0.0927215 0.0927215 0.0849541 0.1058960 0.0631325 0.0922084 0.0923773 0.0867011 0.0932310 0.0859945 0.0927825 0.0882173 0.0882173 0.0927825 0.0922084 0.0906355 
AB104873.1_Perophora_sagamiensis            0.1287700 0.0339271 0.0984965 0.1287700 0.0445217 0.0475633 0.0923987 0.1046937 0.0946664 0.0876116 0.1126822 0.1516602 0.1714911 0.4297552 0.2348384 0.2339348 0.0718100 0.0239079 0.0224641 0.0196741 0.0264639 0.0198867 0.0000000 0.0197181 0.0876116 0.1048956 0.1048956 0.1030983 0.1127387 0.0866588 0.0866588 0.0937274 0.0937274 0.0853856 0.0906393 0.0906393 0.0906123 0.0906123 0.0929097 0.0923987 0.0863962 0.0886805 0.0869390 0.0731549 0.0947679 0.1167341 0.1185432 0.1168022 0.0445217 0.0475633 0.0427008 0.1050393 0.0924017 0.0924017 0.0873740 0.1027726 0.0662235 0.0918906 0.0920586 0.0863962 0.0929097 0.0921143 0.0889292 0.0879092 0.0879092 0.0889292 0.0918906 0.0868166 
AF165821.2_Chelyosoma_siboja                0.1206580 0.0315424 0.0996231 0.1206580 0.0445296 0.0475718 0.0869194 0.1049912 0.0947010 0.0891710 0.1149090 0.1550489 0.1819022 0.4418613 0.2354223 0.2207550 0.0813052 0.0296954 0.0268328 0.0046637 0.0281017 0.0200051 0.0197181 0.0000000 0.0891710 0.1039372 0.1039372 0.1042684 0.1134821 0.0899484 0.0899484 0.0917326 0.0917326 0.0874060 0.0886797 0.0886797 0.0906454 0.0906454 0.0929436 0.0869194 0.0844742 0.0867349 0.0850048 0.0737696 0.0947332 0.1139143 0.1157040 0.1139806 0.0445296 0.0475718 0.0427083 0.1053381 0.0904306 0.0904306 0.0889310 0.1039372 0.0673906 0.0899284 0.0900925 0.0844742 0.0929436 0.0813474 0.0922515 0.0859789 0.0859789 0.0922515 0.0899284 0.0901125 
HQ015406.1_Salpa_thompsoni                  0.1449424 0.0872358 0.0415781 0.1449424 0.0800443 0.0800443 0.0223055 0.0633669 0.0292975 0.0000010 0.0642615 0.1957201 0.1959808 0.4502356 0.2767371 0.2148685 0.1182667 0.0887173 0.0907061 0.0934853 0.0958426 0.0851866 0.0876116 0.0891710 0.0000000 0.0418242 0.0418242 0.0419394 0.0585692 0.0157236 0.0157236 0.0093917 0.0093917 0.0119123 0.0183099 0.0183099 0.0264931 0.0264931 0.0293112 0.0223055 0.0170204 0.0223828 0.0236809 0.0690583 0.0965426 0.0822089 0.0821094 0.0846830 0.0800443 0.0800443 0.0767450 0.0635597 0.0132057 0.0132057 0.0022925 0.0418242 0.0653566 0.0144729 0.0144958 0.0170204 0.0293112 0.0300884 0.0170667 0.0157269 0.0157269 0.0170667 0.0144729 0.0157485 
HQ015415.1_Thalia_democratica               0.1418152 0.1016062 0.0034674 0.1418152 0.0929153 0.0929153 0.0418284 0.0696003 0.0339990 0.0418242 0.0690360 0.2152967 0.2079753 0.4588341 0.2951993 0.2032463 0.1262656 0.1009686 0.0988511 0.1057818 0.1131002 0.1080507 0.1048956 0.1039372 0.0418242 0.0000000 0.0000010 0.0011479 0.0239767 0.0399480 0.0399480 0.0453642 0.0453642 0.0497987 0.0401452 0.0401452 0.0310784 0.0310784 0.0340147 0.0418284 0.0413761 0.0399578 0.0385451 0.0644467 0.0896791 0.0857029 0.0855971 0.0855016 0.0929153 0.0929153 0.0798587 0.0698166 0.0326236 0.0326236 0.0448479 0.0011452 0.0663890 0.0371048 0.0386949 0.0413761 0.0340147 0.0477037 0.0450034 0.0370237 0.0370237 0.0450034 0.0371048 0.0400150 
HQ015414.1_Thalia_democratica               0.1418152 0.1016062 0.0034674 0.1418152 0.0929153 0.0929153 0.0418284 0.0696003 0.0339990 0.0418242 0.0690360 0.2152967 0.2079753 0.4588341 0.2951993 0.2032463 0.1262656 0.1009686 0.0988511 0.1057818 0.1131002 0.1080507 0.1048956 0.1039372 0.0418242 0.0000010 0.0000000 0.0011479 0.0239767 0.0399480 0.0399480 0.0453642 0.0453642 0.0497987 0.0401452 0.0401452 0.0310784 0.0310784 0.0340147 0.0418284 0.0413761 0.0399578 0.0385451 0.0644467 0.0896791 0.0857029 0.0855971 0.0855016 0.0929153 0.0929153 0.0798587 0.0698166 0.0326236 0.0326236 0.0448479 0.0011452 0.0663890 0.0371048 0.0386949 0.0413761 0.0340147 0.0477037 0.0450034 0.0370237 0.0370237 0.0450034 0.0371048 0.0400150 
HQ015413.1_Thalia_democratica               0.1447253 0.0998176 0.0023059 0.1447253 0.0911617 0.0911617 0.0419437 0.0679824 0.0340903 0.0419394 0.0692395 0.2131217 0.2058140 0.4607753 0.2963396 0.2069078 0.1243841 0.0991848 0.0970754 0.1039768 0.1112728 0.1062343 0.1030983 0.1042684 0.0419394 0.0011479 0.0011479 0.0000000 0.0240392 0.0400569 0.0400569 0.0454912 0.0454912 0.0499387 0.0402550 0.0402550 0.0311611 0.0311611 0.0341060 0.0419437 0.0414890 0.0400666 0.0386499 0.0646367 0.0879737 0.0859665 0.0858601 0.0857640 0.0911617 0.0911617 0.0781791 0.0681936 0.0327110 0.0327110 0.0449722 0.0000010 0.0647828 0.0372055 0.0388005 0.0414890 0.0341060 0.0478888 0.0451285 0.0371240 0.0371240 0.0451285 0.0372055 0.0401242 
HQ015412.1_Thalia_orientalis                0.1601204 0.1158657 0.0241024 0.1601204 0.1141476 0.1141476 0.0534643 0.0682946 0.0468622 0.0585692 0.0744252 0.2152802 0.2105435 0.4540216 0.2788874 0.2457635 0.1267651 0.1075304 0.1053428 0.1141170 0.1272272 0.1179751 0.1127387 0.1134821 0.0585692 0.0239767 0.0239767 0.0240392 0.0000000 0.0519752 0.0519752 0.0587495 0.0587495 0.0655740 0.0566716 0.0566716 0.0436722 0.0436722 0.0468832 0.0534643 0.0565378 0.0533299 0.0518183 0.0700029 0.0958421 0.0829409 0.0811540 0.0810647 0.1141476 0.1141476 0.0976002 0.0685039 0.0483522 0.0483522 0.0587389 0.0239767 0.0810082 0.0548354 0.0549302 0.0565378 0.0468832 0.0513589 0.0538217 0.0551719 0.0551719 0.0538217 0.0548354 0.0520652 
HQ015411.1_Ritteriella_retracta             0.1407090 0.0862737 0.0411326 0.1407090 0.0755766 0.0755766 0.0156499 0.0738458 0.0253170 0.0157236 0.0692239 0.2116890 0.1846581 0.4443216 0.2769280 0.2133089 0.1190360 0.0842937 0.0879709 0.0942527 0.0886988 0.0904701 0.0866588 0.0899484 0.0157236 0.0399480 0.0399480 0.0400569 0.0519752 0.0000000 0.0000010 0.0210271 0.0210271 0.0264867 0.0156396 0.0156396 0.0225660 0.0225660 0.0226946 0.0156499 0.0130533 0.0157034 0.0169507 0.0647132 0.0993547 0.0820315 0.0819324 0.0866944 0.0755766 0.0755766 0.0709764 0.0740750 0.0132099 0.0132099 0.0157672 0.0399480 0.0643429 0.0069964 0.0082165 0.0130533 0.0226946 0.0241894 0.0034944 0.0094046 0.0094046 0.0034944 0.0069964 0.0000010 
HQ015410.1_Ritteriella_retracta             0.1407090 0.0862737 0.0411326 0.1407090 0.0755766 0.0755766 0.0156499 0.0738458 0.0253170 0.0157236 0.0692239 0.2116890 0.1846581 0.4443216 0.2769280 0.2133089 0.1190360 0.0842937 0.0879709 0.0942527 0.0886988 0.0904701 0.0866588 0.0899484 0.0157236 0.0399480 0.0399480 0.0400569 0.0519752 0.0000010 0.0000000 0.0210271 0.0210271 0.0264867 0.0156396 0.0156396 0.0225660 0.0225660 0.0226946 0.0156499 0.0130533 0.0157034 0.0169507 0.0647132 0.0993547 0.0820315 0.0819324 0.0866944 0.0755766 0.0755766 0.0709764 0.0740750 0.0132099 0.0132099 0.0157672 0.0399480 0.0643429 0.0069964 0.0082165 0.0130533 0.0226946 0.0241894 0.0034944 0.0094046 0.0094046 0.0034944 0.0069964 0.0000010 
HQ015409.1_Salpa_fusiformis                 0.1468262 0.0870154 0.0450946 0.1468262 0.0859669 0.0859669 0.0222458 0.0588472 0.0351821 0.0093917 0.0681865 0.2021604 0.2014325 0.4547712 0.2868297 0.2278544 0.1219799 0.0930453 0.0987004 0.0940607 0.0985066 0.0894546 0.0937274 0.0917326 0.0093917 0.0453642 0.0453642 0.0454912 0.0587495 0.0210271 0.0210271 0.0000000 0.0000010 0.0144697 0.0250223 0.0250223 0.0322617 0.0322617 0.0351982 0.0222458 0.0248348 0.0278220 0.0291535 0.0684641 0.0975317 0.0815201 0.0814221 0.0839727 0.0859669 0.0859669 0.0825170 0.0590259 0.0171473 0.0171473 0.0069924 0.0453642 0.0736311 0.0197346 0.0197662 0.0248348 0.0351982 0.0319586 0.0224412 0.0209127 0.0209127 0.0224412 0.0197346 0.0210608 
HQ015408.1_Salpa_maxima                     0.1468262 0.0870154 0.0450946 0.1468262 0.0859669 0.0859669 0.0222458 0.0588472 0.0351821 0.0093917 0.0681865 0.2021604 0.2014325 0.4547712 0.2868297 0.2278544 0.1219799 0.0930453 0.0987004 0.0940607 0.0985066 0.0894546 0.0937274 0.0917326 0.0093917 0.0453642 0.0453642 0.0454912 0.0587495 0.0210271 0.0210271 0.0000010 0.0000000 0.0144697 0.0250223 0.0250223 0.0322617 0.0322617 0.0351982 0.0222458 0.0248348 0.0278220 0.0291535 0.0684641 0.0975317 0.0815201 0.0814221 0.0839727 0.0859669 0.0859669 0.0825170 0.0590259 0.0171473 0.0171473 0.0069924 0.0453642 0.0736311 0.0197346 0.0197662 0.0248348 0.0351982 0.0319586 0.0224412 0.0209127 0.0209127 0.0224412 0.0197346 0.0210608 
HQ015405.1_Salpa_aspera                     0.1580524 0.0874699 0.0495039 0.1580524 0.0804841 0.0804841 0.0292793 0.0729743 0.0393405 0.0119123 0.0721855 0.1974958 0.2144042 0.4706330 0.3023385 0.2300461 0.1115039 0.0887027 0.0906935 0.0916953 0.0899550 0.0795672 0.0853856 0.0874060 0.0119123 0.0497987 0.0497987 0.0499387 0.0655740 0.0264867 0.0264867 0.0144697 0.0144697 0.0000000 0.0279432 0.0279432 0.0363644 0.0363644 0.0393581 0.0292793 0.0277317 0.0293819 0.0307299 0.0781486 0.0994594 0.0888225 0.0887127 0.0914000 0.0804841 0.0804841 0.0788558 0.0732020 0.0224818 0.0224818 0.0118792 0.0497987 0.0761046 0.0251553 0.0251960 0.0277317 0.0393581 0.0383372 0.0279708 0.0237260 0.0237260 0.0279708 0.0251553 0.0265296 
HQ015404.1_Brooksia_rostrata                0.1368550 0.0850121 0.0413347 0.1368550 0.0802919 0.0802919 0.0209068 0.0725933 0.0254410 0.0183099 0.0677752 0.2121800 0.2045602 0.4384425 0.2887950 0.2312387 0.1163864 0.0882288 0.0884441 0.0929740 0.0953028 0.0909553 0.0906393 0.0886797 0.0183099 0.0401452 0.0401452 0.0402550 0.0566716 0.0156396 0.0156396 0.0250223 0.0250223 0.0279432 0.0000000 0.0000010 0.0226755 0.0226755 0.0254532 0.0209068 0.0181804 0.0209789 0.0222644 0.0686349 0.0977827 0.0849241 0.0848212 0.0896356 0.0802919 0.0802919 0.0736400 0.0728192 0.0093881 0.0093881 0.0209027 0.0401452 0.0663029 0.0131673 0.0131880 0.0181804 0.0254532 0.0321988 0.0144842 0.0144082 0.0144082 0.0144842 0.0131673 0.0156642 
HQ015403.1_Brooksia_rostrata                0.1368550 0.0850121 0.0413347 0.1368550 0.0802919 0.0802919 0.0209068 0.0725933 0.0254410 0.0183099 0.0677752 0.2121800 0.2045602 0.4384425 0.2887950 0.2312387 0.1163864 0.0882288 0.0884441 0.0929740 0.0953028 0.0909553 0.0906393 0.0886797 0.0183099 0.0401452 0.0401452 0.0402550 0.0566716 0.0156396 0.0156396 0.0250223 0.0250223 0.0279432 0.0000010 0.0000000 0.0226755 0.0226755 0.0254532 0.0209068 0.0181804 0.0209789 0.0222644 0.0686349 0.0977827 0.0849241 0.0848212 0.0896356 0.0802919 0.0802919 0.0736400 0.0728192 0.0093881 0.0093881 0.0209027 0.0401452 0.0663029 0.0131673 0.0131880 0.0181804 0.0254532 0.0321988 0.0144842 0.0144082 0.0144082 0.0144842 0.0131673 0.0156642 
HQ015402.1_Iasis_cylindrica                 0.1320023 0.0830485 0.0339990 0.1320023 0.0802781 0.0802781 0.0280429 0.0732199 0.0022964 0.0264931 0.0642476 0.2021131 0.1938919 0.4592587 0.2589265 0.2156907 0.1182819 0.0922019 0.0884202 0.0949704 0.0896676 0.0909278 0.0906123 0.0906454 0.0264931 0.0310784 0.0310784 0.0311611 0.0436722 0.0225660 0.0225660 0.0322617 0.0322617 0.0363644 0.0226755 0.0226755 0.0000000 0.0000010 0.0022975 0.0280429 0.0251172 0.0253232 0.0266509 0.0618863 0.1035162 0.0822390 0.0821392 0.0822865 0.0802781 0.0802781 0.0736333 0.0734491 0.0172425 0.0172425 0.0265686 0.0310784 0.0606086 0.0199581 0.0199904 0.0251172 0.0022975 0.0383661 0.0240112 0.0211486 0.0211486 0.0240112 0.0199581 0.0226026 
HQ015401.1_Iasis_cylindrica                 0.1320023 0.0830485 0.0339990 0.1320023 0.0802781 0.0802781 0.0280429 0.0732199 0.0022964 0.0264931 0.0642476 0.2021131 0.1938919 0.4592587 0.2589265 0.2156907 0.1182819 0.0922019 0.0884202 0.0949704 0.0896676 0.0909278 0.0906123 0.0906454 0.0264931 0.0310784 0.0310784 0.0311611 0.0436722 0.0225660 0.0225660 0.0322617 0.0322617 0.0363644 0.0226755 0.0226755 0.0000010 0.0000000 0.0022975 0.0280429 0.0251172 0.0253232 0.0266509 0.0618863 0.1035162 0.0822390 0.0821392 0.0822865 0.0802781 0.0802781 0.0736333 0.0734491 0.0172425 0.0172425 0.0265686 0.0310784 0.0606086 0.0199581 0.0199904 0.0251172 0.0022975 0.0383661 0.0240112 0.0211486 0.0211486 0.0240112 0.0199581 0.0226026 
HQ015399.1_Iasis_cylindrica                 0.1347361 0.0852610 0.0369917 0.1347361 0.0764399 0.0764399 0.0309044 0.0770013 0.0046387 0.0293112 0.0646288 0.2055571 0.1881030 0.4648661 0.2660229 0.2165526 0.1208988 0.0927384 0.0889388 0.0973198 0.0919673 0.0932310 0.0929097 0.0929436 0.0293112 0.0340147 0.0340147 0.0341060 0.0468832 0.0226946 0.0226946 0.0351982 0.0351982 0.0393581 0.0254532 0.0254532 0.0022975 0.0022975 0.0000000 0.0309044 0.0252602 0.0254685 0.0268039 0.0622590 0.1059515 0.0827261 0.0826253 0.0827736 0.0764399 0.0764399 0.0740756 0.0772442 0.0199065 0.0199065 0.0293950 0.0340147 0.0609745 0.0200724 0.0201051 0.0252602 0.0000010 0.0406342 0.0241488 0.0212691 0.0212691 0.0241488 0.0200724 0.0227316 
HQ015398.1_Cyclosalpa_sewelli               0.1360824 0.0825607 0.0430213 0.1360824 0.0849649 0.0849649 0.0000010 0.0685310 0.0308901 0.0223055 0.0715965 0.2113447 0.2053138 0.4550996 0.2707139 0.2244455 0.1216102 0.0901958 0.0921909 0.0891814 0.0924674 0.0927185 0.0923987 0.0869194 0.0223055 0.0418284 0.0418284 0.0419437 0.0534643 0.0156499 0.0156499 0.0222458 0.0222458 0.0292793 0.0209068 0.0209068 0.0280429 0.0280429 0.0309044 0.0000000 0.0069948 0.0070159 0.0082048 0.0615283 0.0869227 0.0748220 0.0747330 0.0793086 0.0849649 0.0849649 0.0763136 0.0687417 0.0209653 0.0209653 0.0222419 0.0418284 0.0657272 0.0181298 0.0168640 0.0069948 0.0309044 0.0169380 0.0183801 0.0082025 0.0082025 0.0183801 0.0181298 0.0156746 
HQ015393.1_Cyclosalpa_floridana             0.1340565 0.0808832 0.0425585 0.1340565 0.0755723 0.0755723 0.0069948 0.0734217 0.0278963 0.0170204 0.0694047 0.2129978 0.1960349 0.4448296 0.2708391 0.2146637 0.1167024 0.0823337 0.0825390 0.0886753 0.0864607 0.0867011 0.0863962 0.0844742 0.0170204 0.0413761 0.0413761 0.0414890 0.0565378 0.0130533 0.0130533 0.0248348 0.0248348 0.0277317 0.0181804 0.0181804 0.0251172 0.0251172 0.0252602 0.0069948 0.0000000 0.0046572 0.0058355 0.0599948 0.0896657 0.0765108 0.0764196 0.0810355 0.0755723 0.0755723 0.0673422 0.0736487 0.0182307 0.0182307 0.0169724 0.0413761 0.0625647 0.0130469 0.0118209 0.0000010 0.0252602 0.0223902 0.0156993 0.0034498 0.0034498 0.0156993 0.0130469 0.0130736 
HQ015392.1_Cyclosalpa_affinis               0.1417079 0.0850440 0.0411423 0.1417079 0.0796393 0.0796393 0.0070159 0.0736385 0.0281269 0.0223828 0.0736689 0.2130417 0.2083747 0.4601471 0.2821452 0.2248411 0.1239290 0.0905038 0.0867378 0.0909936 0.0887468 0.0889920 0.0886805 0.0867349 0.0223828 0.0399578 0.0399578 0.0400666 0.0533299 0.0157034 0.0157034 0.0278220 0.0278220 0.0293819 0.0209789 0.0209789 0.0253232 0.0253232 0.0254685 0.0070159 0.0046572 0.0000000 0.0011421 0.0638654 0.0916882 0.0771904 0.0770977 0.0817570 0.0796393 0.0796393 0.0712011 0.0738666 0.0210378 0.0210378 0.0223187 0.0399578 0.0699857 0.0156958 0.0144392 0.0046572 0.0254685 0.0224834 0.0184437 0.0058515 0.0058515 0.0184437 0.0156958 0.0157282 
HQ015391.1_Cyclosalpa_affinis               0.1396082 0.0833258 0.0397318 0.1396082 0.0813550 0.0813550 0.0082048 0.0720106 0.0294731 0.0236809 0.0753176 0.2103897 0.2057480 0.4648105 0.2789355 0.2220768 0.1219395 0.0887519 0.0850077 0.0892341 0.0870042 0.0872466 0.0869390 0.0850048 0.0236809 0.0385451 0.0385451 0.0386499 0.0518183 0.0169507 0.0169507 0.0291535 0.0291535 0.0307299 0.0222644 0.0222644 0.0266509 0.0266509 0.0268039 0.0082048 0.0058355 0.0011421 0.0000000 0.0622815 0.0899353 0.0771904 0.0770977 0.0817570 0.0813550 0.0813550 0.0695734 0.0722332 0.0223269 0.0223269 0.0236132 0.0385451 0.0683579 0.0169425 0.0156791 0.0058355 0.0268039 0.0242901 0.0197191 0.0070387 0.0070387 0.0197191 0.0169425 0.0169775 
HQ015390.1_Thetys_vagina                    0.1257527 0.0747261 0.0640594 0.1257527 0.0755236 0.0755236 0.0615283 0.0820676 0.0654169 0.0690583 0.0734475 0.1736598 0.1819326 0.4310240 0.2597641 0.2234504 0.1064488 0.0746698 0.0729868 0.0742076 0.0847212 0.0803711 0.0731549 0.0737696 0.0690583 0.0644467 0.0644467 0.0646367 0.0700029 0.0647132 0.0647132 0.0684641 0.0684641 0.0781486 0.0686349 0.0686349 0.0618863 0.0618863 0.0622590 0.0615283 0.0599948 0.0638654 0.0622815 0.0000000 0.0364503 0.0622484 0.0637693 0.0619512 0.0755236 0.0755236 0.0586179 0.0823290 0.0582376 0.0582376 0.0674316 0.0644467 0.0420349 0.0620695 0.0604270 0.0599948 0.0622590 0.0599075 0.0688897 0.0598224 0.0598224 0.0688897 0.0620695 0.0648265 
HQ015389.1_Soestia_zonaria                  0.1508589 0.0994300 0.0871976 0.1508589 0.0922961 0.0922961 0.0869227 0.1004584 0.1077881 0.0965426 0.1103141 0.2033519 0.2117353 0.4723757 0.3008725 0.2432216 0.1307962 0.0890609 0.0910202 0.0924753 0.1036873 0.0950910 0.0947679 0.0947332 0.0965426 0.0896791 0.0896791 0.0879737 0.0958421 0.0993547 0.0993547 0.0975317 0.0975317 0.0994594 0.0977827 0.0977827 0.1035162 0.1035162 0.1059515 0.0869227 0.0896657 0.0916882 0.0899353 0.0364503 0.0000000 0.0996449 0.0977161 0.0909995 0.0922961 0.0922961 0.0773783 0.1007858 0.0933995 0.0933995 0.0983458 0.0877065 0.0606847 0.0975139 0.0956498 0.0896657 0.1059515 0.0814672 0.1044719 0.0876923 0.0876923 0.1044719 0.0975139 0.0995380 
HQ015388.1_Pegea_bicaudata                  0.1731299 0.1149868 0.0834560 0.1731299 0.1035882 0.1035882 0.0748220 0.1012045 0.0861444 0.0822089 0.0974109 0.2348322 0.2347310 0.5431959 0.3150026 0.2598299 0.1420689 0.1165518 0.1143234 0.1164742 0.1311417 0.1180948 0.1167341 0.1139143 0.0822089 0.0857029 0.0857029 0.0859665 0.0829409 0.0820315 0.0820315 0.0815201 0.0815201 0.0888225 0.0849241 0.0849241 0.0822390 0.0822390 0.0827261 0.0748220 0.0765108 0.0771904 0.0771904 0.0622484 0.0996449 0.0000000 0.0011383 0.0046505 0.1035882 0.1035882 0.0976171 0.1015356 0.0832087 0.0832087 0.0839109 0.0857029 0.0867053 0.0793996 0.0795415 0.0765108 0.0827261 0.0608832 0.0859570 0.0746449 0.0746449 0.0859570 0.0793996 0.0821795 
HQ015387.1_Pegea_confoederata               0.1752993 0.1167886 0.0833537 0.1752993 0.1053397 0.1053397 0.0747330 0.0992669 0.0860388 0.0821094 0.0972878 0.2373765 0.2372815 0.5422378 0.3180648 0.2594308 0.1418742 0.1144716 0.1161211 0.1182801 0.1330400 0.1199067 0.1185432 0.1157040 0.0821094 0.0855971 0.0855971 0.0858601 0.0811540 0.0819324 0.0819324 0.0814221 0.0814221 0.0887127 0.0848212 0.0848212 0.0821392 0.0821392 0.0826253 0.0747330 0.0764196 0.0770977 0.0770977 0.0637693 0.0977161 0.0011383 0.0000000 0.0034762 0.1053397 0.1053397 0.0993260 0.0995905 0.0831083 0.0831083 0.0838090 0.0855971 0.0883508 0.0793047 0.0794463 0.0764196 0.0826253 0.0608832 0.0858520 0.0745563 0.0745563 0.0858520 0.0793047 0.0820800 
HQ015386.1_Pegea_confoederata               0.1752391 0.1172830 0.0832608 0.1752391 0.1077036 0.1077036 0.0793086 0.1042205 0.0861899 0.0846830 0.0998556 0.2300181 0.2312849 0.5432373 0.3110073 0.2563960 0.1400064 0.1127482 0.1143902 0.1165421 0.1312188 0.1204085 0.1168022 0.1139806 0.0846830 0.0855016 0.0855016 0.0857640 0.0810647 0.0866944 0.0866944 0.0839727 0.0839727 0.0914000 0.0896356 0.0896356 0.0822865 0.0822865 0.0827736 0.0793086 0.0810355 0.0817570 0.0817570 0.0619512 0.0909995 0.0046505 0.0034762 0.0000000 0.1077036 0.1077036 0.0995105 0.1045644 0.0856847 0.0856847 0.0864058 0.0855016 0.0862997 0.0839727 0.0841245 0.0810355 0.0827736 0.0659848 0.0907222 0.0791229 0.0791229 0.0907222 0.0839727 0.0868524 
HQ015385.1_Pyrosoma_atlanticum              0.1286217 0.0513108 0.0885553 0.1286217 0.0000010 0.0022987 0.0849649 0.0974900 0.0841877 0.0800443 0.0978353 0.1901615 0.1777964 0.4267270 0.2720157 0.2367722 0.0879533 0.0458783 0.0432158 0.0428523 0.0536631 0.0426274 0.0445217 0.0445296 0.0800443 0.0929153 0.0929153 0.0911617 0.1141476 0.0755766 0.0755766 0.0859669 0.0859669 0.0804841 0.0802919 0.0802919 0.0802781 0.0802781 0.0764399 0.0849649 0.0755723 0.0796393 0.0813550 0.0755236 0.0922961 0.1035882 0.1053397 0.1077036 0.0000000 0.0022987 0.0145906 0.0978100 0.0820050 0.0820050 0.0798203 0.0908779 0.0513836 0.0755588 0.0775998 0.0755723 0.0764399 0.0784726 0.0820607 0.0737017 0.0737017 0.0820607 0.0755588 0.0757128 
HQ015382.1_Pyrosomella_verticillata         0.1286217 0.0544745 0.0885553 0.1286217 0.0022987 0.0000010 0.0849649 0.0974900 0.0841877 0.0800443 0.0978353 0.1901615 0.1777964 0.4267270 0.2720157 0.2367722 0.0842313 0.0489303 0.0462527 0.0458614 0.0568234 0.0456201 0.0475633 0.0475718 0.0800443 0.0929153 0.0929153 0.0911617 0.1141476 0.0755766 0.0755766 0.0859669 0.0859669 0.0804841 0.0802919 0.0802919 0.0802781 0.0802781 0.0764399 0.0849649 0.0755723 0.0796393 0.0813550 0.0755236 0.0922961 0.1035882 0.1053397 0.1077036 0.0022987 0.0000000 0.0145906 0.0978100 0.0820050 0.0820050 0.0798203 0.0908779 0.0513836 0.0755588 0.0775998 0.0755723 0.0764399 0.0784726 0.0820607 0.0737017 0.0737017 0.0820607 0.0755588 0.0757128 
HQ015379.1_Pyrostremma_spinosum             0.1184148 0.0581683 0.0757887 0.1184148 0.0145906 0.0145906 0.0763136 0.0857460 0.0773963 0.0767450 0.0877174 0.1711549 0.1764649 0.4294527 0.2545530 0.2150883 0.0896847 0.0469148 0.0428308 0.0426031 0.0486406 0.0441675 0.0427008 0.0427083 0.0767450 0.0798587 0.0798587 0.0781791 0.0976002 0.0709764 0.0709764 0.0825170 0.0825170 0.0788558 0.0736400 0.0736400 0.0736333 0.0736333 0.0740756 0.0763136 0.0673422 0.0712011 0.0695734 0.0586179 0.0773783 0.0976171 0.0993260 0.0995105 0.0145906 0.0145906 0.0000000 0.0860191 0.0752987 0.0752987 0.0765301 0.0779428 0.0430921 0.0709596 0.0692617 0.0673422 0.0740756 0.0724130 0.0753505 0.0655555 0.0655555 0.0753505 0.0709596 0.0711025 
HQ015378.1_Ihlea_racovitzai                 0.1685010 0.1073721 0.0643647 0.1685010 0.0978100 0.0978100 0.0687417 0.0000010 0.0772120 0.0635597 0.0466023 0.2104595 0.2471294 0.5176892 0.3006557 0.2635716 0.1514364 0.0959191 0.1052987 0.1029403 0.1242513 0.1100638 0.1050393 0.1053381 0.0635597 0.0698166 0.0698166 0.0681936 0.0685039 0.0740750 0.0740750 0.0590259 0.0590259 0.0732020 0.0728192 0.0728192 0.0734491 0.0734491 0.0772442 0.0687417 0.0736487 0.0738666 0.0722332 0.0823290 0.1007858 0.1015356 0.0995905 0.1045644 0.0978100 0.0978100 0.0860191 0.0000000 0.0679041 0.0679041 0.0669329 0.0679921 0.0726960 0.0667556 0.0668731 0.0736487 0.0772442 0.0603446 0.0761854 0.0703970 0.0703970 0.0761854 0.0667556 0.0742069 
KR057223.1_Brooksia_lacromae                0.1373026 0.0847802 0.0338099 0.1373026 0.0820050 0.0820050 0.0209653 0.0676946 0.0198969 0.0132057 0.0621528 0.1997922 0.1951786 0.4385562 0.2838874 0.2209114 0.1183348 0.0899744 0.0901922 0.0947548 0.0934970 0.0927215 0.0924017 0.0904306 0.0132057 0.0326236 0.0326236 0.0327110 0.0483522 0.0132099 0.0132099 0.0171473 0.0171473 0.0224818 0.0093881 0.0093881 0.0172425 0.0172425 0.0199065 0.0209653 0.0182307 0.0210378 0.0223269 0.0582376 0.0933995 0.0832087 0.0831083 0.0856847 0.0820050 0.0820050 0.0752987 0.0679041 0.0000000 0.0000010 0.0132421 0.0326236 0.0621874 0.0083249 0.0083381 0.0182307 0.0199065 0.0300936 0.0145243 0.0144478 0.0144478 0.0145243 0.0083249 0.0132308 
KR057222.1_Brooksia_lacromae                0.1373026 0.0847802 0.0338099 0.1373026 0.0820050 0.0820050 0.0209653 0.0676946 0.0198969 0.0132057 0.0621528 0.1997922 0.1951786 0.4385562 0.2838874 0.2209114 0.1183348 0.0899744 0.0901922 0.0947548 0.0934970 0.0927215 0.0924017 0.0904306 0.0132057 0.0326236 0.0326236 0.0327110 0.0483522 0.0132099 0.0132099 0.0171473 0.0171473 0.0224818 0.0093881 0.0093881 0.0172425 0.0172425 0.0199065 0.0209653 0.0182307 0.0210378 0.0223269 0.0582376 0.0933995 0.0832087 0.0831083 0.0856847 0.0820050 0.0820050 0.0752987 0.0679041 0.0000010 0.0000000 0.0132421 0.0326236 0.0621874 0.0083249 0.0083381 0.0182307 0.0199065 0.0300936 0.0145243 0.0144478 0.0144478 0.0145243 0.0083249 0.0132308 
MZ333593.1_Salpa_younti                     0.1446543 0.0869996 0.0445839 0.1446543 0.0798203 0.0798203 0.0222419 0.0667287 0.0293813 0.0022925 0.0676060 0.2011258 0.1962496 0.4456083 0.2802132 0.2206186 0.1179881 0.0884784 0.0904639 0.0932379 0.0919965 0.0849541 0.0873740 0.0889310 0.0022925 0.0448479 0.0448479 0.0449722 0.0587389 0.0157672 0.0157672 0.0069924 0.0069924 0.0118792 0.0209027 0.0209027 0.0265686 0.0265686 0.0293950 0.0222419 0.0169724 0.0223187 0.0236132 0.0674316 0.0983458 0.0839109 0.0838090 0.0864058 0.0798203 0.0798203 0.0765301 0.0669329 0.0132421 0.0132421 0.0000000 0.0448479 0.0687523 0.0145129 0.0145359 0.0169724 0.0293950 0.0319508 0.0171142 0.0156827 0.0156827 0.0171142 0.0145129 0.0157922 
