80
AB013011.1_Pyrosoma_atlanticum              0.0000000 0.1537987 0.0752926 0.1404015 0.1563714 0.0070594 0.0064257 0.1113106 0.1474970 0.0983792 0.1113759 0.1536155 0.2320462 0.2287498 0.4224401 0.2571313 0.2832287 0.1411900 0.0762444 0.0681608 0.0694666 0.1041683 0.0592703 0.0662429 0.0685359 0.1198712 0.1386591 0.1320265 0.1304528 0.1471573 0.1064115 0.1071334 0.1139208 0.1134644 0.1191536 0.1139983 0.1191686 0.1187695 0.0941988 0.1008800 0.1027501 0.0996036 0.1106314 0.1075489 0.1102811 0.1110078 0.1115529 0.1018170 0.1018282 0.1011244 0.0965988 0.1340169 0.1300044 0.1338104 0.1303840 0.0042285 0.0065596 0.0040812 0.0052017 0.0052689 0.0052879 0.0329224 0.1560275 0.1490862 0.1122615 0.1150674 0.1064639 0.1326930 0.0710006 0.1052120 0.1077180 0.1024226 0.0998046 0.1020003 0.1114153 0.1131499 0.0980476 0.0978239 0.1103872 0.1070723 
AB013012.1_Doliolum_nationalis              0.1537987 0.0000000 0.1403805 0.1998734 0.0000010 0.1409722 0.1514373 0.1709653 0.1917648 0.1649299 0.1730553 0.2073766 0.2561660 0.2943530 0.4590692 0.2833697 0.3345314 0.2169408 0.1529414 0.1439250 0.1430314 0.1534170 0.1453768 0.1488817 0.1376634 0.1704988 0.1862270 0.1790999 0.1829253 0.1953809 0.1763424 0.1783041 0.1776061 0.1756108 0.1720166 0.1856198 0.1851066 0.1844506 0.1520496 0.1743795 0.1695401 0.1715430 0.1695713 0.1617031 0.1701937 0.1701842 0.1634642 0.1680451 0.1724939 0.1682906 0.1636689 0.1883870 0.1847886 0.1868960 0.1877164 0.1533032 0.1579805 0.1488390 0.1475941 0.1491770 0.1499119 0.1390356 0.2017727 0.0000010 0.1779986 0.1829365 0.1705037 0.1875734 0.1435255 0.1751582 0.1752300 0.1655764 0.1691652 0.1433935 0.1800425 0.1696087 0.1780703 0.1768576 0.1795992 0.1749364 
AB013017.1_Ciona_intestinalis               0.0752926 0.1403805 0.0000000 0.1477099 0.1401594 0.0638248 0.0725217 0.1133400 0.1446662 0.1213867 0.1208909 0.1567170 0.1873064 0.2163851 0.4205050 0.2396842 0.2792442 0.1245577 0.0630069 0.0574671 0.0594551 0.0753981 0.0338790 0.0525840 0.0538355 0.1205183 0.1465547 0.1398163 0.1400990 0.1528615 0.1221662 0.1230646 0.1186481 0.1193554 0.1177815 0.1229400 0.1293939 0.1289564 0.1114723 0.1168642 0.1142694 0.1181286 0.1138457 0.1129494 0.1134269 0.1141853 0.1115126 0.1110673 0.1181977 0.1138315 0.1061229 0.1234202 0.1341603 0.1371297 0.1354885 0.0691879 0.0743188 0.0705262 0.0711417 0.0722442 0.0716387 0.0654888 0.1541931 0.1356648 0.1241776 0.1264416 0.1095619 0.1412123 0.0796914 0.1081790 0.1085828 0.0996887 0.1069093 0.0947169 0.1151591 0.1032691 0.1027513 0.1025158 0.1141484 0.1087645 
D14366.1_Thalia_democratica                 0.1404015 0.1998734 0.1477099 0.0000000 0.1997126 0.1270248 0.1341964 0.0802902 0.1237459 0.0655730 0.0771853 0.1188415 0.2739996 0.2931441 0.4801677 0.3484728 0.3084118 0.2043293 0.1445686 0.1400013 0.1566988 0.1738172 0.1375304 0.1510547 0.1494260 0.0771853 0.0073146 0.0073146 0.0054888 0.0436025 0.0720204 0.0712308 0.0782720 0.0782720 0.0792093 0.0810323 0.0759613 0.0759613 0.0614996 0.0701859 0.0701859 0.0753703 0.0805966 0.0764276 0.0802426 0.0802426 0.0802426 0.0748045 0.0773457 0.0773457 0.1076028 0.1427462 0.1358125 0.1378969 0.1316798 0.1326080 0.1327094 0.1327094 0.1326829 0.1328028 0.1326829 0.1266879 0.1239513 0.1860409 0.0683259 0.0683259 0.0736698 0.0054683 0.1060352 0.0628376 0.0619796 0.0699715 0.0663155 0.0718458 0.0731156 0.0739070 0.0742967 0.0741516 0.0721930 0.0639217 
FM244861.1_Doliolum_denticulatum            0.1563714 0.0000010 0.1401594 0.1997126 0.0000000 0.1408671 0.1513311 0.1696251 0.1923000 0.1654249 0.1734393 0.2074077 0.2590463 0.2929736 0.4567638 0.2859314 0.3376846 0.2170197 0.1528338 0.1438258 0.1453462 0.1559930 0.1453768 0.1489087 0.1384854 0.1734393 0.1877116 0.1805314 0.1844014 0.1969656 0.1777317 0.1797315 0.1776353 0.1770177 0.1749776 0.1871329 0.1851360 0.1848025 0.1532504 0.1753314 0.1724299 0.1727426 0.1706354 0.1615808 0.1702227 0.1702134 0.1662566 0.1693767 0.1738808 0.1696123 0.1649382 0.1916410 0.1862381 0.1883640 0.1890323 0.1531906 0.1578659 0.1499792 0.1487091 0.1503221 0.1499391 0.1390615 0.2034140 0.0000010 0.1803423 0.1842376 0.1705037 0.1874283 0.1435255 0.1751582 0.1752300 0.1655764 0.1691652 0.1433935 0.1800425 0.1696087 0.1780703 0.1768576 0.1795992 0.1749364 
FM244862.1_Pyrosoma_godeauxi                0.0070594 0.1409722 0.0638248 0.1270248 0.1408671 0.0000000 0.0050879 0.0998713 0.1274414 0.1018558 0.1044479 0.1306861 0.2099920 0.2143776 0.4120178 0.2403965 0.2524599 0.1267402 0.0561443 0.0487951 0.0576611 0.0887677 0.0547901 0.0511493 0.0548771 0.1044479 0.1270245 0.1270245 0.1241956 0.1375764 0.1025764 0.1016011 0.1057698 0.1057698 0.1069440 0.1057596 0.1128094 0.1128094 0.0991345 0.0991345 0.0991345 0.0976587 0.1036677 0.1006380 0.1036677 0.1036677 0.1036677 0.0966126 0.0963699 0.0981799 0.0778328 0.1133628 0.1131328 0.1175045 0.1115613 0.0000010 0.0000010 0.0025222 0.0037926 0.0037926 0.0037926 0.0220800 0.1276679 0.1369693 0.1106656 0.1106656 0.0889803 0.1200836 0.0477950 0.0878914 0.0907025 0.0878522 0.0901192 0.0803979 0.0956428 0.0968831 0.0849397 0.0855438 0.0948832 0.0888203 
FM244863.1_Pyrosomella_verticillata         0.0064257 0.1514373 0.0725217 0.1341964 0.1513311 0.0050879 0.0000000 0.1087364 0.1443966 0.0997938 0.1109776 0.1488193 0.2140331 0.2233663 0.4124724 0.2516467 0.2811438 0.1330392 0.0701391 0.0654779 0.0682866 0.0939696 0.0574759 0.0636509 0.0663526 0.1109776 0.1353737 0.1283629 0.1267695 0.1436504 0.1067319 0.1067665 0.1127498 0.1131129 0.1123208 0.1136183 0.1180625 0.1178551 0.0937802 0.1002722 0.0988898 0.0991299 0.1092185 0.1053894 0.1082725 0.1089837 0.1067714 0.1005817 0.1005817 0.1006012 0.0932214 0.1259794 0.1256210 0.1298006 0.1255694 0.0017931 0.0041299 0.0023280 0.0011492 0.0011635 0.0011612 0.0294606 0.1526598 0.1414023 0.1132765 0.1146247 0.1059441 0.1266370 0.0662281 0.1030779 0.1055502 0.1007819 0.0993313 0.0984057 0.1108724 0.1114093 0.0975801 0.0973589 0.1098494 0.1048812 
FM244864.1_Cyclosalpa_quadriluminis         0.1113106 0.1709653 0.1133400 0.0802902 0.1696251 0.0998713 0.1087364 0.0000000 0.1085849 0.0364859 0.0367405 0.1053001 0.2565175 0.2703238 0.4593995 0.2843618 0.3085140 0.1823300 0.1208820 0.1158530 0.1259166 0.1367788 0.1217575 0.1247454 0.1159488 0.0380641 0.0787716 0.0730136 0.0729272 0.0745236 0.0298674 0.0302479 0.0347043 0.0347966 0.0360335 0.0399490 0.0375117 0.0375742 0.0336574 0.0381998 0.0387313 0.0389505 0.0000010 0.0000010 0.0000010 0.0000010 0.0011578 0.0090189 0.0096500 0.0094773 0.0750559 0.1206348 0.0959642 0.0945232 0.0984274 0.1095312 0.1116186 0.1081505 0.1065307 0.1083899 0.1080529 0.0976185 0.1162584 0.1626926 0.0376893 0.0370270 0.0359476 0.0722925 0.0889400 0.0316110 0.0299989 0.0095997 0.0435528 0.0166638 0.0310791 0.0000010 0.0179117 0.0178858 0.0302363 0.0320660 
FM244865.1_Ihlea_racovitzai                 0.1474970 0.1917648 0.1446662 0.1237459 0.1923000 0.1274414 0.1443966 0.1085849 0.0000000 0.1024372 0.1017663 0.0787165 0.2654769 0.2854950 0.4875682 0.2959911 0.3052388 0.2092961 0.1395266 0.1398931 0.1462218 0.1631916 0.1426142 0.1438556 0.1359018 0.1017663 0.1238305 0.1174318 0.1158145 0.1156888 0.1089571 0.1095791 0.1010195 0.1010911 0.0998514 0.1093261 0.1100893 0.1097267 0.0954300 0.1125296 0.1102446 0.1105287 0.1094143 0.0992023 0.1087336 0.1094461 0.1062961 0.1089315 0.1095402 0.1070571 0.1111735 0.1472865 0.1388906 0.1356110 0.1461555 0.1454199 0.1507667 0.1436058 0.1413190 0.1439371 0.1439371 0.1261533 0.0034735 0.1891450 0.1084728 0.1104638 0.1049997 0.1171788 0.1169262 0.1128717 0.1129049 0.1129449 0.1160285 0.1009346 0.1205412 0.1138995 0.1118681 0.1117232 0.1196443 0.1107622 
FM244866.1_Iasis_cylindrica                 0.0983792 0.1649299 0.1213867 0.0655730 0.1654249 0.1018558 0.0997938 0.0364859 0.1024372 0.0000000 0.0314287 0.0919491 0.2587434 0.2649269 0.4612596 0.2636722 0.2791428 0.1753893 0.1231578 0.1151418 0.1247197 0.1403849 0.1259841 0.1204516 0.1164905 0.0314287 0.0557877 0.0557877 0.0558779 0.0604642 0.0292346 0.0285209 0.0323183 0.0322461 0.0330158 0.0365876 0.0336862 0.0335200 0.0012678 0.0012678 0.0012678 0.0064221 0.0358167 0.0363848 0.0359166 0.0360548 0.0358167 0.0320877 0.0337649 0.0352017 0.0647909 0.1241923 0.0894915 0.0903975 0.0859351 0.0996245 0.0992951 0.0969658 0.0969470 0.0969470 0.0972678 0.0986432 0.1026100 0.1691075 0.0269814 0.0269814 0.0319475 0.0569441 0.0825545 0.0296726 0.0278747 0.0349558 0.0052670 0.0458959 0.0318084 0.0370156 0.0316976 0.0318988 0.0309643 0.0299516 
FM244867.1_Salpa_thompsoni                  0.1113759 0.1730553 0.1208909 0.0771853 0.1734393 0.1044479 0.1109776 0.0367405 0.1017663 0.0314287 0.0000000 0.0988549 0.2483008 0.2652777 0.4511404 0.2802624 0.3011622 0.1844410 0.1286811 0.1267542 0.1321897 0.1433301 0.1167607 0.1297280 0.1221431 0.0005691 0.0749970 0.0693669 0.0692518 0.0757361 0.0256607 0.0253216 0.0082725 0.0082665 0.0092839 0.0113484 0.0311450 0.0310557 0.0288898 0.0360647 0.0360041 0.0389774 0.0370618 0.0333606 0.0369167 0.0371257 0.0367206 0.0313229 0.0363173 0.0369322 0.0826113 0.1256059 0.1027357 0.1025120 0.1027718 0.1108193 0.1159717 0.1098696 0.1082303 0.1101117 0.1102874 0.1073716 0.1088762 0.1706094 0.0236181 0.0233725 0.0047423 0.0700812 0.0979570 0.0230592 0.0265965 0.0329540 0.0453581 0.0394991 0.0274847 0.0386124 0.0311192 0.0328956 0.0284401 0.0215983 
HQ015377.1_Salpidae_gen._nov._sp._nov._A    0.1536155 0.2073766 0.1567170 0.1188415 0.2074077 0.1306861 0.1488193 0.1053001 0.0787165 0.0919491 0.0988549 0.0000000 0.2721999 0.2678386 0.5237522 0.3144702 0.3139525 0.2085459 0.1503560 0.1451036 0.1617217 0.1790967 0.1568288 0.1514588 0.1553816 0.0988549 0.1131447 0.1133405 0.1135713 0.1078964 0.1025656 0.1016138 0.1029786 0.1033020 0.1038583 0.1078460 0.1034061 0.1034061 0.0849810 0.0993297 0.0990909 0.0974128 0.1055059 0.0971936 0.1045296 0.1047836 0.1043509 0.1061976 0.1082447 0.1086186 0.0995319 0.1462090 0.1302292 0.1298724 0.1324993 0.1462640 0.1462538 0.1464601 0.1456482 0.1468117 0.1463111 0.1281830 0.0788341 0.1897600 0.0993008 0.0993008 0.0986105 0.1134555 0.1217386 0.1057287 0.1062553 0.1113606 0.1001742 0.1032416 0.1103772 0.1103789 0.1120640 0.1119916 0.1095563 0.1048105 
L12426.2_Molgula_manhattensis               0.2320462 0.2561660 0.1873064 0.2739996 0.2590463 0.2099920 0.2140331 0.2565175 0.2654769 0.2587434 0.2483008 0.2721999 0.0000000 0.2731672 0.5239884 0.2827168 0.3379552 0.1394316 0.1858222 0.1793244 0.1694626 0.1838024 0.1545520 0.1872388 0.1770072 0.2395195 0.2782486 0.2714271 0.2695165 0.2831585 0.2592486 0.2676988 0.2539183 0.2537084 0.2462017 0.2560098 0.2661509 0.2662785 0.2391183 0.2568782 0.2481598 0.2575683 0.2604455 0.2557086 0.2574137 0.2582916 0.2479311 0.2545486 0.2559389 0.2482236 0.1994581 0.2231241 0.2594397 0.2653723 0.2550781 0.2158154 0.2208960 0.2109812 0.2073583 0.2114918 0.2141580 0.1929229 0.2790737 0.2527297 0.2521157 0.2599500 0.2374279 0.2763740 0.1757541 0.2525762 0.2510605 0.2435640 0.2400114 0.2094669 0.2512165 0.2467717 0.2562675 0.2533328 0.2505376 0.2457795 
M91181.1_Echinorhinus_cookei                0.2287498 0.2943530 0.2163851 0.2931441 0.2929736 0.2143776 0.2233663 0.2703238 0.2854950 0.2649269 0.2652777 0.2678386 0.2731672 0.0000000 0.3326079 0.1964443 0.3664633 0.2289284 0.2126652 0.2140683 0.2163491 0.2196495 0.1847079 0.1986829 0.2159459 0.2657900 0.2923601 0.2830102 0.2823378 0.2857134 0.2629740 0.2668678 0.2690321 0.2706515 0.2665758 0.2826609 0.2745540 0.2734903 0.2536728 0.2693971 0.2633091 0.2676511 0.2698971 0.2673468 0.2679886 0.2677697 0.2634361 0.2627449 0.2755070 0.2695850 0.2318987 0.2624091 0.2807311 0.2805324 0.2886303 0.2249739 0.2316176 0.2231853 0.2223318 0.2237517 0.2203448 0.2089188 0.3052541 0.2889764 0.2588474 0.2664942 0.2197497 0.2863704 0.1769976 0.2215613 0.2247604 0.2222077 0.2246149 0.2069691 0.2276154 0.2352254 0.2319535 0.2297161 0.2264565 0.2247601 
M97574.1_Myxine_glutinosa                   0.4224401 0.4590692 0.4205050 0.4801677 0.4567638 0.4120178 0.4124724 0.4593995 0.4875682 0.4612596 0.4511404 0.5237522 0.5239884 0.3326079 0.0000000 0.4295870 0.7727299 0.4224457 0.4162202 0.4106906 0.4149782 0.4266736 0.4504917 0.4251843 0.4230914 0.4467157 0.4679783 0.4579199 0.4510153 0.4689771 0.4493002 0.4632975 0.4602716 0.4550078 0.4522782 0.4711126 0.4590461 0.4568880 0.4314599 0.4564105 0.4505916 0.4700278 0.4544754 0.4525227 0.4576032 0.4561054 0.4487815 0.4349615 0.4381198 0.4368243 0.4136924 0.4634189 0.4859589 0.4906997 0.5014908 0.4183884 0.4303661 0.4039767 0.4016525 0.4052072 0.4097371 0.3837266 0.5081358 0.4589225 0.4470093 0.4570246 0.4699623 0.4714529 0.4198118 0.4765604 0.4790516 0.4670137 0.4982453 0.4241147 0.4762617 0.4916424 0.4770092 0.4793098 0.4791274 0.4817682 
M97571.1_Branchiostoma_floridae             0.2571313 0.2833697 0.2396842 0.3484728 0.2859314 0.2403965 0.2516467 0.2843618 0.2959911 0.2636722 0.2802624 0.3144702 0.2827168 0.1964443 0.4295870 0.0000000 0.3613792 0.2530307 0.2237734 0.2281971 0.2189431 0.2302142 0.2203260 0.2310040 0.2180248 0.2755057 0.3246511 0.3171397 0.3185596 0.2979236 0.2817423 0.2887587 0.2900595 0.2862440 0.2825236 0.2994477 0.3084954 0.3072461 0.2431668 0.2761839 0.2688111 0.2780097 0.2816739 0.2743377 0.2834035 0.2845150 0.2755490 0.2703556 0.2822238 0.2773649 0.2419740 0.2939570 0.2875769 0.2943727 0.2934681 0.2557360 0.2610336 0.2458256 0.2423924 0.2464573 0.2510130 0.2310811 0.3051467 0.2753725 0.2923477 0.2978636 0.2816417 0.3318850 0.2375819 0.2886386 0.2861959 0.2753744 0.2856055 0.2880095 0.2939276 0.2825066 0.2940017 0.2942157 0.2926578 0.2906686 
AB013014.1_Oikopleura_dioica                0.2832287 0.3345314 0.2792442 0.3084118 0.3376846 0.2524599 0.2811438 0.3085140 0.3052388 0.2791428 0.3011622 0.3139525 0.3379552 0.3664633 0.7727299 0.3613792 0.0000000 0.2988010 0.2664630 0.2712098 0.2624099 0.2764330 0.2432725 0.2627907 0.2532981 0.2999710 0.2963869 0.2863780 0.2911393 0.2982429 0.2926015 0.2935335 0.3139980 0.3106231 0.3083214 0.3164301 0.3150993 0.3138242 0.2686939 0.3050764 0.2991232 0.3024778 0.3037257 0.2922628 0.3059306 0.3084733 0.2981320 0.2974376 0.2985496 0.2943802 0.2661817 0.2910814 0.3237294 0.3238737 0.3250198 0.2843162 0.2910978 0.2771044 0.2733692 0.2778446 0.2811375 0.2601842 0.3166913 0.3233455 0.3077467 0.3120469 0.2799566 0.2991548 0.2276787 0.2764207 0.2810510 0.2779322 0.2769517 0.2563438 0.2859136 0.2844228 0.2870685 0.2859916 0.2846657 0.2827080 
AY903925.1_Halocynthia_igaboja              0.1411900 0.2169408 0.1245577 0.2043293 0.2170197 0.1267402 0.1330392 0.1823300 0.2092961 0.1753893 0.1844410 0.2085459 0.1394316 0.2289284 0.4224457 0.2530307 0.2988010 0.0000000 0.1172401 0.1155366 0.1063698 0.1334302 0.0876370 0.1163094 0.1096505 0.1827313 0.2094005 0.2030662 0.2008459 0.2052281 0.1762595 0.1791908 0.1849128 0.1850126 0.1830455 0.1828790 0.1882652 0.1875833 0.1641999 0.1777371 0.1741292 0.1792440 0.1821831 0.1814570 0.1812179 0.1825657 0.1791734 0.1745919 0.1823318 0.1788322 0.1510607 0.1819582 0.1915250 0.1976974 0.1925069 0.1369403 0.1397081 0.1336819 0.1297986 0.1320800 0.1325069 0.1239309 0.2192111 0.2099868 0.1836136 0.1860618 0.1566531 0.2052628 0.1260236 0.1559465 0.1563577 0.1517491 0.1541912 0.1535557 0.1531143 0.1590099 0.1595827 0.1591259 0.1520089 0.1590025 
FM244840.1_Clavelina_meridionalis           0.0762444 0.1529414 0.0630069 0.1445686 0.1528338 0.0561443 0.0701391 0.1208820 0.1395266 0.1231578 0.1286811 0.1503560 0.1858222 0.2126652 0.4162202 0.2237734 0.2664630 0.1172401 0.0000000 0.0164432 0.0514571 0.0742400 0.0449412 0.0445163 0.0442539 0.1286811 0.1487724 0.1406903 0.1391362 0.1421399 0.1276306 0.1248646 0.1265125 0.1269326 0.1288805 0.1280978 0.1332533 0.1335555 0.1125116 0.1228399 0.1239567 0.1198909 0.1195633 0.1148244 0.1195583 0.1198623 0.1208006 0.1142089 0.1181440 0.1181657 0.0931955 0.1116479 0.1252950 0.1297716 0.1267495 0.0673172 0.0715266 0.0686206 0.0692650 0.0703512 0.0701527 0.0553706 0.1443538 0.1436905 0.1348893 0.1335360 0.1214528 0.1375179 0.0734929 0.1229143 0.1233885 0.1121424 0.1218049 0.1080996 0.1247298 0.1195609 0.1188644 0.1185712 0.1236843 0.1237507 
FM244841.1_Pycnoclavella_aff._detorta       0.0681608 0.1439250 0.0574671 0.1400013 0.1438258 0.0487951 0.0654779 0.1158530 0.1398931 0.1151418 0.1267542 0.1451036 0.1793244 0.2140683 0.4106906 0.2281971 0.2712098 0.1155366 0.0164432 0.0000000 0.0454895 0.0651057 0.0424179 0.0423782 0.0385872 0.1267542 0.1451249 0.1380174 0.1364549 0.1393399 0.1230073 0.1232615 0.1276421 0.1280642 0.1269482 0.1274221 0.1269967 0.1272811 0.1062761 0.1164125 0.1146638 0.1159718 0.1205188 0.1136992 0.1193584 0.1196593 0.1176425 0.1131321 0.1162118 0.1133365 0.0885676 0.1090005 0.1248024 0.1289688 0.1281732 0.0610995 0.0644845 0.0630540 0.0637541 0.0647440 0.0645629 0.0496797 0.1478680 0.1363684 0.1283966 0.1300696 0.1217087 0.1331223 0.0697123 0.1230879 0.1220341 0.1134592 0.1179465 0.1113809 0.1260960 0.1221886 0.1202130 0.1199151 0.1250488 0.1239283 
AB075543.1_Megalodicopia_hians              0.0694666 0.1430314 0.0594551 0.1566988 0.1453462 0.0576611 0.0682866 0.1259166 0.1462218 0.1247197 0.1321897 0.1617217 0.1694626 0.2163491 0.4149782 0.2189431 0.2624099 0.1063698 0.0514571 0.0454895 0.0000000 0.0672387 0.0288261 0.0409515 0.0151522 0.1283904 0.1540666 0.1482636 0.1476975 0.1573053 0.1279805 0.1313508 0.1325536 0.1315937 0.1283711 0.1338309 0.1432776 0.1427930 0.1145474 0.1267604 0.1223407 0.1293811 0.1243041 0.1217128 0.1249365 0.1257803 0.1209087 0.1193102 0.1215308 0.1185617 0.1007619 0.1258042 0.1299473 0.1351503 0.1311746 0.0650687 0.0691244 0.0647011 0.0653567 0.0663319 0.0673947 0.0564612 0.1536888 0.1404466 0.1363043 0.1398139 0.1227292 0.1524128 0.0790128 0.1225481 0.1217770 0.1118801 0.1248611 0.1044445 0.1227977 0.1161594 0.1196782 0.1193832 0.1217586 0.1247632 
L12378.2_Ascidia_ceratodes                  0.1041683 0.1534170 0.0753981 0.1738172 0.1559930 0.0887677 0.0939696 0.1367788 0.1631916 0.1403849 0.1433301 0.1790967 0.1838024 0.2196495 0.4266736 0.2302142 0.2764330 0.1334302 0.0742400 0.0651057 0.0672387 0.0000000 0.0477641 0.0559976 0.0631380 0.1391897 0.1682194 0.1623057 0.1599653 0.1799446 0.1359764 0.1396537 0.1451984 0.1441018 0.1414350 0.1412693 0.1432473 0.1427502 0.1276715 0.1315306 0.1289334 0.1347442 0.1350733 0.1364422 0.1358420 0.1367739 0.1315166 0.1295854 0.1309373 0.1276835 0.1138212 0.1362920 0.1500502 0.1530540 0.1519967 0.0921544 0.0963843 0.0898187 0.0902268 0.0916582 0.0932076 0.0704364 0.1714263 0.1511629 0.1357180 0.1392921 0.1126557 0.1651592 0.0867344 0.1114344 0.1115776 0.1118700 0.1107399 0.1021300 0.1205470 0.1185523 0.1104267 0.1101662 0.1195183 0.1134020 
AJ250778.1_Ciona_intestinalis               0.0592703 0.1453768 0.0338790 0.1375304 0.1453768 0.0547901 0.0574759 0.1217575 0.1426142 0.1259841 0.1167607 0.1568288 0.1545520 0.1847079 0.4504917 0.2203260 0.2432725 0.0876370 0.0449412 0.0424179 0.0288261 0.0477641 0.0000000 0.0311834 0.0288584 0.1167607 0.1415062 0.1415062 0.1400976 0.1654042 0.1224867 0.1208287 0.1176019 0.1176019 0.1176019 0.1114692 0.1321935 0.1321935 0.1223554 0.1223554 0.1223554 0.1237357 0.1217575 0.1217575 0.1217575 0.1217575 0.1217575 0.1137614 0.1220674 0.1189611 0.0914921 0.1229122 0.1447170 0.1461538 0.1433076 0.0547901 0.0547901 0.0547901 0.0573620 0.0573620 0.0573620 0.0590845 0.1430289 0.1453768 0.1294934 0.1294934 0.1134807 0.1397033 0.0784152 0.1200353 0.1237688 0.1137614 0.1254377 0.1049396 0.1243525 0.1199244 0.1186165 0.1186165 0.1243525 0.1198505 
AB104873.1_Perophora_sagamiensis            0.0662429 0.1488817 0.0525840 0.1510547 0.1489087 0.0511493 0.0636509 0.1247454 0.1438556 0.1204516 0.1297280 0.1514588 0.1872388 0.1986829 0.4251843 0.2310040 0.2627907 0.1163094 0.0445163 0.0423782 0.0409515 0.0559976 0.0311834 0.0000000 0.0361648 0.1297280 0.1510945 0.1463795 0.1448588 0.1599022 0.1270825 0.1263840 0.1309599 0.1313989 0.1312447 0.1304082 0.1371943 0.1371943 0.1117549 0.1205556 0.1196397 0.1238638 0.1241932 0.1188870 0.1241582 0.1244725 0.1233036 0.1182867 0.1197038 0.1176530 0.0940218 0.1245989 0.1383207 0.1402014 0.1380885 0.0592084 0.0643007 0.0607873 0.0617699 0.0624414 0.0622694 0.0509401 0.1498597 0.1404618 0.1315264 0.1322152 0.1155596 0.1450403 0.0783771 0.1213081 0.1217742 0.1128544 0.1187588 0.1123599 0.1220363 0.1209261 0.1183497 0.1180593 0.1209942 0.1234968 
AF165821.2_Chelyosoma_siboja                0.0685359 0.1376634 0.0538355 0.1494260 0.1384854 0.0548771 0.0663526 0.1159488 0.1359018 0.1164905 0.1221431 0.1553816 0.1770072 0.2159459 0.4230914 0.2180248 0.2532981 0.1096505 0.0442539 0.0385872 0.0151522 0.0631380 0.0288584 0.0361648 0.0000000 0.1219106 0.1492274 0.1434460 0.1439669 0.1485327 0.1183668 0.1191753 0.1229993 0.1221155 0.1205808 0.1232333 0.1307084 0.1302677 0.1061997 0.1180862 0.1153452 0.1206681 0.1147819 0.1122863 0.1155313 0.1163069 0.1132235 0.1114458 0.1095731 0.1069334 0.0931270 0.1205978 0.1246388 0.1321054 0.1257430 0.0645772 0.0679632 0.0644468 0.0651099 0.0660887 0.0654455 0.0524169 0.1431252 0.1346299 0.1251752 0.1273694 0.1160382 0.1459526 0.0770098 0.1159874 0.1153569 0.1054265 0.1204915 0.0981483 0.1161607 0.1109054 0.1130637 0.1127913 0.1151294 0.1180635 
HQ015406.1_Salpa_thompsoni                  0.1198712 0.1704988 0.1205183 0.0771853 0.1734393 0.1044479 0.1109776 0.0380641 0.1017663 0.0314287 0.0005691 0.0988549 0.2395195 0.2657900 0.4467157 0.2755057 0.2999710 0.1827313 0.1286811 0.1267542 0.1283904 0.1391897 0.1167607 0.1297280 0.1219106 0.0000000 0.0738492 0.0690316 0.0681833 0.0751522 0.0253066 0.0258348 0.0082725 0.0082271 0.0091501 0.0112937 0.0311450 0.0310557 0.0286602 0.0360375 0.0361619 0.0389065 0.0370150 0.0333606 0.0369167 0.0371257 0.0362121 0.0308576 0.0360313 0.0372600 0.0821410 0.1225081 0.1015994 0.1027390 0.1025501 0.1108193 0.1159717 0.1079945 0.1064101 0.1082286 0.1102874 0.1073716 0.1080537 0.1706094 0.0228849 0.0233317 0.0047423 0.0700812 0.0979570 0.0230592 0.0265965 0.0329540 0.0453581 0.0394991 0.0274847 0.0386124 0.0311192 0.0328956 0.0284401 0.0215983 
HQ015415.1_Thalia_democratica               0.1386591 0.1862270 0.1465547 0.0073146 0.1877116 0.1270245 0.1353737 0.0787716 0.1238305 0.0557877 0.0749970 0.1131447 0.2782486 0.2923601 0.4679783 0.3246511 0.2963869 0.2094005 0.1487724 0.1451249 0.1540666 0.1682194 0.1415062 0.1510945 0.1492274 0.0738492 0.0000000 0.0005730 0.0017342 0.0412464 0.0683195 0.0664221 0.0706202 0.0701727 0.0764834 0.0728367 0.0739450 0.0737186 0.0519026 0.0604196 0.0656188 0.0651470 0.0719973 0.0692504 0.0717927 0.0722234 0.0775380 0.0654360 0.0684328 0.0744344 0.0971536 0.1362262 0.1296452 0.1329109 0.1202526 0.1292828 0.1277924 0.1233680 0.1299607 0.1236380 0.1260209 0.1277312 0.1157098 0.1711293 0.0657129 0.0601455 0.0737726 0.0017755 0.1098196 0.0619220 0.0601425 0.0690353 0.0631138 0.0719716 0.0721756 0.0729564 0.0733537 0.0732107 0.0712524 0.0629906 
HQ015414.1_Thalia_democratica               0.1320265 0.1790999 0.1398163 0.0073146 0.1805314 0.1270245 0.1283629 0.0730136 0.1174318 0.0557877 0.0693669 0.1133405 0.2714271 0.2830102 0.4579199 0.3171397 0.2863780 0.2030662 0.1406903 0.1380174 0.1482636 0.1623057 0.1415062 0.1463795 0.1434460 0.0690316 0.0005730 0.0000000 0.0023141 0.0360804 0.0636122 0.0635157 0.0706202 0.0701727 0.0708406 0.0728367 0.0679681 0.0676359 0.0526172 0.0604196 0.0601522 0.0651470 0.0719973 0.0692504 0.0717927 0.0722234 0.0719203 0.0661511 0.0691599 0.0696260 0.0971536 0.1297148 0.1239934 0.1273404 0.1204597 0.1292828 0.1283867 0.1242289 0.1238136 0.1245008 0.1260209 0.1206485 0.1165350 0.1711293 0.0602392 0.0602392 0.0737726 0.0017781 0.1098196 0.0619220 0.0601425 0.0690353 0.0631138 0.0719716 0.0721756 0.0729564 0.0733537 0.0732107 0.0712524 0.0629906 
HQ015413.1_Thalia_democratica               0.1304528 0.1829253 0.1400990 0.0054888 0.1844014 0.1241956 0.1267695 0.0729272 0.1158145 0.0558779 0.0692518 0.1135713 0.2695165 0.2823378 0.4510153 0.3185596 0.2911393 0.2008459 0.1391362 0.1364549 0.1476975 0.1599653 0.1400976 0.1448588 0.1439669 0.0681833 0.0017342 0.0023141 0.0000000 0.0370336 0.0627416 0.0633560 0.0705147 0.0698649 0.0707377 0.0722350 0.0678413 0.0675070 0.0519808 0.0608913 0.0606561 0.0656488 0.0713960 0.0686260 0.0716976 0.0719696 0.0718269 0.0652922 0.0681204 0.0687838 0.0972321 0.1299117 0.1235130 0.1268892 0.1208149 0.1265828 0.1267737 0.1213968 0.1213740 0.1213740 0.1241097 0.1190309 0.1149241 0.1746921 0.0600525 0.0600525 0.0739722 0.0000010 0.1076328 0.0620839 0.0612230 0.0692198 0.0642240 0.0721613 0.0723692 0.0731543 0.0735512 0.0734073 0.0714437 0.0631580 
HQ015412.1_Thalia_orientalis                0.1471573 0.1953809 0.1528615 0.0436025 0.1969656 0.1375764 0.1436504 0.0745236 0.1156888 0.0604642 0.0757361 0.1078964 0.2831585 0.2857134 0.4689771 0.2979236 0.2982429 0.2052281 0.1421399 0.1393399 0.1573053 0.1799446 0.1654042 0.1599022 0.1485327 0.0751522 0.0412464 0.0360804 0.0370336 0.0000000 0.0689712 0.0705906 0.0754771 0.0749900 0.0746143 0.0802596 0.0792937 0.0790485 0.0562309 0.0702282 0.0689427 0.0750040 0.0745264 0.0696984 0.0743113 0.0747639 0.0733917 0.0743809 0.0728312 0.0716250 0.0986404 0.1306635 0.1215556 0.1226221 0.1197452 0.1473236 0.1500392 0.1413159 0.1390750 0.1416410 0.1431818 0.1351926 0.1218193 0.1882717 0.0716891 0.0725738 0.0844637 0.0377177 0.1311680 0.0814345 0.0808369 0.0844645 0.0809483 0.0726433 0.0839622 0.0799409 0.0890997 0.0889092 0.0830011 0.0829176 
HQ015411.1_Ritteriella_retracta             0.1064115 0.1763424 0.1221662 0.0720204 0.1777317 0.1025764 0.1067319 0.0298674 0.1089571 0.0292346 0.0256607 0.1025656 0.2592486 0.2629740 0.4493002 0.2817423 0.2926015 0.1762595 0.1276306 0.1230073 0.1279805 0.1359764 0.1224867 0.1270825 0.1183668 0.0253066 0.0683195 0.0636122 0.0627416 0.0689712 0.0000000 0.0005748 0.0262060 0.0260548 0.0262538 0.0308153 0.0256502 0.0255777 0.0273035 0.0338752 0.0332073 0.0340075 0.0299650 0.0283616 0.0298879 0.0300532 0.0298250 0.0260784 0.0303423 0.0316612 0.0794699 0.1296318 0.1031564 0.1039689 0.1042536 0.1094401 0.1115455 0.1038331 0.1023265 0.1040563 0.1060167 0.0991194 0.1154343 0.1742477 0.0165772 0.0168055 0.0233396 0.0644506 0.0930725 0.0111178 0.0144351 0.0256361 0.0386245 0.0383022 0.0047255 0.0275246 0.0229852 0.0229511 0.0039373 0.0112706 
HQ015410.1_Ritteriella_retracta             0.1071334 0.1783041 0.1230646 0.0712308 0.1797315 0.1016011 0.1067665 0.0302479 0.1095791 0.0285209 0.0253216 0.1016138 0.2676988 0.2668678 0.4632975 0.2887587 0.2935335 0.1791908 0.1248646 0.1232615 0.1313508 0.1396537 0.1208287 0.1263840 0.1191753 0.0258348 0.0664221 0.0635157 0.0633560 0.0705906 0.0005748 0.0000000 0.0255540 0.0254067 0.0259214 0.0301532 0.0251219 0.0250111 0.0273764 0.0332116 0.0329499 0.0333411 0.0299812 0.0283775 0.0299040 0.0300695 0.0295087 0.0263114 0.0310925 0.0321803 0.0786745 0.1307124 0.1047956 0.1045370 0.1033763 0.1084986 0.1106178 0.1049791 0.1041551 0.1052071 0.1051153 0.0989246 0.1138176 0.1731262 0.0161524 0.0161882 0.0224730 0.0636920 0.0919301 0.0103092 0.0136140 0.0247735 0.0377098 0.0371375 0.0039325 0.0275445 0.0230015 0.0229673 0.0031455 0.0104507 
HQ015409.1_Salpa_fusiformis                 0.1139208 0.1776061 0.1186481 0.0782720 0.1776353 0.1057698 0.1127498 0.0347043 0.1010195 0.0323183 0.0082725 0.1029786 0.2539183 0.2690321 0.4602716 0.2900595 0.3139980 0.1849128 0.1265125 0.1276421 0.1325536 0.1451984 0.1176019 0.1309599 0.1229993 0.0082725 0.0706202 0.0706202 0.0705147 0.0754771 0.0262060 0.0255540 0.0000000 0.0000010 0.0005809 0.0089494 0.0321253 0.0320212 0.0297499 0.0362641 0.0362440 0.0391958 0.0344185 0.0312648 0.0341696 0.0343613 0.0341526 0.0327485 0.0364562 0.0376939 0.0802473 0.1266631 0.1008390 0.1009095 0.0994855 0.1131521 0.1125837 0.1105631 0.1101909 0.1108082 0.1105354 0.1088717 0.1011779 0.1725485 0.0241990 0.0241990 0.0047453 0.0712176 0.1000555 0.0257357 0.0284587 0.0365906 0.0454957 0.0406968 0.0293607 0.0367703 0.0348075 0.0347519 0.0285190 0.0252095 
HQ015408.1_Salpa_maxima                     0.1134644 0.1756108 0.1193554 0.0782720 0.1770177 0.1057698 0.1131129 0.0347966 0.1010911 0.0322461 0.0082665 0.1033020 0.2537084 0.2706515 0.4550078 0.2862440 0.3106231 0.1850126 0.1269326 0.1280642 0.1315937 0.1441018 0.1176019 0.1313989 0.1221155 0.0082271 0.0701727 0.0701727 0.0698649 0.0749900 0.0260548 0.0254067 0.0000010 0.0000000 0.0005779 0.0088781 0.0322090 0.0320628 0.0294938 0.0361893 0.0360586 0.0390943 0.0342592 0.0312648 0.0342591 0.0343803 0.0339533 0.0325581 0.0361462 0.0374718 0.0797272 0.1258738 0.1001541 0.1002235 0.0991881 0.1131521 0.1129507 0.1094338 0.1094137 0.1096740 0.1106151 0.1092171 0.1004748 0.1725485 0.0241383 0.0241383 0.0047453 0.0714246 0.1000555 0.0257357 0.0284587 0.0365906 0.0454957 0.0406968 0.0293607 0.0367703 0.0348075 0.0347519 0.0285190 0.0252095 
HQ015407.1_Salpa_maxima                     0.1191536 0.1720166 0.1177815 0.0792093 0.1749776 0.1069440 0.1123208 0.0360335 0.0998514 0.0330158 0.0092839 0.1038583 0.2462017 0.2665758 0.4522782 0.2825236 0.3083214 0.1830455 0.1288805 0.1269482 0.1283711 0.1414350 0.1176019 0.1312447 0.1205808 0.0091501 0.0764834 0.0708406 0.0707377 0.0746143 0.0262538 0.0259214 0.0005809 0.0005779 0.0000000 0.0094907 0.0325439 0.0324502 0.0302068 0.0368356 0.0369360 0.0397246 0.0349755 0.0319931 0.0348839 0.0350799 0.0335857 0.0331752 0.0368669 0.0374706 0.0804093 0.1220674 0.0993743 0.0991601 0.0997374 0.1143045 0.1173835 0.1105217 0.1088737 0.1107649 0.1116373 0.1086775 0.1062935 0.1739996 0.0242376 0.0247140 0.0047453 0.0719934 0.1000555 0.0257357 0.0284587 0.0365906 0.0454957 0.0406968 0.0293607 0.0367703 0.0348075 0.0347519 0.0285190 0.0252095 
HQ015405.1_Salpa_aspera                     0.1139983 0.1856198 0.1229400 0.0810323 0.1871329 0.1057596 0.1136183 0.0399490 0.1093261 0.0365876 0.0113484 0.1078460 0.2560098 0.2826609 0.4711126 0.2994477 0.3164301 0.1828790 0.1280978 0.1274221 0.1338309 0.1412693 0.1114692 0.1304082 0.1232333 0.0112937 0.0728367 0.0728367 0.0722350 0.0802596 0.0308153 0.0301532 0.0089494 0.0088781 0.0094907 0.0000000 0.0338214 0.0336663 0.0335364 0.0403855 0.0402382 0.0433240 0.0391682 0.0362685 0.0393222 0.0394632 0.0389657 0.0348041 0.0384144 0.0397560 0.0854037 0.1262466 0.1050167 0.1050915 0.1040637 0.1131449 0.1134905 0.1099394 0.1098917 0.1098917 0.1111042 0.1106094 0.1086482 0.1818460 0.0288624 0.0288624 0.0095838 0.0741736 0.1016784 0.0310279 0.0338210 0.0385251 0.0500936 0.0444717 0.0347423 0.0424492 0.0385150 0.0384523 0.0338921 0.0305617 
HQ015404.1_Brooksia_rostrata                0.1191686 0.1851066 0.1293939 0.0759613 0.1851360 0.1128094 0.1180625 0.0375117 0.1100893 0.0336862 0.0311450 0.1034061 0.2661509 0.2745540 0.4590461 0.3084954 0.3150993 0.1882652 0.1332533 0.1269967 0.1432776 0.1432473 0.1321935 0.1371943 0.1307084 0.0311450 0.0739450 0.0679681 0.0678413 0.0792937 0.0256502 0.0251219 0.0321253 0.0322090 0.0325439 0.0338214 0.0000000 0.0000010 0.0317367 0.0381679 0.0378096 0.0425425 0.0376614 0.0345618 0.0373702 0.0374756 0.0370414 0.0358789 0.0395817 0.0404513 0.0856689 0.1328032 0.1125201 0.1133999 0.1140024 0.1194493 0.1224504 0.1170782 0.1153871 0.1173390 0.1169708 0.1076371 0.1167421 0.1818038 0.0148543 0.0149564 0.0278472 0.0681586 0.1041251 0.0195061 0.0221220 0.0364345 0.0435720 0.0482872 0.0229519 0.0375629 0.0300859 0.0300394 0.0221297 0.0189167 
HQ015403.1_Brooksia_rostrata                0.1187695 0.1844506 0.1289564 0.0759613 0.1848025 0.1128094 0.1178551 0.0375742 0.1097267 0.0335200 0.0310557 0.1034061 0.2662785 0.2734903 0.4568880 0.3072461 0.3138242 0.1875833 0.1335555 0.1272811 0.1427930 0.1427502 0.1321935 0.1371943 0.1302677 0.0310557 0.0737186 0.0676359 0.0675070 0.0790485 0.0255777 0.0250111 0.0320212 0.0320628 0.0324502 0.0336663 0.0000010 0.0000000 0.0315890 0.0379936 0.0377005 0.0423459 0.0374889 0.0345618 0.0372673 0.0374756 0.0369349 0.0357168 0.0394005 0.0403337 0.0852320 0.1323608 0.1121589 0.1130357 0.1133935 0.1194493 0.1224504 0.1164306 0.1150043 0.1166886 0.1165871 0.1078652 0.1161020 0.1818038 0.0148130 0.0148918 0.0278472 0.0681586 0.1041251 0.0195061 0.0221220 0.0364345 0.0435720 0.0482872 0.0229519 0.0375629 0.0300859 0.0300394 0.0221297 0.0189167 
HQ015402.1_Iasis_cylindrica                 0.0941988 0.1520496 0.1114723 0.0614996 0.1532504 0.0991345 0.0937802 0.0336574 0.0954300 0.0012678 0.0288898 0.0849810 0.2391183 0.2536728 0.4314599 0.2431668 0.2686939 0.1641999 0.1125116 0.1062761 0.1145474 0.1276715 0.1223554 0.1117549 0.1061997 0.0286602 0.0519026 0.0526172 0.0519808 0.0562309 0.0273035 0.0273764 0.0297499 0.0294938 0.0302068 0.0335364 0.0317367 0.0315890 0.0000000 0.0000010 0.0000010 0.0048272 0.0329519 0.0335504 0.0331250 0.0332452 0.0335255 0.0292769 0.0308153 0.0321503 0.0625455 0.1173981 0.0837728 0.0846083 0.0810437 0.0936751 0.0933857 0.0902127 0.0901966 0.0901966 0.0914734 0.0909749 0.0947058 0.1566778 0.0253658 0.0253658 0.0285840 0.0535007 0.0745036 0.0274398 0.0257724 0.0313422 0.0032475 0.0400350 0.0293968 0.0332243 0.0283781 0.0285447 0.0286097 0.0276786 
HQ015401.1_Iasis_cylindrica                 0.1008800 0.1743795 0.1168642 0.0701859 0.1753314 0.0991345 0.1002722 0.0381998 0.1125296 0.0012678 0.0360647 0.0993297 0.2568782 0.2693971 0.4564105 0.2761839 0.3050764 0.1777371 0.1228399 0.1164125 0.1267604 0.1315306 0.1223554 0.1205556 0.1180862 0.0360375 0.0604196 0.0604196 0.0608913 0.0702282 0.0338752 0.0332116 0.0362641 0.0361893 0.0368356 0.0403855 0.0381679 0.0379936 0.0000010 0.0000000 0.0000010 0.0052851 0.0377044 0.0361838 0.0376071 0.0377981 0.0374331 0.0339130 0.0362141 0.0374647 0.0751955 0.1312692 0.0951253 0.0959757 0.0917857 0.1011814 0.0999633 0.0976822 0.0974313 0.0978925 0.0981281 0.0959669 0.1124328 0.1668759 0.0304690 0.0304690 0.0370044 0.0617894 0.0865574 0.0354334 0.0328410 0.0377102 0.0039409 0.0483027 0.0383394 0.0398572 0.0331290 0.0330763 0.0374847 0.0359508 
HQ015400.1_Iasis_cylindrica                 0.1027501 0.1695401 0.1142694 0.0701859 0.1724299 0.0991345 0.0988898 0.0387313 0.1102446 0.0012678 0.0360041 0.0990909 0.2481598 0.2633091 0.4505916 0.2688111 0.2991232 0.1741292 0.1239567 0.1146638 0.1223407 0.1289334 0.1223554 0.1196397 0.1153452 0.0361619 0.0656188 0.0601522 0.0606561 0.0689427 0.0332073 0.0329499 0.0362440 0.0360586 0.0369360 0.0402382 0.0378096 0.0377005 0.0000010 0.0000010 0.0000000 0.0052774 0.0376854 0.0361838 0.0375862 0.0377981 0.0362069 0.0337736 0.0360833 0.0366984 0.0748458 0.1268799 0.0932732 0.0938409 0.0914546 0.1011814 0.1033900 0.0972599 0.0958584 0.0974685 0.0981281 0.0948119 0.1170548 0.1668759 0.0297885 0.0303762 0.0370044 0.0616533 0.0865574 0.0354334 0.0328410 0.0377102 0.0039409 0.0483027 0.0383394 0.0398572 0.0331290 0.0330763 0.0374847 0.0359508 
HQ015399.1_Iasis_cylindrica                 0.0996036 0.1715430 0.1181286 0.0753703 0.1727426 0.0976587 0.0991299 0.0389505 0.1105287 0.0064221 0.0389774 0.0974128 0.2575683 0.2676511 0.4700278 0.2780097 0.3024778 0.1792440 0.1198909 0.1159718 0.1293811 0.1347442 0.1237357 0.1238638 0.1206681 0.0389065 0.0651470 0.0651470 0.0656488 0.0750040 0.0340075 0.0333411 0.0391958 0.0390943 0.0397246 0.0433240 0.0425425 0.0423459 0.0048272 0.0052851 0.0052774 0.0000000 0.0384169 0.0369334 0.0383446 0.0385614 0.0381263 0.0353684 0.0363865 0.0376225 0.0762084 0.1318133 0.0950299 0.0958792 0.0916943 0.0999811 0.0988087 0.0965023 0.0961897 0.0966273 0.0970688 0.0977609 0.1102844 0.1630282 0.0332409 0.0332409 0.0399587 0.0667180 0.0894235 0.0365361 0.0339214 0.0388469 0.0007806 0.0495938 0.0394740 0.0417426 0.0351364 0.0350797 0.0386128 0.0370738 
HQ015398.1_Cyclosalpa_sewelli               0.1106314 0.1695713 0.1138457 0.0805966 0.1706354 0.1036677 0.1092185 0.0000010 0.1094143 0.0358167 0.0370618 0.1055059 0.2604455 0.2698971 0.4544754 0.2816739 0.3037257 0.1821831 0.1195633 0.1205188 0.1243041 0.1350733 0.1217575 0.1241932 0.1147819 0.0370150 0.0719973 0.0719973 0.0713960 0.0745264 0.0299650 0.0299812 0.0344185 0.0342592 0.0349755 0.0391682 0.0376614 0.0374889 0.0329519 0.0377044 0.0376854 0.0384169 0.0000000 0.0000010 0.0000010 0.0000010 0.0000010 0.0089103 0.0095100 0.0095100 0.0739920 0.1200322 0.0959763 0.0948065 0.0971167 0.1094581 0.1090120 0.1061572 0.1061379 0.1061379 0.1067914 0.0983364 0.1092493 0.1625688 0.0366104 0.0366104 0.0359233 0.0729914 0.0889680 0.0315904 0.0300290 0.0095938 0.0435227 0.0166504 0.0310586 0.0000010 0.0179004 0.0178922 0.0302468 0.0320448 
HQ015397.1_Cyclosalpa_quadriluminis         0.1075489 0.1617031 0.1129494 0.0764276 0.1615808 0.1006380 0.1053894 0.0000010 0.0992023 0.0363848 0.0333606 0.0971936 0.2557086 0.2673468 0.4525227 0.2743377 0.2922628 0.1814570 0.1148244 0.1136992 0.1217128 0.1364422 0.1217575 0.1188870 0.1122863 0.0333606 0.0692504 0.0692504 0.0686260 0.0696984 0.0283616 0.0283775 0.0312648 0.0312648 0.0319931 0.0362685 0.0345618 0.0345618 0.0335504 0.0361838 0.0361838 0.0369334 0.0000010 0.0000000 0.0000010 0.0000010 0.0000010 0.0092209 0.0092191 0.0092191 0.0684444 0.1150782 0.0922316 0.0910510 0.0933827 0.1038707 0.1035475 0.1029781 0.1029589 0.1029589 0.1029589 0.0979344 0.0993606 0.1625688 0.0352098 0.0352098 0.0318314 0.0688283 0.0851385 0.0287837 0.0280907 0.0097989 0.0406802 0.0171314 0.0281924 0.0000010 0.0156576 0.0157463 0.0274115 0.0290307 
HQ015396.1_Cyclosalpa_polae                 0.1102811 0.1701937 0.1134269 0.0802426 0.1702227 0.1036677 0.1082725 0.0000010 0.1087336 0.0359166 0.0369167 0.1045296 0.2574137 0.2679886 0.4576032 0.2834035 0.3059306 0.1812179 0.1195583 0.1193584 0.1249365 0.1358420 0.1217575 0.1241582 0.1155313 0.0369167 0.0717927 0.0717927 0.0716976 0.0743113 0.0298879 0.0299040 0.0341696 0.0342591 0.0348839 0.0393222 0.0373702 0.0372673 0.0331250 0.0376071 0.0375862 0.0383446 0.0000010 0.0000010 0.0000000 0.0000010 0.0000010 0.0088885 0.0095100 0.0094867 0.0737780 0.1196506 0.0956834 0.0945186 0.0968190 0.1094581 0.1079859 0.1061563 0.1058061 0.1063872 0.1060624 0.0974339 0.1089050 0.1625688 0.0365153 0.0365153 0.0359233 0.0723680 0.0888672 0.0315904 0.0299794 0.0095938 0.0435227 0.0166504 0.0310586 0.0000010 0.0179004 0.0178745 0.0302163 0.0320448 
HQ015395.1_Cyclosalpa_sewelli               0.1110078 0.1701842 0.1141853 0.0802426 0.1702134 0.1036677 0.1089837 0.0000010 0.1094461 0.0360548 0.0371257 0.1047836 0.2582916 0.2677697 0.4561054 0.2845150 0.3084733 0.1825657 0.1198623 0.1196593 0.1257803 0.1367739 0.1217575 0.1244725 0.1163069 0.0371257 0.0722234 0.0722234 0.0719696 0.0747639 0.0300532 0.0300695 0.0343613 0.0343803 0.0350799 0.0394632 0.0374756 0.0374756 0.0332452 0.0377981 0.0377981 0.0385614 0.0000010 0.0000010 0.0000010 0.0000000 0.0000010 0.0089358 0.0095420 0.0095372 0.0742284 0.1204398 0.0962942 0.0951195 0.0974396 0.1094581 0.1082526 0.1065903 0.1064956 0.1068230 0.1064956 0.0976691 0.1096197 0.1625688 0.0367187 0.0367187 0.0359233 0.0725315 0.0888672 0.0315904 0.0299794 0.0095938 0.0435227 0.0166504 0.0310586 0.0000010 0.0179004 0.0178745 0.0302163 0.0320448 
HQ015394.1_Cyclosalpa_polae                 0.1115529 0.1634642 0.1115126 0.0802426 0.1662566 0.1036677 0.1067714 0.0011578 0.1062961 0.0358167 0.0367206 0.1043509 0.2479311 0.2634361 0.4487815 0.2755490 0.2981320 0.1791734 0.1208006 0.1176425 0.1209087 0.1315166 0.1217575 0.1233036 0.1132235 0.0362121 0.0775380 0.0719203 0.0718269 0.0733917 0.0298250 0.0295087 0.0341526 0.0339533 0.0335857 0.0389657 0.0370414 0.0369349 0.0335255 0.0374331 0.0362069 0.0381263 0.0000010 0.0000010 0.0000010 0.0000010 0.0000000 0.0094169 0.0100357 0.0098599 0.0730526 0.1143413 0.0942223 0.0928304 0.0960172 0.1094581 0.1115453 0.1060093 0.1044635 0.1062380 0.1060624 0.0963284 0.1138809 0.1625688 0.0355493 0.0362567 0.0359233 0.0722511 0.0888672 0.0315904 0.0299794 0.0095938 0.0435227 0.0166504 0.0310586 0.0000010 0.0179004 0.0178745 0.0302163 0.0320448 
