84
AB013011.1_Pyrosoma_atlanticum              0.0000000 0.1541564 0.0754073 0.1406861 0.1567408 0.0070618 0.0064271 0.1114987 0.1478646 0.0986025 0.1115920 0.1540592 0.2326513 0.2294207 0.4210693 0.2580135 0.2844372 0.1414873 0.0763371 0.0682500 0.0695376 0.1043713 0.0593279 0.0663137 0.0686032 0.1201363 0.1389740 0.1323112 0.1307364 0.1475568 0.1066318 0.1073528 0.1141506 0.1136918 0.1194229 0.1142287 0.1194108 0.1190090 0.0944027 0.1010963 0.1029841 0.0998145 0.1108197 0.1077263 0.1104686 0.1111987 0.1117568 0.1019870 0.1020108 0.1013041 0.0967424 0.1342800 0.1302593 0.1340749 0.1306529 0.0042292 0.0065612 0.0040818 0.0052027 0.0052699 0.0052888 0.0329435 0.1564359 0.1494042 0.1124753 0.1152890 0.1066668 0.1329849 0.0710906 0.1053877 0.1078971 0.1026032 0.1000189 0.1021792 0.1116255 0.1133512 0.0982164 0.0979943 0.1105970 0.1072528 0.0937951 0.1087883 0.1034382 0.1033153 
AB013012.1_Doliolum_nationalis              0.1541564 0.0000000 0.1407252 0.2003400 0.0000010 0.1412599 0.1517499 0.1714244 0.1923177 0.1653473 0.1735088 0.2079658 0.2567214 0.2952469 0.4554275 0.2842410 0.3370471 0.2175121 0.1532882 0.1442538 0.1433397 0.1537975 0.1456769 0.1492164 0.1379470 0.1709456 0.1866743 0.1795135 0.1833442 0.1959250 0.1767724 0.1787361 0.1780573 0.1760522 0.1724492 0.1860850 0.1855728 0.1849134 0.1524078 0.1748571 0.1700016 0.1719944 0.1700288 0.1620917 0.1706555 0.1706457 0.1638996 0.1684809 0.1729754 0.1687742 0.1640273 0.1887230 0.1851656 0.1872947 0.1880904 0.1536376 0.1583353 0.1491548 0.1478930 0.1494781 0.1502154 0.1393078 0.2023747 0.0000010 0.1784569 0.1834113 0.1708859 0.1880097 0.1437998 0.1755157 0.1755912 0.1659609 0.1695592 0.1437701 0.1804195 0.1700194 0.1784773 0.1772472 0.1799755 0.1752781 0.1709368 0.1620989 0.1740827 0.1738662 
AB013017.1_Ciona_intestinalis               0.0754073 0.1407252 0.0000000 0.1480372 0.1404983 0.0639148 0.0726148 0.1136135 0.1450895 0.1217500 0.1212004 0.1572177 0.1877473 0.2171053 0.4192102 0.2406015 0.2791815 0.1248344 0.0630896 0.0575470 0.0595337 0.0755451 0.0339138 0.0526483 0.0539030 0.1208259 0.1469231 0.1401523 0.1404352 0.1533281 0.1224919 0.1233913 0.1189409 0.1196560 0.1180774 0.1232475 0.1297401 0.1292994 0.1117845 0.1172092 0.1146031 0.1184741 0.1141278 0.1132241 0.1136985 0.1144614 0.1117825 0.1113301 0.1184828 0.1141053 0.1063212 0.1236166 0.1344684 0.1374578 0.1357820 0.0692717 0.0744185 0.0706171 0.0712346 0.0723391 0.0717288 0.0655873 0.1546732 0.1359764 0.1245160 0.1267880 0.1098002 0.1415463 0.0798108 0.1083800 0.1087767 0.0998695 0.1071746 0.0949135 0.1153766 0.1034658 0.1029550 0.1027208 0.1143656 0.1089655 0.0986302 0.1002589 0.1115774 0.1114463 
D14366.1_Thalia_democratica                 0.1406861 0.2003400 0.1480372 0.0000000 0.2001790 0.1272614 0.1344261 0.0803607 0.1239941 0.0656332 0.0772674 0.1190429 0.2745961 0.2939196 0.4849442 0.3494770 0.3051118 0.2047865 0.1448397 0.1403014 0.1570498 0.1742292 0.1378144 0.1513694 0.1497309 0.0772674 0.0073147 0.0073147 0.0054888 0.0436346 0.0720779 0.0712859 0.0783561 0.0783561 0.0792962 0.0811190 0.0760300 0.0760300 0.0615489 0.0702501 0.0702501 0.0754414 0.0806678 0.0764943 0.0803132 0.0803132 0.0803132 0.0748688 0.0774121 0.0774121 0.1077672 0.1430001 0.1360405 0.1381245 0.1318844 0.1328477 0.1329501 0.1329501 0.1329085 0.1330292 0.1329085 0.1269079 0.1242001 0.1864529 0.0683856 0.0683856 0.0737376 0.0054683 0.1062038 0.0628703 0.0620128 0.0700261 0.0663721 0.0719205 0.0731818 0.0739650 0.0743639 0.0742203 0.0722590 0.0639551 0.0716328 0.0710596 0.0689399 0.0688652 
FM244861.1_Doliolum_denticulatum            0.1567408 0.0000010 0.1404983 0.2001790 0.0000000 0.1411548 0.1516437 0.1700879 0.1928563 0.1658456 0.1739000 0.2079977 0.2595989 0.2938759 0.4531426 0.2868114 0.3402342 0.2175827 0.1531805 0.1441545 0.1456649 0.1563860 0.1456769 0.1492443 0.1387768 0.1739000 0.1881653 0.1809511 0.1848265 0.1975171 0.1781681 0.1801699 0.1780874 0.1774657 0.1754236 0.1876049 0.1856031 0.1852674 0.1536145 0.1758144 0.1729056 0.1731998 0.1710984 0.1619693 0.1706853 0.1706756 0.1667059 0.1698191 0.1743695 0.1701031 0.1653022 0.1919869 0.1866205 0.1887683 0.1894108 0.1535249 0.1582206 0.1503002 0.1490130 0.1506282 0.1502435 0.1393344 0.2040240 0.0000010 0.1808118 0.1847183 0.1708859 0.1878644 0.1437998 0.1755157 0.1755912 0.1659609 0.1695592 0.1437701 0.1804195 0.1700194 0.1784773 0.1772472 0.1799755 0.1752781 0.1709368 0.1620989 0.1740827 0.1738662 
FM244862.1_Pyrosoma_godeauxi                0.0070618 0.1412599 0.0639148 0.1272614 0.1411548 0.0000000 0.0050886 0.1000402 0.1277621 0.1021124 0.1046672 0.1310274 0.2104763 0.2150390 0.4105913 0.2412139 0.2535369 0.1269854 0.0561902 0.0488368 0.0577071 0.0889279 0.0548307 0.0511943 0.0549205 0.1046672 0.1273011 0.1273011 0.1244664 0.1379373 0.1028089 0.1018287 0.1059950 0.1059950 0.1071743 0.1059855 0.1130595 0.1130595 0.0993762 0.0993762 0.0993762 0.0978898 0.1038566 0.1008111 0.1038566 0.1038566 0.1038566 0.0967888 0.0965623 0.0983733 0.0779351 0.1135552 0.1133470 0.1177297 0.1117792 0.0000010 0.0000010 0.0025225 0.0037930 0.0037930 0.0037930 0.0220897 0.1279894 0.1372333 0.1109063 0.1109063 0.0891410 0.1203308 0.0478283 0.0880312 0.0908467 0.0880006 0.0903165 0.0805260 0.0958164 0.0970468 0.0850872 0.0856944 0.0950576 0.0889642 0.0832969 0.0961931 0.0907554 0.0906416 
FM244863.1_Pyrosomella_verticillata         0.0064271 0.1517499 0.0726148 0.1344261 0.1516437 0.0050886 0.0000000 0.1089037 0.1447221 0.1000221 0.1111835 0.1492108 0.2144920 0.2239835 0.4110841 0.2524523 0.2822645 0.1332883 0.0702048 0.0655505 0.0683451 0.0941194 0.0575196 0.0637067 0.0664070 0.1111835 0.1356448 0.1286047 0.1270100 0.1440018 0.1069425 0.1069748 0.1129643 0.1133286 0.1125356 0.1138447 0.1182890 0.1180798 0.0939738 0.1004782 0.0990907 0.0993297 0.1093864 0.1055434 0.1084375 0.1091519 0.1069336 0.1007334 0.1007466 0.1007624 0.0933378 0.1261775 0.1258301 0.1300189 0.1257904 0.0017930 0.0041301 0.0023279 0.0011492 0.0011634 0.0011612 0.0294704 0.1530241 0.1416567 0.1134830 0.1148338 0.1061236 0.1268753 0.0662812 0.1032206 0.1056957 0.1009298 0.0995227 0.0985392 0.1110583 0.1115747 0.0977276 0.0975080 0.1100351 0.1050276 0.0933265 0.1070272 0.1029126 0.1027909 
FM244864.1_Cyclosalpa_quadriluminis         0.1114987 0.1714244 0.1136135 0.0803607 0.1700879 0.1000402 0.1089037 0.0000000 0.1088298 0.0365074 0.0367666 0.1054960 0.2570891 0.2712064 0.4511428 0.2853954 0.3053862 0.1827992 0.1211121 0.1160841 0.1261787 0.1370904 0.1219952 0.1250535 0.1161756 0.0380903 0.0788521 0.0730782 0.0729909 0.0746278 0.0298840 0.0302640 0.0347280 0.0348204 0.0360597 0.0399747 0.0375251 0.0375873 0.0336729 0.0382217 0.0387534 0.0389755 0.0000010 0.0000010 0.0000010 0.0000010 0.0011578 0.0090198 0.0096510 0.0094786 0.0751434 0.1207929 0.0961358 0.0946870 0.0985918 0.1097120 0.1118090 0.1083269 0.1066921 0.1085552 0.1082171 0.0977731 0.1165373 0.1630844 0.0377046 0.0370419 0.0359702 0.0723544 0.0890991 0.0316235 0.0300110 0.0096006 0.0435842 0.0166738 0.0310937 0.0000010 0.0179136 0.0178883 0.0302506 0.0320786 0.0173523 0.0000010 0.0278905 0.0278621 
FM244865.1_Ihlea_racovitzai                 0.1478646 0.1923177 0.1450895 0.1239941 0.1928563 0.1277621 0.1447221 0.1088298 0.0000000 0.1027041 0.1019721 0.0788193 0.2660195 0.2863882 0.4878352 0.2968143 0.3076350 0.2098630 0.1398853 0.1402499 0.1465897 0.1636618 0.1429768 0.1442736 0.1362201 0.1019721 0.1240995 0.1176727 0.1160537 0.1159528 0.1091796 0.1098006 0.1012453 0.1013168 0.1000754 0.1095796 0.1103310 0.1099658 0.0956579 0.1128365 0.1105428 0.1108284 0.1096598 0.0994010 0.1089766 0.1096932 0.1065313 0.1091862 0.1097847 0.1072938 0.1113860 0.1475783 0.1391987 0.1359177 0.1464993 0.1457572 0.1511361 0.1439421 0.1416326 0.1442591 0.1442591 0.1264316 0.0034735 0.1896782 0.1087319 0.1107287 0.1052061 0.1174230 0.1171838 0.1130791 0.1131044 0.1131926 0.1163390 0.1011669 0.1207866 0.1141352 0.1120985 0.1119543 0.1198886 0.1109588 0.1059629 0.1074435 0.1172364 0.1170972 
FM244866.1_Iasis_cylindrica                 0.0986025 0.1653473 0.1217500 0.0656332 0.1658456 0.1021124 0.1000221 0.0365074 0.1027041 0.0000000 0.0314509 0.0921123 0.2593812 0.2656916 0.4543004 0.2645732 0.2759654 0.1758324 0.1234356 0.1154418 0.1250338 0.1408232 0.1263276 0.1207826 0.1167776 0.0314509 0.0558352 0.0558352 0.0559239 0.0605343 0.0292561 0.0285411 0.0323417 0.0322692 0.0330402 0.0366131 0.0337056 0.0335389 0.0012679 0.0012679 0.0012679 0.0064229 0.0358368 0.0364062 0.0359370 0.0360758 0.0358368 0.0321046 0.0337863 0.0352239 0.0648708 0.1244158 0.0896381 0.0905381 0.0860595 0.0998659 0.0995348 0.0971942 0.0971636 0.0971636 0.0974859 0.0988640 0.1028777 0.1695423 0.0269947 0.0269947 0.0319757 0.0569928 0.0827137 0.0296917 0.0278913 0.0349797 0.0052679 0.0459490 0.0318318 0.0370418 0.0317181 0.0319202 0.0309875 0.0299717 0.0310251 0.0383027 0.0319196 0.0318836 
FM244867.1_Salpa_thompsoni                  0.1115920 0.1735088 0.1212004 0.0772674 0.1739000 0.1046672 0.1111835 0.0367666 0.1019721 0.0314509 0.0000000 0.0990334 0.2489231 0.2660468 0.4468768 0.2811524 0.2982027 0.1848887 0.1289387 0.1270462 0.1324536 0.1437070 0.1169959 0.1300651 0.1223723 0.0005691 0.0750848 0.0694389 0.0693230 0.0758438 0.0256758 0.0253353 0.0082729 0.0082669 0.0092846 0.0113493 0.0311600 0.0310701 0.0289065 0.0360910 0.0360305 0.0390076 0.0370869 0.0333800 0.0369426 0.0371515 0.0367453 0.0313423 0.0363438 0.0369595 0.0827086 0.1258123 0.1029147 0.1026907 0.1029484 0.1110375 0.1162099 0.1100824 0.1084269 0.1103134 0.1104897 0.1075556 0.1091117 0.1710174 0.0236292 0.0233832 0.0047422 0.0701540 0.0981268 0.0230700 0.0266087 0.0329750 0.0454022 0.0395359 0.0274985 0.0386391 0.0311359 0.0329149 0.0284551 0.0216074 0.0307937 0.0373407 0.0252685 0.0252428 
HQ015377.1_Salpidae_gen._nov._sp._nov._A    0.1540592 0.2079658 0.1572177 0.1190429 0.2079977 0.1310274 0.1492108 0.1054960 0.0788193 0.0921123 0.0990334 0.0000000 0.2728583 0.2687152 0.5142373 0.3153415 0.3106385 0.2091295 0.1507427 0.1455370 0.1621530 0.1796954 0.1572425 0.1518872 0.1557680 0.0990334 0.1133333 0.1135304 0.1137768 0.1081053 0.1027365 0.1017814 0.1031706 0.1034951 0.1040543 0.1080456 0.1035994 0.1035994 0.0851172 0.0995441 0.0993039 0.0976213 0.1057037 0.0973567 0.1047231 0.1049782 0.1045430 0.1063867 0.1084342 0.1088067 0.0996965 0.1465050 0.1304759 0.1301103 0.1327714 0.1466553 0.1466492 0.1468589 0.1460257 0.1471955 0.1466925 0.1285031 0.0789371 0.1902526 0.0994804 0.0994804 0.0987845 0.1136597 0.1220201 0.1058984 0.1064179 0.1115530 0.1003958 0.1034742 0.1105788 0.1105692 0.1123078 0.1122369 0.1097576 0.1049745 0.1055170 0.1060652 0.1088125 0.1086851 
L12426.2_Molgula_manhattensis               0.2326513 0.2567214 0.1877473 0.2745961 0.2595989 0.2104763 0.2144920 0.2570891 0.2660195 0.2593812 0.2489231 0.2728583 0.0000000 0.2737383 0.5204372 0.2833368 0.3378478 0.1396290 0.1861825 0.1797178 0.1698426 0.1841967 0.1549489 0.1877002 0.1773766 0.2401267 0.2789027 0.2720454 0.2701433 0.2839032 0.2598660 0.2683238 0.2545048 0.2543058 0.2467825 0.2566470 0.2667182 0.2668403 0.2397114 0.2575422 0.2488121 0.2582313 0.2610409 0.2562675 0.2579904 0.2588763 0.2484979 0.2551362 0.2565346 0.2488280 0.1998446 0.2235398 0.2599165 0.2658816 0.2555376 0.2162790 0.2214036 0.2114593 0.2078060 0.2119495 0.2146134 0.1933108 0.2796727 0.2532174 0.2527312 0.2605831 0.2380692 0.2770084 0.1761163 0.2531675 0.2516360 0.2441630 0.2406944 0.2100627 0.2518024 0.2473499 0.2569193 0.2540161 0.2511401 0.2463674 0.2448618 0.2394990 0.2442859 0.2439501 
M91181.1_Echinorhinus_cookei                0.2294207 0.2952469 0.2171053 0.2939196 0.2938759 0.2150390 0.2239835 0.2712064 0.2863882 0.2656916 0.2660468 0.2687152 0.2737383 0.0000000 0.3312769 0.1969735 0.3699370 0.2295492 0.2133431 0.2147657 0.2170067 0.2203476 0.1852639 0.1993274 0.2165933 0.2665629 0.2931372 0.2837571 0.2830916 0.2865599 0.2637871 0.2676883 0.2698295 0.2714558 0.2673526 0.2834845 0.2753670 0.2742995 0.2544023 0.2702143 0.2641055 0.2684723 0.2707954 0.2682291 0.2688806 0.2686746 0.2642966 0.2635711 0.2763856 0.2704519 0.2326312 0.2631296 0.2815192 0.2813128 0.2894504 0.2256242 0.2322927 0.2238293 0.2229358 0.2243741 0.2209633 0.2095445 0.3062082 0.2898454 0.2596187 0.2672879 0.2203758 0.2871252 0.1775071 0.2221844 0.2253935 0.2228736 0.2253023 0.2077202 0.2282649 0.2359705 0.2326486 0.2304121 0.2271086 0.2254001 0.2325995 0.2346575 0.2268284 0.2265269 
M97574.1_Myxine_glutinosa                   0.4210693 0.4554275 0.4192102 0.4849442 0.4531426 0.4105913 0.4110841 0.4511428 0.4878352 0.4543004 0.4468768 0.5142373 0.5204372 0.3312769 0.0000000 0.4184947 0.7640977 0.4171469 0.4088771 0.4050710 0.4136597 0.4255345 0.4470531 0.4237639 0.4174189 0.4425544 0.4700170 0.4599306 0.4554571 0.4640640 0.4415636 0.4551167 0.4557942 0.4506329 0.4479907 0.4664800 0.4526069 0.4505036 0.4254819 0.4501312 0.4445165 0.4635112 0.4463282 0.4441510 0.4494012 0.4479076 0.4409206 0.4290522 0.4384237 0.4371059 0.4079947 0.4568580 0.4809794 0.4837013 0.4941089 0.4169270 0.4288777 0.4026705 0.4003316 0.4038562 0.4083452 0.3824818 0.5083528 0.4550406 0.4427575 0.4525851 0.4633695 0.4761338 0.4175568 0.4697431 0.4721409 0.4578932 0.4885169 0.4243191 0.4644093 0.4792601 0.4676058 0.4698640 0.4671869 0.4747795 0.4672099 0.4801589 0.4786921 0.4778593 
M97571.1_Branchiostoma_floridae             0.2580135 0.2842410 0.2406015 0.3494770 0.2868114 0.2412139 0.2524523 0.2853954 0.2968143 0.2645732 0.2811524 0.3153415 0.2833368 0.1969735 0.4184947 0.0000000 0.3599935 0.2539148 0.2245832 0.2290575 0.2197369 0.2310461 0.2211353 0.2318419 0.2187941 0.2763736 0.3256224 0.3180751 0.3195039 0.2988508 0.2827269 0.2897635 0.2909778 0.2871568 0.2834203 0.3003728 0.3094871 0.3082338 0.2439656 0.2771617 0.2697628 0.2789765 0.2827008 0.2752948 0.2844321 0.2855557 0.2765417 0.2713421 0.2833037 0.2784215 0.2427030 0.2947803 0.2884270 0.2952415 0.2942876 0.2565925 0.2619044 0.2466317 0.2431559 0.2472405 0.2518196 0.2318105 0.3060055 0.2762076 0.2932814 0.2988119 0.2825374 0.3328591 0.2382981 0.2895297 0.2871389 0.2763956 0.2866104 0.2890312 0.2949144 0.2835317 0.2950542 0.2952820 0.2936495 0.2915710 0.2876562 0.2733614 0.2863961 0.2859866 
AB013014.1_Oikopleura_dioica                0.2844372 0.3370471 0.2791815 0.3051118 0.3402342 0.2535369 0.2822645 0.3053862 0.3076350 0.2759654 0.2982027 0.3106385 0.3378478 0.3699370 0.7640977 0.3599935 0.0000000 0.2964360 0.2695935 0.2710373 0.2621686 0.2772498 0.2454915 0.2648058 0.2530458 0.2970296 0.2934051 0.2834267 0.2881395 0.2995057 0.2896685 0.2905666 0.3108690 0.3075291 0.3052981 0.3132432 0.3119034 0.3106475 0.2658174 0.3020179 0.2961610 0.2994644 0.3006358 0.2891283 0.3028409 0.3053450 0.2951667 0.2944513 0.2955408 0.2914553 0.2661630 0.2919553 0.3238908 0.3252361 0.3263352 0.2854694 0.2922948 0.2782321 0.2744554 0.2789477 0.2822570 0.2599538 0.3191761 0.3258447 0.3046652 0.3088936 0.2781363 0.2960460 0.2294054 0.2746296 0.2792396 0.2761373 0.2751619 0.2572515 0.2840774 0.2825781 0.2852137 0.2841515 0.2828392 0.2808490 0.2694198 0.2696143 0.2621290 0.2617654 
AY903925.1_Halocynthia_igaboja              0.1414873 0.2175121 0.1248344 0.2047865 0.2175827 0.1269854 0.1332883 0.1827992 0.2098630 0.1758324 0.1848887 0.2091295 0.1396290 0.2295492 0.4171469 0.2539148 0.2964360 0.0000000 0.1174589 0.1157567 0.1065397 0.1337353 0.0878020 0.1165504 0.1098190 0.1831639 0.2098995 0.2035299 0.2013129 0.2058952 0.1766963 0.1796382 0.1853671 0.1854758 0.1835003 0.1833513 0.1886935 0.1880083 0.1646087 0.1782034 0.1745800 0.1797163 0.1826608 0.1819151 0.1816853 0.1830395 0.1796343 0.1749936 0.1827812 0.1792854 0.1513569 0.1822460 0.1919536 0.1981426 0.1929463 0.1371964 0.1399788 0.1339322 0.1300393 0.1323268 0.1327523 0.1241372 0.2198402 0.2104980 0.1840463 0.1865043 0.1570287 0.2057386 0.1262670 0.1562613 0.1566693 0.1520871 0.1545750 0.1539600 0.1534499 0.1594224 0.1599258 0.1594700 0.1523450 0.1593260 0.1588465 0.1593905 0.1566339 0.1564339 
FM244840.1_Clavelina_meridionalis           0.0763371 0.1532882 0.0630896 0.1448397 0.1531805 0.0561902 0.0702048 0.1211121 0.1398853 0.1234356 0.1289387 0.1507427 0.1861825 0.2133431 0.4088771 0.2245832 0.2695935 0.1174589 0.0000000 0.0164463 0.0515062 0.0743574 0.0449731 0.0445462 0.0442874 0.1289387 0.1490845 0.1409669 0.1394122 0.1424890 0.1278854 0.1251034 0.1267565 0.1271781 0.1291382 0.1283284 0.1335074 0.1338098 0.1127426 0.1231194 0.1242448 0.1201628 0.1197882 0.1150216 0.1197797 0.1200850 0.1210307 0.1144150 0.1183839 0.1184209 0.0933248 0.1118353 0.1255136 0.1300083 0.1269807 0.0673785 0.0715973 0.0686834 0.0693298 0.0704172 0.0702182 0.0554142 0.1447360 0.1439834 0.1351466 0.1337829 0.1217008 0.1377879 0.0735836 0.1231335 0.1235993 0.1123533 0.1221006 0.1083172 0.1249636 0.1197929 0.1190805 0.1187888 0.1239181 0.1239698 0.1161194 0.1166170 0.1235535 0.1234038 
FM244841.1_Pycnoclavella_aff._detorta       0.0682500 0.1442538 0.0575470 0.1403014 0.1441545 0.0488368 0.0655505 0.1160841 0.1402499 0.1154418 0.1270462 0.1455370 0.1797178 0.2147657 0.4050710 0.2290575 0.2710373 0.1157567 0.0164463 0.0000000 0.0455337 0.0651974 0.0424520 0.0424088 0.0386174 0.1270462 0.1454755 0.1383351 0.1367717 0.1397052 0.1232933 0.1235456 0.1279351 0.1283588 0.1272405 0.1277011 0.1272864 0.1275712 0.1065307 0.1167129 0.1149578 0.1162660 0.1207718 0.1139186 0.1196070 0.1199093 0.1178863 0.1133630 0.1164681 0.1135936 0.0887047 0.1091822 0.1250339 0.1292102 0.1284226 0.0611592 0.0645535 0.0631214 0.0638235 0.0648148 0.0646331 0.0497250 0.1482644 0.1366399 0.1286869 0.1303642 0.1219920 0.1334187 0.0698125 0.1233414 0.1222789 0.1137028 0.1182605 0.1116201 0.1263659 0.1224575 0.1204637 0.1201671 0.1253184 0.1241825 0.1175111 0.1192983 0.1249741 0.1248224 
AB075543.1_Megalodicopia_hians              0.0695376 0.1433397 0.0595337 0.1570498 0.1456649 0.0577071 0.0683451 0.1261787 0.1465897 0.1250338 0.1324536 0.1621530 0.1698426 0.2170067 0.4136597 0.2197369 0.2621686 0.1065397 0.0515062 0.0455337 0.0000000 0.0673202 0.0288399 0.0409782 0.0151546 0.1286431 0.1544334 0.1485987 0.1480325 0.1577294 0.1282358 0.1316105 0.1328322 0.1318684 0.1286371 0.1340917 0.1435797 0.1430922 0.1148097 0.1270890 0.1226520 0.1297061 0.1245625 0.1219420 0.1251985 0.1260467 0.1211546 0.1195310 0.1217791 0.1188138 0.1009019 0.1260015 0.1301740 0.1353913 0.1314128 0.0651202 0.0691854 0.0647517 0.0654092 0.0663852 0.0674505 0.0565012 0.1540930 0.1407274 0.1365836 0.1401032 0.1229705 0.1527660 0.0791184 0.1227434 0.1219701 0.1120905 0.1251829 0.1046730 0.1230074 0.1164103 0.1198938 0.1196002 0.1219683 0.1249637 0.1147233 0.1109971 0.1205297 0.1203857 
L12378.2_Ascidia_ceratodes                  0.1043713 0.1537975 0.0755451 0.1742292 0.1563860 0.0889279 0.0941194 0.1370904 0.1636618 0.1408232 0.1437070 0.1796954 0.1841967 0.2203476 0.4255345 0.2310461 0.2772498 0.1337353 0.0743574 0.0651974 0.0673202 0.0000000 0.0478032 0.0560536 0.0632026 0.1395529 0.1686522 0.1627051 0.1603651 0.1805132 0.1363182 0.1400035 0.1455974 0.1444954 0.1418166 0.1416249 0.1436316 0.1431311 0.1280385 0.1319183 0.1293130 0.1351302 0.1353862 0.1367653 0.1361540 0.1370909 0.1318116 0.1298601 0.1312138 0.1279639 0.1140886 0.1365783 0.1503988 0.1534185 0.1523399 0.0922981 0.0965441 0.0899551 0.0903649 0.0917994 0.0933541 0.0705394 0.1719395 0.1515350 0.1360720 0.1396599 0.1128886 0.1655799 0.0868538 0.1116139 0.1117485 0.1120459 0.1110075 0.1023078 0.1207538 0.1187560 0.1106230 0.1103641 0.1197251 0.1135864 0.1078032 0.1158256 0.1178248 0.1176845 
AJ250778.1_Ciona_intestinalis               0.0593279 0.1456769 0.0339138 0.1378144 0.1456769 0.0548307 0.0575196 0.1219952 0.1429768 0.1263276 0.1169959 0.1572425 0.1549489 0.1852639 0.4470531 0.2211353 0.2454915 0.0878020 0.0449731 0.0424520 0.0288399 0.0478032 0.0000000 0.0312019 0.0288705 0.1169959 0.1418179 0.1418179 0.1404026 0.1659025 0.1227177 0.1210516 0.1178469 0.1178469 0.1178469 0.1116628 0.1324820 0.1324820 0.1226789 0.1226789 0.1226789 0.1240439 0.1219952 0.1219952 0.1219952 0.1219952 0.1219952 0.1139672 0.1223143 0.1192059 0.0916307 0.1230688 0.1449929 0.1464295 0.1435360 0.0548307 0.0548307 0.0548307 0.0574061 0.0574061 0.0574061 0.0591335 0.1433931 0.1456769 0.1297737 0.1297737 0.1137147 0.1400071 0.0785212 0.1202368 0.1239718 0.1139672 0.1257477 0.1051295 0.1245853 0.1201550 0.1188456 0.1188456 0.1245853 0.1200512 0.1188426 0.1219952 0.1229092 0.1227177 
AB104873.1_Perophora_sagamiensis            0.0663137 0.1492164 0.0526483 0.1513694 0.1492443 0.0511943 0.0637067 0.1250535 0.1442736 0.1207826 0.1300651 0.1518872 0.1877002 0.1993274 0.4237639 0.2318419 0.2648058 0.1165504 0.0445462 0.0424088 0.0409782 0.0560536 0.0312019 0.0000000 0.0361835 0.1300651 0.1514439 0.1467041 0.1451830 0.1603772 0.1273880 0.1266845 0.1313065 0.1317475 0.1315935 0.1307309 0.1375342 0.1375342 0.1120337 0.1208896 0.1199699 0.1241882 0.1245037 0.1191503 0.1244645 0.1247804 0.1236067 0.1185570 0.1199911 0.1179434 0.0941852 0.1247890 0.1385862 0.1404762 0.1383602 0.0592541 0.0643590 0.0608380 0.0618223 0.0624950 0.0623225 0.0509791 0.1503110 0.1407483 0.1318528 0.1325433 0.1158386 0.1453632 0.0784865 0.1215407 0.1219987 0.1131106 0.1190766 0.1126427 0.1222956 0.1212303 0.1186011 0.1183121 0.1212532 0.1237359 0.1122357 0.1146069 0.1186130 0.1184708 
AF165821.2_Chelyosoma_siboja                0.0686032 0.1379470 0.0539030 0.1497309 0.1387768 0.0549205 0.0664070 0.1161756 0.1362201 0.1167776 0.1223723 0.1557680 0.1773766 0.2165933 0.4174189 0.2187941 0.2530458 0.1098190 0.0442874 0.0386174 0.0151546 0.0632026 0.0288705 0.0361835 0.0000000 0.1221320 0.1495558 0.1437438 0.1442655 0.1489030 0.1185876 0.1193981 0.1232413 0.1223541 0.1208142 0.1234581 0.1309716 0.1305282 0.1064378 0.1183747 0.1156215 0.1209536 0.1150085 0.1124937 0.1157573 0.1165369 0.1134376 0.1116345 0.1097840 0.1071483 0.0932420 0.1207823 0.1248380 0.1323187 0.1259526 0.0646294 0.0680220 0.0644933 0.0651584 0.0661379 0.0654972 0.0524530 0.1434772 0.1349040 0.1254187 0.1276205 0.1162631 0.1462662 0.0771200 0.1161690 0.1155308 0.1056212 0.1207955 0.0983575 0.1163558 0.1111401 0.1132639 0.1129930 0.1153244 0.1182500 0.1096930 0.1073266 0.1154491 0.1153115 
HQ015406.1_Salpa_thompsoni                  0.1201363 0.1709456 0.1208259 0.0772674 0.1739000 0.1046672 0.1111835 0.0380903 0.1019721 0.0314509 0.0005691 0.0990334 0.2401267 0.2665629 0.4425544 0.2763736 0.2970296 0.1831639 0.1289387 0.1270462 0.1286431 0.1395529 0.1169959 0.1300651 0.1221320 0.0000000 0.0739333 0.0691008 0.0682513 0.0752580 0.0253208 0.0258483 0.0082729 0.0082274 0.0091511 0.0112946 0.0311600 0.0310701 0.0286764 0.0360637 0.0361898 0.0389366 0.0370400 0.0333800 0.0369426 0.0371515 0.0362367 0.0308758 0.0360571 0.0372878 0.0822372 0.1227086 0.1017745 0.1029183 0.1027262 0.1110375 0.1162099 0.1081994 0.1065995 0.1084229 0.1104897 0.1075556 0.1082859 0.1710174 0.0228956 0.0233424 0.0047422 0.0701540 0.0981268 0.0230700 0.0266087 0.0329750 0.0454022 0.0395359 0.0274985 0.0386391 0.0311359 0.0329149 0.0284551 0.0216074 0.0307937 0.0373407 0.0252685 0.0252428 
HQ015415.1_Thalia_democratica               0.1389740 0.1866743 0.1469231 0.0073147 0.1881653 0.1273011 0.1356448 0.0788521 0.1240995 0.0558352 0.0750848 0.1133333 0.2789027 0.2931372 0.4700170 0.3256224 0.2934051 0.2098995 0.1490845 0.1454755 0.1544334 0.1686522 0.1418179 0.1514439 0.1495558 0.0739333 0.0000000 0.0005730 0.0017341 0.0412738 0.0683802 0.0664762 0.0706947 0.0702460 0.0765749 0.0729125 0.0740216 0.0737939 0.0519405 0.0604705 0.0656831 0.0652045 0.0720598 0.0693113 0.0718550 0.0722874 0.0776139 0.0654892 0.0684897 0.0745075 0.0972917 0.1364899 0.1298889 0.1331599 0.1204502 0.1295410 0.1280460 0.1236049 0.1302119 0.1238628 0.1262544 0.1279897 0.1159458 0.1715055 0.0657777 0.0601962 0.0738426 0.0017754 0.1100153 0.0619561 0.0601769 0.0690913 0.0631659 0.0720491 0.0722433 0.0730159 0.0734224 0.0732809 0.0713199 0.0630255 0.0706765 0.0700970 0.0679940 0.0679203 
HQ015414.1_Thalia_democratica               0.1323112 0.1795135 0.1401523 0.0073147 0.1809511 0.1273011 0.1286047 0.0730782 0.1176727 0.0558352 0.0694389 0.1135304 0.2720454 0.2837571 0.4599306 0.3180751 0.2834267 0.2035299 0.1409669 0.1383351 0.1485987 0.1627051 0.1418179 0.1467041 0.1437438 0.0691008 0.0005730 0.0000000 0.0023140 0.0360995 0.0636600 0.0635627 0.0706947 0.0702460 0.0709158 0.0729125 0.0680292 0.0676960 0.0526553 0.0604705 0.0602031 0.0652045 0.0720598 0.0693113 0.0718550 0.0722874 0.0719811 0.0662045 0.0692170 0.0696847 0.0972917 0.1299504 0.1242102 0.1275622 0.1206586 0.1295410 0.1286419 0.1244661 0.1240360 0.1247258 0.1262544 0.1208772 0.1167726 0.1715055 0.0602906 0.0602906 0.0738426 0.0017780 0.1100153 0.0619561 0.0601769 0.0690913 0.0631659 0.0720491 0.0722433 0.0730159 0.0734224 0.0732809 0.0713199 0.0630255 0.0706765 0.0700970 0.0679940 0.0679203 
HQ015413.1_Thalia_democratica               0.1307364 0.1833442 0.1404352 0.0054888 0.1848265 0.1244664 0.1270100 0.0729909 0.1160537 0.0559239 0.0693230 0.1137768 0.2701433 0.2830916 0.4554571 0.3195039 0.2881395 0.2013129 0.1394122 0.1367717 0.1480325 0.1603651 0.1404026 0.1451830 0.1442655 0.0682513 0.0017341 0.0023140 0.0000000 0.0370572 0.0627884 0.0634021 0.0705884 0.0699369 0.0708121 0.0723088 0.0679015 0.0675662 0.0520173 0.0609416 0.0607064 0.0657052 0.0714566 0.0686850 0.0717589 0.0720322 0.0718868 0.0653445 0.0681760 0.0688415 0.0973827 0.1301467 0.1237300 0.1271114 0.1210140 0.1268360 0.1270277 0.1216310 0.1215949 0.1215949 0.1243407 0.1192581 0.1151599 0.1750746 0.0601030 0.0601030 0.0740400 0.0000010 0.1078229 0.0621159 0.0612555 0.0692736 0.0642743 0.0722356 0.0724347 0.0732116 0.0736176 0.0734753 0.0715090 0.0631908 0.0708673 0.0702875 0.0681756 0.0681014 
HQ015412.1_Thalia_orientalis                0.1475568 0.1959250 0.1533281 0.0436346 0.1975171 0.1379373 0.1440018 0.0746278 0.1159528 0.0605343 0.0758438 0.1081053 0.2839032 0.2865599 0.4640640 0.2988508 0.2995057 0.2058952 0.1424890 0.1397052 0.1577294 0.1805132 0.1659025 0.1603772 0.1489030 0.0752580 0.0412738 0.0360995 0.0370572 0.0000000 0.0690558 0.0706759 0.0755886 0.0750997 0.0747243 0.0803750 0.0793908 0.0791440 0.0562884 0.0703249 0.0690374 0.0751108 0.0746293 0.0697839 0.0744137 0.0748685 0.0734905 0.0744824 0.0729209 0.0717126 0.0987927 0.1309317 0.1218146 0.1228898 0.1199963 0.1477059 0.1504365 0.1416716 0.1394076 0.1419826 0.1435298 0.1355297 0.1221124 0.1887475 0.0717723 0.0726575 0.0845956 0.0377424 0.1315053 0.0815373 0.0809340 0.0845997 0.0810731 0.0727548 0.0840942 0.0800665 0.0892320 0.0890431 0.0831323 0.0830235 0.0865529 0.0769469 0.0798898 0.0797998 
HQ015411.1_Ritteriella_retracta             0.1066318 0.1767724 0.1224919 0.0720779 0.1781681 0.1028089 0.1069425 0.0298840 0.1091796 0.0292561 0.0256758 0.1027365 0.2598660 0.2637871 0.4415636 0.2827269 0.2896685 0.1766963 0.1278854 0.1232933 0.1282358 0.1363182 0.1227177 0.1273880 0.1185876 0.0253208 0.0683802 0.0636600 0.0627884 0.0690558 0.0000000 0.0005748 0.0262214 0.0260699 0.0262699 0.0308342 0.0256605 0.0255876 0.0273201 0.0338986 0.0332309 0.0340315 0.0299807 0.0283764 0.0299036 0.0300695 0.0298406 0.0260897 0.0303612 0.0316819 0.0795683 0.1298472 0.1033439 0.1041536 0.1044358 0.1096730 0.1117880 0.1040421 0.1025203 0.1042552 0.1062237 0.0993033 0.1156843 0.1746434 0.0165823 0.0168101 0.0233509 0.0645009 0.0932283 0.0111188 0.0144373 0.0256452 0.0386532 0.0383362 0.0047258 0.0275357 0.0229922 0.0229587 0.0039376 0.0112716 0.0216453 0.0279577 0.0000010 0.0000010 
HQ015410.1_Ritteriella_retracta             0.1073528 0.1787361 0.1233913 0.0712859 0.1801699 0.1018287 0.1069748 0.0302640 0.1098006 0.0285411 0.0253353 0.1017814 0.2683238 0.2676883 0.4551167 0.2897635 0.2905666 0.1796382 0.1251034 0.1235456 0.1316105 0.1400035 0.1210516 0.1266845 0.1193981 0.0258483 0.0664762 0.0635627 0.0634021 0.0706759 0.0005748 0.0000000 0.0255684 0.0254208 0.0259361 0.0301710 0.0251312 0.0250202 0.0273922 0.0332339 0.0329719 0.0333638 0.0299969 0.0283921 0.0299196 0.0300858 0.0295236 0.0263223 0.0311116 0.0321997 0.0787702 0.1309262 0.1049831 0.1047176 0.1035545 0.1087268 0.1108557 0.1051893 0.1043505 0.1054069 0.1053180 0.0991050 0.1140545 0.1735157 0.0161565 0.0161922 0.0224831 0.0637401 0.0920811 0.0103099 0.0136156 0.0247816 0.0377367 0.0371691 0.0039327 0.0275555 0.0230083 0.0229749 0.0031457 0.0104513 0.0216607 0.0279780 0.0000010 0.0000010 
HQ015409.1_Salpa_fusiformis                 0.1141506 0.1780573 0.1189409 0.0783561 0.1780874 0.1059950 0.1129643 0.0347280 0.1012453 0.0323417 0.0082729 0.1031706 0.2545048 0.2698295 0.4557942 0.2909778 0.3108690 0.1853671 0.1267565 0.1279351 0.1328322 0.1455974 0.1178469 0.1313065 0.1232413 0.0082729 0.0706947 0.0706947 0.0705884 0.0755886 0.0262214 0.0255684 0.0000000 0.0000010 0.0005809 0.0089495 0.0321405 0.0320362 0.0297675 0.0362923 0.0362723 0.0392270 0.0344418 0.0312825 0.0341924 0.0343849 0.0341755 0.0327679 0.0364818 0.0377202 0.0803475 0.1268645 0.1010243 0.1010950 0.0996659 0.1133807 0.1128100 0.1107823 0.1103964 0.1110162 0.1107421 0.1090623 0.1014043 0.1729483 0.0242115 0.0242115 0.0047450 0.0712928 0.1002304 0.0257494 0.0284737 0.0366129 0.0455406 0.0407381 0.0293765 0.0367961 0.0348272 0.0347726 0.0285344 0.0252223 0.0326696 0.0354810 0.0271506 0.0271228 
HQ015408.1_Salpa_maxima                     0.1136918 0.1760522 0.1196560 0.0783561 0.1774657 0.1059950 0.1133286 0.0348204 0.1013168 0.0322692 0.0082669 0.1034951 0.2543058 0.2714558 0.4506329 0.2871568 0.3075291 0.1854758 0.1271781 0.1283588 0.1318684 0.1444954 0.1178469 0.1317475 0.1223541 0.0082274 0.0702460 0.0702460 0.0699369 0.0750997 0.0260699 0.0254208 0.0000010 0.0000000 0.0005779 0.0088782 0.0322244 0.0320778 0.0295109 0.0362171 0.0360865 0.0391253 0.0342820 0.0312825 0.0342820 0.0344038 0.0339757 0.0325771 0.0361712 0.0374976 0.0798258 0.1260728 0.1003367 0.1004064 0.0993672 0.1133807 0.1131783 0.1096485 0.1096161 0.1098778 0.1108218 0.1094088 0.1006989 0.1729483 0.0241508 0.0241508 0.0047450 0.0715003 0.1002304 0.0257494 0.0284737 0.0366129 0.0455406 0.0407381 0.0293765 0.0367961 0.0348272 0.0347726 0.0285344 0.0252223 0.0326696 0.0354810 0.0271506 0.0271228 
HQ015407.1_Salpa_maxima                     0.1194229 0.1724492 0.1180774 0.0792962 0.1754236 0.1071743 0.1125356 0.0360597 0.1000754 0.0330402 0.0092846 0.1040543 0.2467825 0.2673526 0.4479907 0.2834203 0.3052981 0.1835003 0.1291382 0.1272405 0.1286371 0.1418166 0.1178469 0.1315935 0.1208142 0.0091511 0.0765749 0.0709158 0.0708121 0.0747243 0.0262699 0.0259361 0.0005809 0.0005779 0.0000000 0.0094910 0.0325604 0.0324661 0.0302250 0.0368636 0.0369657 0.0397567 0.0349996 0.0320120 0.0349079 0.0351048 0.0336084 0.0331951 0.0368932 0.0374977 0.0805102 0.1222596 0.0995560 0.0993416 0.0999183 0.1145379 0.1176314 0.1107409 0.1090766 0.1109731 0.1118484 0.1088697 0.1065452 0.1744057 0.0242506 0.0247270 0.0047450 0.0720704 0.1002304 0.0257494 0.0284737 0.0366129 0.0455406 0.0407381 0.0293765 0.0367961 0.0348272 0.0347726 0.0285344 0.0252223 0.0326696 0.0354810 0.0271506 0.0271228 
HQ015405.1_Salpa_aspera                     0.1142287 0.1860850 0.1232475 0.0811190 0.1876049 0.1059855 0.1138447 0.0399747 0.1095796 0.0366131 0.0113493 0.1080456 0.2566470 0.2834845 0.4664800 0.3003728 0.3132432 0.1833513 0.1283284 0.1277011 0.1340917 0.1416249 0.1116628 0.1307309 0.1234581 0.0112946 0.0729125 0.0729125 0.0723088 0.0803750 0.0308342 0.0301710 0.0089495 0.0088782 0.0094910 0.0000000 0.0338390 0.0336835 0.0335554 0.0404150 0.0402678 0.0433575 0.0391925 0.0362873 0.0393469 0.0394886 0.0389899 0.0348258 0.0384403 0.0397827 0.0855150 0.1264503 0.1052120 0.1052881 0.1042557 0.1133743 0.1137211 0.1101568 0.1101042 0.1101042 0.1113212 0.1108122 0.1088989 0.1822652 0.0288783 0.0288783 0.0095832 0.0742520 0.1018535 0.0310450 0.0338393 0.0385496 0.0501405 0.0445159 0.0347614 0.0424752 0.0385376 0.0384759 0.0339109 0.0305777 0.0364064 0.0412084 0.0325736 0.0325401 
HQ015404.1_Brooksia_rostrata                0.1194108 0.1855728 0.1297401 0.0760300 0.1856031 0.1130595 0.1182890 0.0375251 0.1103310 0.0337056 0.0311600 0.1035994 0.2667182 0.2753670 0.4526069 0.3094871 0.3119034 0.1886935 0.1335074 0.1272864 0.1435797 0.1436316 0.1324820 0.1375342 0.1309716 0.0311600 0.0740216 0.0680292 0.0679015 0.0793908 0.0256605 0.0251312 0.0321405 0.0322244 0.0325604 0.0338390 0.0000000 0.0000010 0.0317517 0.0381904 0.0378323 0.0425713 0.0376745 0.0345715 0.0373830 0.0374887 0.0370545 0.0358912 0.0395972 0.0404674 0.0857623 0.1330069 0.1126906 0.1135630 0.1141623 0.1196922 0.1227079 0.1173129 0.1156044 0.1175619 0.1171924 0.1078328 0.1170143 0.1822348 0.0148557 0.0149574 0.0278608 0.0682187 0.1043008 0.0195089 0.0221251 0.0364482 0.0436053 0.0483308 0.0229571 0.0375755 0.0300942 0.0300485 0.0221347 0.0189189 0.0297373 0.0372168 0.0215385 0.0215169 
HQ015403.1_Brooksia_rostrata                0.1190090 0.1849134 0.1292994 0.0760300 0.1852674 0.1130595 0.1180798 0.0375873 0.1099658 0.0335389 0.0310701 0.1035994 0.2668403 0.2742995 0.4505036 0.3082338 0.3106475 0.1880083 0.1338098 0.1275712 0.1430922 0.1431311 0.1324820 0.1375342 0.1305282 0.0310701 0.0737939 0.0676960 0.0675662 0.0791440 0.0255876 0.0250202 0.0320362 0.0320778 0.0324661 0.0336835 0.0000010 0.0000000 0.0316036 0.0380157 0.0377226 0.0423741 0.0375017 0.0345715 0.0372797 0.0374887 0.0369474 0.0357288 0.0394156 0.0403490 0.0853241 0.1325623 0.1123273 0.1131968 0.1135515 0.1196922 0.1227079 0.1166626 0.1152191 0.1169090 0.1168067 0.1080609 0.1163710 0.1822348 0.0148142 0.0148927 0.0278608 0.0682187 0.1043008 0.0195089 0.0221251 0.0364482 0.0436053 0.0483308 0.0229571 0.0375755 0.0300942 0.0300485 0.0221347 0.0189189 0.0297373 0.0372168 0.0215385 0.0215169 
HQ015402.1_Iasis_cylindrica                 0.0944027 0.1524078 0.1117845 0.0615489 0.1536145 0.0993762 0.0939738 0.0336729 0.0956579 0.0012679 0.0289065 0.0851172 0.2397114 0.2544023 0.4254819 0.2439656 0.2658174 0.1646087 0.1127426 0.1065307 0.1148097 0.1280385 0.1226789 0.1120337 0.1064378 0.0286764 0.0519405 0.0526553 0.0520173 0.0562884 0.0273201 0.0273922 0.0297675 0.0295109 0.0302250 0.0335554 0.0317517 0.0316036 0.0000000 0.0000010 0.0000010 0.0048273 0.0329664 0.0335659 0.0331398 0.0332605 0.0335398 0.0292886 0.0308306 0.0321662 0.0626133 0.1175904 0.0838961 0.0847263 0.0811526 0.0938799 0.0935891 0.0904025 0.0903761 0.0903761 0.0916583 0.0911596 0.0949304 0.1570543 0.0253758 0.0253758 0.0286036 0.0535403 0.0746287 0.0274533 0.0257839 0.0313580 0.0032475 0.0400707 0.0294138 0.0332418 0.0283914 0.0285587 0.0286265 0.0276929 0.0277288 0.0343743 0.0294890 0.0294582 
HQ015401.1_Iasis_cylindrica                 0.1010963 0.1748571 0.1172092 0.0702501 0.1758144 0.0993762 0.1004782 0.0382217 0.1128365 0.0012679 0.0360910 0.0995441 0.2575422 0.2702143 0.4501312 0.2771617 0.3020179 0.1782034 0.1231194 0.1167129 0.1270890 0.1319183 0.1226789 0.1208896 0.1183747 0.0360637 0.0604705 0.0604705 0.0609416 0.0703249 0.0338986 0.0332339 0.0362923 0.0362171 0.0368636 0.0404150 0.0381904 0.0380157 0.0000010 0.0000000 0.0000010 0.0052854 0.0377254 0.0362015 0.0376281 0.0378200 0.0374536 0.0339297 0.0362345 0.0374855 0.0752939 0.1315072 0.0952888 0.0961333 0.0919310 0.1014031 0.1001787 0.0978881 0.0976252 0.0980888 0.0983256 0.0961689 0.1127390 0.1672884 0.0304833 0.0304833 0.0370366 0.0618418 0.0867238 0.0354552 0.0328597 0.0377340 0.0039411 0.0483549 0.0383660 0.0398842 0.0331479 0.0330961 0.0375109 0.0359731 0.0318983 0.0395996 0.0371510 0.0371126 
HQ015400.1_Iasis_cylindrica                 0.1029841 0.1700016 0.1146031 0.0702501 0.1729056 0.0993762 0.0990907 0.0387534 0.1105428 0.0012679 0.0360305 0.0993039 0.2488121 0.2641055 0.4445165 0.2697628 0.2961610 0.1745800 0.1242448 0.1149578 0.1226520 0.1293130 0.1226789 0.1199699 0.1156215 0.0361898 0.0656831 0.0602031 0.0607064 0.0690374 0.0332309 0.0329719 0.0362723 0.0360865 0.0369657 0.0402678 0.0378323 0.0377226 0.0000010 0.0000010 0.0000000 0.0052778 0.0377065 0.0362015 0.0376073 0.0378200 0.0362270 0.0337904 0.0361038 0.0367197 0.0749440 0.1271091 0.0934325 0.0939942 0.0915989 0.1014031 0.1036212 0.0974647 0.0960486 0.0976637 0.0983256 0.0950110 0.1173874 0.1672884 0.0298027 0.0303905 0.0370366 0.0617050 0.0867238 0.0354552 0.0328597 0.0377340 0.0039411 0.0483549 0.0383660 0.0398842 0.0331479 0.0330961 0.0375109 0.0359731 0.0318983 0.0395996 0.0371510 0.0371126 
HQ015399.1_Iasis_cylindrica                 0.0998145 0.1719944 0.1184741 0.0754414 0.1731998 0.0978898 0.0993297 0.0389755 0.1108284 0.0064229 0.0390076 0.0976213 0.2582313 0.2684723 0.4635112 0.2789765 0.2994644 0.1797163 0.1201628 0.1162660 0.1297061 0.1351302 0.1240439 0.1241882 0.1209536 0.0389366 0.0652045 0.0652045 0.0657052 0.0751108 0.0340315 0.0333638 0.0392270 0.0391253 0.0397567 0.0433575 0.0425713 0.0423741 0.0048273 0.0052854 0.0052778 0.0000000 0.0384408 0.0369548 0.0383686 0.0385863 0.0381501 0.0353898 0.0364112 0.0376478 0.0763166 0.1320715 0.0952021 0.0960456 0.0918480 0.1001964 0.0990187 0.0967030 0.0963786 0.0968179 0.0972612 0.0979673 0.1105831 0.1634085 0.0332582 0.0332582 0.0399964 0.0667769 0.0896037 0.0365615 0.0339433 0.0388745 0.0007806 0.0496489 0.0395045 0.0417717 0.0351593 0.0351035 0.0386428 0.0370997 0.0339271 0.0415149 0.0382956 0.0382558 
HQ015398.1_Cyclosalpa_sewelli               0.1108197 0.1700288 0.1141278 0.0806678 0.1710984 0.1038566 0.1093864 0.0000010 0.1096598 0.0358368 0.0370869 0.1057037 0.2610409 0.2707954 0.4463282 0.2827008 0.3006358 0.1826608 0.1197882 0.1207718 0.1245625 0.1353862 0.1219952 0.1245037 0.1150085 0.0370400 0.0720598 0.0720598 0.0714566 0.0746293 0.0299807 0.0299969 0.0344418 0.0342820 0.0349996 0.0391925 0.0376745 0.0375017 0.0329664 0.0377254 0.0377065 0.0384408 0.0000000 0.0000010 0.0000010 0.0000010 0.0000010 0.0089111 0.0095109 0.0095109 0.0740768 0.1201908 0.0961463 0.0949692 0.0972772 0.1096390 0.1091908 0.1063273 0.1062962 0.1062962 0.1069517 0.0984924 0.1094941 0.1629605 0.0366251 0.0366251 0.0359460 0.0730554 0.0891277 0.0316030 0.0300412 0.0095948 0.0435542 0.0166605 0.0310733 0.0000010 0.0179024 0.0178948 0.0302613 0.0320575 0.0173413 0.0000010 0.0278722 0.0278438 
HQ015397.1_Cyclosalpa_quadriluminis         0.1077263 0.1620917 0.1132241 0.0764943 0.1619693 0.1008111 0.1055434 0.0000010 0.0994010 0.0364062 0.0333800 0.0973567 0.2562675 0.2682291 0.4441510 0.2752948 0.2891283 0.1819151 0.1150216 0.1139186 0.1219420 0.1367653 0.1219952 0.1191503 0.1124937 0.0333800 0.0693113 0.0693113 0.0686850 0.0697839 0.0283764 0.0283921 0.0312825 0.0312825 0.0320120 0.0362873 0.0345715 0.0345715 0.0335659 0.0362015 0.0362015 0.0369548 0.0000010 0.0000000 0.0000010 0.0000010 0.0000010 0.0092217 0.0092200 0.0092200 0.0685149 0.1152186 0.0923880 0.0912002 0.0935297 0.1040321 0.1037088 0.1031370 0.1031060 0.1031060 0.1031060 0.0980953 0.0995599 0.1629605 0.0352235 0.0352235 0.0318477 0.0688877 0.0852821 0.0287939 0.0281009 0.0097996 0.0407048 0.0171413 0.0282046 0.0000010 0.0156595 0.0157485 0.0274236 0.0290416 0.0149381 0.0000010 0.0254893 0.0254632 
HQ015396.1_Cyclosalpa_polae                 0.1104686 0.1706555 0.1136985 0.0803132 0.1706853 0.1038566 0.1084375 0.0000010 0.1089766 0.0359370 0.0369426 0.1047231 0.2579904 0.2688806 0.4494012 0.2844321 0.3028409 0.1816853 0.1197797 0.1196070 0.1251985 0.1361540 0.1219952 0.1244645 0.1157573 0.0369426 0.0718550 0.0718550 0.0717589 0.0744137 0.0299036 0.0299196 0.0341924 0.0342820 0.0349079 0.0393469 0.0373830 0.0372797 0.0331398 0.0376281 0.0376073 0.0383686 0.0000010 0.0000010 0.0000000 0.0000010 0.0000010 0.0088893 0.0095110 0.0094876 0.0738623 0.1198085 0.0958526 0.0946805 0.0969788 0.1096390 0.1081617 0.1063266 0.1059637 0.1065468 0.1062209 0.0975872 0.1091485 0.1629605 0.0365299 0.0365299 0.0359460 0.0724309 0.0890263 0.0316030 0.0299915 0.0095948 0.0435542 0.0166605 0.0310733 0.0000010 0.0179024 0.0178771 0.0302308 0.0320575 0.0173413 0.0000010 0.0278722 0.0278438 
