80
3_Ihlea_punctata_non-spotted_D24MhexB1      0.0000000 0.1105615 0.0282187 0.0306666 0.0335917 0.0139764 0.0232281 0.0953504 0.0595509 0.3013565 0.0593950 0.0337423 0.0626493 0.0362905 0.1271731 0.0199348 0.0112899 0.1908939 0.0275025 0.1148841 0.1067239 0.0000010 0.0335917 0.0104638 0.0378054 0.0235504 0.1068091 0.1122309 0.0031620 0.0246859 0.3176733 0.0275025 0.0366063 0.1158972 0.0942636 0.0373222 0.2781685 0.0199348 0.1212861 0.1156549 0.0147791 0.0374335 0.0130658 0.0335917 0.0335917 0.1067239 0.1253927 0.0366063 0.0355737 0.0593950 0.0275025 0.1068091 0.0263145 0.0130658 0.1743617 0.1293470 0.1285870 0.0260420 0.4772912 0.1107550 0.0246859 0.1908939 0.1666425 0.1464659 0.1067348 0.0330275 0.0879070 0.1067239 0.0945979 0.0915167 0.1243023 0.0330871 0.1109802 0.0235460 0.2585787 0.1069217 0.0594433 0.1085784 0.0305163 0.1291854 
HQ015387.1_Pegea_confoederata               0.1105615 0.0000000 0.0860119 0.0977813 0.1024287 0.1152065 0.1127172 0.0918008 0.1291846 0.3757781 0.1267653 0.1007612 0.1356547 0.1081892 0.1546034 0.1165413 0.1065380 0.2036485 0.1033872 0.1572484 0.1457678 0.1111200 0.1017597 0.1060811 0.0988685 0.1121847 0.1482318 0.1516962 0.1099878 0.1074249 0.3490648 0.1042435 0.0973352 0.1423499 0.1167920 0.1055899 0.3087441 0.1169392 0.1475347 0.1429480 0.1163564 0.1016875 0.1098877 0.1020732 0.1008066 0.1490058 0.1744153 0.0998435 0.1012782 0.1298283 0.1035078 0.1539365 0.1057561 0.1091503 0.2013219 0.1430808 0.1510762 0.0970342 0.5302572 0.0034527 0.1081522 0.2021948 0.2235090 0.1415609 0.1533702 0.1107150 0.1286697 0.1485367 0.1201544 0.1316795 0.1631818 0.1099742 0.0102428 0.1124798 0.3302028 0.1340861 0.1309641 0.1510701 0.0919476 0.1450830 
HQ015402.1_Iasis_cylindrica                 0.0282187 0.0860119 0.0000000 0.0370671 0.0367221 0.0294430 0.0315556 0.0631495 0.0492751 0.2976764 0.0492060 0.0341411 0.0573850 0.0032815 0.1153449 0.0325509 0.0280977 0.1565443 0.0327426 0.1017859 0.0918124 0.0284571 0.0365872 0.0281749 0.0048875 0.0303673 0.0918702 0.1140663 0.0264592 0.0310774 0.2493959 0.0322592 0.0000010 0.1001493 0.0728095 0.0386544 0.2626011 0.0327068 0.1083364 0.1009526 0.0302677 0.0432728 0.0260442 0.0363889 0.0369989 0.0931433 0.1424463 0.0000010 0.0355583 0.0499525 0.0319773 0.0951778 0.0333373 0.0260442 0.1601593 0.1094660 0.1173286 0.0315779 0.4517946 0.0851574 0.0313294 0.1540330 0.1733671 0.1213283 0.0954933 0.0374472 0.0598677 0.0918124 0.0926241 0.0976391 0.1119603 0.0362497 0.0808276 0.0301933 0.2831432 0.0874112 0.0507219 0.0956853 0.0012788 0.1142114 
HQ015397.1_Cyclosalpa_quadriluminis         0.0306666 0.0977813 0.0370671 0.0000000 0.0000010 0.0292029 0.0349744 0.0708119 0.0687276 0.3366971 0.0694067 0.0093536 0.0742611 0.0445044 0.1250232 0.0372840 0.0300001 0.1710733 0.0347345 0.1185546 0.1094242 0.0309237 0.0000010 0.0300175 0.0407067 0.0160393 0.1094922 0.1200000 0.0299453 0.0361774 0.2938619 0.0339486 0.0398964 0.1028709 0.0872074 0.0049648 0.2883946 0.0372840 0.1184902 0.1027073 0.0300216 0.0152671 0.0379659 0.0000010 0.0000010 0.1094242 0.1575429 0.0398964 0.0093536 0.0694067 0.0339486 0.1101174 0.0099404 0.0379659 0.1721467 0.1192330 0.1289007 0.0099937 0.4819952 0.0991816 0.0361774 0.1698775 0.1946787 0.1236815 0.1104886 0.0000010 0.0778679 0.1094242 0.1014717 0.1067918 0.1295976 0.0393038 0.1011503 0.0159516 0.3035671 0.1009595 0.0689310 0.1121917 0.0402113 0.1197456 
HQ015395.1_Cyclosalpa_sewelli               0.0335917 0.1024287 0.0367221 0.0000010 0.0000000 0.0321196 0.0393601 0.0761578 0.0724175 0.3558757 0.0727154 0.0096833 0.0784858 0.0475528 0.1314314 0.0403283 0.0317483 0.1811440 0.0380065 0.1225084 0.1135087 0.0340802 0.0000010 0.0317662 0.0432017 0.0182314 0.1136608 0.1215038 0.0319018 0.0401942 0.3043288 0.0372277 0.0415786 0.1107552 0.0913990 0.0048518 0.2918710 0.0403283 0.1231694 0.1105816 0.0330051 0.0148352 0.0395117 0.0000010 0.0000010 0.1135087 0.1578143 0.0415786 0.0096783 0.0727154 0.0372493 0.1154996 0.0097322 0.0395117 0.1721467 0.1260013 0.1336513 0.0096837 0.4831443 0.1038256 0.0401942 0.1797789 0.1949453 0.1284429 0.1168579 0.0000010 0.0835388 0.1138794 0.1012972 0.1064363 0.1295976 0.0427138 0.1057689 0.0182618 0.3063277 0.1071757 0.0729900 0.1163478 0.0398384 0.1254952 
16_Ritteriella_amboinensis_D28RambOS1       0.0139764 0.1152065 0.0294430 0.0292029 0.0321196 0.0000000 0.0259849 0.0959650 0.0680976 0.3081682 0.0679156 0.0341066 0.0714639 0.0391395 0.1233265 0.0226324 0.0039812 0.1924608 0.0304220 0.1215318 0.1110894 0.0140454 0.0321196 0.0031789 0.0400037 0.0262667 0.1111783 0.1144394 0.0148371 0.0303356 0.3081217 0.0304220 0.0387723 0.1234449 0.0924554 0.0359586 0.2703223 0.0226324 0.1157548 0.1231808 0.0000010 0.0377558 0.0190627 0.0321498 0.0321196 0.1110894 0.1364183 0.0387723 0.0359585 0.0679156 0.0304220 0.1111783 0.0264049 0.0190627 0.1746505 0.1279658 0.1229825 0.0263156 0.4647527 0.1154106 0.0303356 0.1924608 0.1582608 0.1484555 0.1114033 0.0313922 0.0898118 0.1110894 0.0935914 0.0960058 0.1248511 0.0361050 0.1140350 0.0264580 0.2547004 0.1122366 0.0679710 0.1130090 0.0318694 0.1251317 
MZ333593.1_Salpa_younti                     0.0232281 0.1127172 0.0315556 0.0349744 0.0393601 0.0259849 0.0000000 0.0990455 0.0739103 0.3148784 0.0737087 0.0395430 0.0734092 0.0439528 0.1214423 0.0297329 0.0249650 0.1887414 0.0047980 0.1188803 0.1084519 0.0232672 0.0393601 0.0240564 0.0437615 0.0335544 0.1085400 0.1144783 0.0260070 0.0047940 0.3108722 0.0047980 0.0405409 0.1088650 0.1006929 0.0413424 0.2606295 0.0297329 0.1220362 0.1086359 0.0259166 0.0405788 0.0232098 0.0393601 0.0393601 0.1084519 0.1298794 0.0405409 0.0414607 0.0737087 0.0047980 0.1085400 0.0314673 0.0232098 0.1736996 0.1286713 0.1295059 0.0313841 0.4901236 0.1129192 0.0047940 0.1887414 0.1678434 0.1452429 0.1074991 0.0394008 0.0918475 0.1084519 0.1002217 0.0912664 0.1191276 0.0097174 0.1115608 0.0334648 0.2611506 0.1078936 0.0737693 0.1103639 0.0352657 0.1283133 
HQ015390.1_Thetys_vagina                    0.0953504 0.0918008 0.0631495 0.0708119 0.0761578 0.0959650 0.0990455 0.0000000 0.1006402 0.3153366 0.1005511 0.0762023 0.1083833 0.0949395 0.1032146 0.0875110 0.0812667 0.1774384 0.0849223 0.1103396 0.1015276 0.0956716 0.0756877 0.0804125 0.0791193 0.0946624 0.1019018 0.1148536 0.0921211 0.0868890 0.2649768 0.0847183 0.0766526 0.1205071 0.0628550 0.0788577 0.2275940 0.0879775 0.1001464 0.1212844 0.0970546 0.0853726 0.0804246 0.0759060 0.0749191 0.1028813 0.1325043 0.0780630 0.0752052 0.1005511 0.0841476 0.1048172 0.0930274 0.0804246 0.1650225 0.0970074 0.1086266 0.0719265 0.4618971 0.0921535 0.0874089 0.1746876 0.1720709 0.0588290 0.1040754 0.0998736 0.1032584 0.1020882 0.0803215 0.0849053 0.0960737 0.0905307 0.0945745 0.0948955 0.2646652 0.1001343 0.1027843 0.1052006 0.0653367 0.1004405 
HQ015413.1_Thalia_democratica               0.0595509 0.1291846 0.0492751 0.0687276 0.0724175 0.0680976 0.0739103 0.1006402 0.0000000 0.3319388 0.0017498 0.0683152 0.0036818 0.0604196 0.1559023 0.0657815 0.0607660 0.2038874 0.0706961 0.1408093 0.1280374 0.0606156 0.0721386 0.0613801 0.0638031 0.0677898 0.1281109 0.1505424 0.0585865 0.0689365 0.3471304 0.0704083 0.0585109 0.1195370 0.1140074 0.0778535 0.3091308 0.0661165 0.1541037 0.1205072 0.0690897 0.0767522 0.0586328 0.0718235 0.0723088 0.1310557 0.1828166 0.0587454 0.0690269 0.0023355 0.0697456 0.1340248 0.0680033 0.0586328 0.1922343 0.1480247 0.1581729 0.0659507 0.4886534 0.1255168 0.0700534 0.2007354 0.2239661 0.1366814 0.1337959 0.0721722 0.0383891 0.1280374 0.1269032 0.1266851 0.1398079 0.0732513 0.1219207 0.0679372 0.3298813 0.1158502 0.0000010 0.1340679 0.0529737 0.1476708 
AB013014.1_Oikopleura_dioica                0.3013565 0.3757781 0.2976764 0.3366971 0.3558757 0.3081682 0.3148784 0.3153366 0.3319388 0.0000000 0.3210365 0.3471919 0.3472261 0.3042587 0.3068744 0.3449827 0.3260215 0.4051170 0.3464366 0.3255617 0.3155626 0.3084101 0.3527391 0.3271876 0.3398936 0.3139124 0.3198799 0.3245410 0.3070560 0.3361541 0.4306681 0.3531530 0.3336275 0.3565491 0.2713273 0.3568958 0.4066682 0.3465354 0.2931775 0.3558324 0.3100274 0.3080216 0.3399617 0.3500794 0.3432985 0.3247704 0.3319783 0.3430415 0.3421080 0.3258974 0.3491733 0.3311099 0.3184957 0.3352105 0.3878087 0.3156516 0.3066224 0.3422759 0.8178483 0.3741386 0.3375683 0.3987452 0.3369857 0.3332914 0.3293951 0.3297576 0.3529734 0.3207939 0.3031296 0.2849349 0.2727160 0.3569312 0.3752763 0.3150520 0.4493216 0.3498430 0.3414652 0.3244565 0.3101133 0.3096440 
HQ015415.1_Thalia_democratica               0.0593950 0.1267653 0.0492060 0.0694067 0.0727154 0.0679156 0.0737087 0.1005511 0.0017498 0.3210365 0.0000000 0.0686716 0.0055254 0.0592782 0.1566851 0.0654802 0.0609559 0.1968709 0.0706947 0.1416488 0.1283812 0.0604543 0.0722770 0.0613857 0.0642096 0.0676094 0.1303739 0.1476698 0.0574677 0.0681280 0.3400394 0.0705613 0.0580354 0.1195172 0.1164646 0.0777034 0.3041777 0.0656848 0.1511479 0.1205156 0.0689052 0.0765657 0.0587764 0.0724803 0.0722750 0.1332613 0.1812941 0.0592032 0.0690585 0.0005775 0.0701018 0.1365243 0.0678218 0.0589161 0.1879128 0.1476633 0.1563118 0.0661313 0.4864766 0.1232808 0.0700650 0.1941000 0.2231255 0.1353547 0.1368808 0.0719770 0.0376637 0.1306303 0.1272717 0.1298609 0.1413366 0.0739127 0.1214313 0.0677560 0.3284527 0.1154196 0.0017912 0.1354688 0.0528940 0.1483429 
HQ015392.1_Cyclosalpa_affinis               0.0337423 0.1007612 0.0341411 0.0093536 0.0096833 0.0341066 0.0395430 0.0762023 0.0683152 0.3471919 0.0686716 0.0000000 0.0753793 0.0459195 0.1279932 0.0423823 0.0320646 0.1851979 0.0399265 0.1124811 0.1032885 0.0342352 0.0096509 0.0328592 0.0408881 0.0200398 0.1033505 0.1260311 0.0320451 0.0390235 0.3058684 0.0394865 0.0397249 0.1106193 0.0929838 0.0149775 0.2864605 0.0425840 0.1175738 0.1115015 0.0349995 0.0262882 0.0399937 0.0096504 0.0101889 0.1047696 0.1508826 0.0398760 0.0011638 0.0694526 0.0391436 0.1070314 0.0106150 0.0399937 0.1758724 0.1241735 0.1308502 0.0108098 0.4813727 0.1021275 0.0393393 0.1823366 0.1946925 0.1315722 0.1081304 0.0105946 0.0812900 0.1035415 0.1001273 0.0989443 0.1300013 0.0415892 0.1029405 0.0200737 0.3139497 0.1099676 0.0700547 0.1073946 0.0374188 0.1266041 
D14366.1_Thalia_democratica                 0.0626493 0.1356547 0.0573850 0.0742611 0.0784858 0.0714639 0.0734092 0.1083833 0.0036818 0.3472261 0.0055254 0.0753793 0.0000000 0.0651251 0.1570222 0.0728877 0.0686805 0.2129809 0.0756812 0.1464405 0.1352302 0.0637743 0.0784858 0.0678501 0.0722421 0.0700732 0.1353093 0.1558620 0.0616786 0.0745760 0.3768246 0.0746793 0.0667348 0.1255943 0.1120850 0.0831101 0.3171237 0.0728877 0.1554667 0.1253875 0.0724641 0.0765446 0.0655784 0.0788355 0.0784858 0.1352302 0.1926590 0.0667348 0.0753793 0.0055254 0.0746793 0.1353093 0.0701531 0.0655784 0.1969073 0.1464010 0.1633627 0.0733504 0.5143740 0.1334786 0.0745760 0.2116606 0.2298985 0.1466012 0.1350883 0.0743738 0.0430336 0.1353560 0.1302574 0.1282346 0.1435974 0.0785934 0.1297064 0.0702271 0.3426949 0.1178607 0.0036684 0.1368994 0.0611922 0.1491599 
6_Iasis_cf_cylindrica_yellow-tail_D22SyouB1 0.0362905 0.1081892 0.0032815 0.0445044 0.0475528 0.0391395 0.0439528 0.0949395 0.0604196 0.3042587 0.0592782 0.0459195 0.0651251 0.0000000 0.1212166 0.0452795 0.0400026 0.1830966 0.0487394 0.1062831 0.0965834 0.0364876 0.0475528 0.0390384 0.0007870 0.0374212 0.0966622 0.1067609 0.0334042 0.0485906 0.2985756 0.0487394 0.0039861 0.1205229 0.0900106 0.0505535 0.2560191 0.0452795 0.1219421 0.1202648 0.0392103 0.0512308 0.0370922 0.0475528 0.0475528 0.0965834 0.1266095 0.0039861 0.0478957 0.0592782 0.0487394 0.0966622 0.0414121 0.0370922 0.1622452 0.1204802 0.1266495 0.0413042 0.4966978 0.1083821 0.0485906 0.1830966 0.1582326 0.1510103 0.0966061 0.0468162 0.0875782 0.0965834 0.0931784 0.0876560 0.1152119 0.0536595 0.1037013 0.0376719 0.2504777 0.0984982 0.0603089 0.0983411 0.0053234 0.1234075 
AB104873.1_Perophora_sagamiensis            0.1271731 0.1546034 0.1153449 0.1250232 0.1314314 0.1233265 0.1214423 0.1032146 0.1559023 0.3068744 0.1566851 0.1279932 0.1570222 0.1212166 0.0000000 0.1435428 0.1321783 0.1571985 0.1401343 0.0723439 0.0662991 0.1295343 0.1310960 0.1314360 0.1301203 0.1172985 0.0652463 0.0545179 0.1275905 0.1384752 0.2524682 0.1398177 0.1242179 0.1604856 0.0833024 0.1367105 0.2145709 0.1435428 0.0373983 0.1600630 0.1245113 0.1166614 0.1370700 0.1311069 0.1301366 0.0668655 0.0654113 0.1265736 0.1257122 0.1577379 0.1402924 0.0665302 0.1194747 0.1363094 0.1474368 0.0440691 0.0424438 0.1275197 0.4545223 0.1524178 0.1384752 0.1571784 0.1259738 0.1363725 0.0635382 0.1266892 0.1745023 0.0670613 0.0541452 0.0520154 0.0351753 0.1392744 0.1542932 0.1176126 0.2196523 0.1571657 0.1561146 0.0684217 0.1245981 0.0470891 
HQ015403.1_Brooksia_rostrata                0.0199348 0.1165413 0.0325509 0.0372840 0.0403283 0.0226324 0.0297329 0.0875110 0.0657815 0.3449827 0.0654802 0.0423823 0.0728877 0.0452795 0.1435428 0.0000000 0.0262323 0.1905811 0.0342961 0.1302654 0.1215637 0.0193211 0.0401026 0.0256415 0.0447302 0.0318187 0.1231990 0.1343011 0.0226345 0.0328201 0.3234887 0.0338484 0.0389828 0.1133083 0.1049539 0.0433893 0.2996317 0.0000010 0.1350165 0.1129348 0.0234834 0.0507285 0.0151544 0.0403421 0.0397236 0.1233302 0.1590354 0.0400971 0.0433514 0.0659668 0.0338915 0.1265068 0.0375884 0.0150703 0.1867304 0.1328847 0.1489588 0.0375274 0.4719907 0.1156405 0.0328201 0.1888557 0.2019833 0.1397517 0.1264981 0.0408705 0.0850648 0.1234407 0.1112518 0.1149849 0.1313783 0.0356160 0.1154955 0.0318761 0.3122005 0.1062319 0.0664293 0.1247833 0.0345475 0.1379084 
HQ015411.1_Ritteriella_retracta             0.0112899 0.1065380 0.0280977 0.0300001 0.0317483 0.0039812 0.0249650 0.0812667 0.0607660 0.3260215 0.0609559 0.0320646 0.0686805 0.0400026 0.1321783 0.0262323 0.0000000 0.1826894 0.0277976 0.1181224 0.1086681 0.0114436 0.0315733 0.0005800 0.0359111 0.0225720 0.1093542 0.1244452 0.0146853 0.0274624 0.2956899 0.0277659 0.0342745 0.1126345 0.0929017 0.0343540 0.2896629 0.0263078 0.1219196 0.1120526 0.0047803 0.0386851 0.0171521 0.0316529 0.0314822 0.1116983 0.1528152 0.0357633 0.0334272 0.0617320 0.0276029 0.1145242 0.0262619 0.0175609 0.1782371 0.1280120 0.1325088 0.0274155 0.4669971 0.1046879 0.0271686 0.1814286 0.1895015 0.1357423 0.1154784 0.0292495 0.0747822 0.1095589 0.1016774 0.1038863 0.1227293 0.0326314 0.1043504 0.0226106 0.3008066 0.1064255 0.0624482 0.1138056 0.0300881 0.1322666 
FM244861.1_Doliolum_denticulatum            0.1908939 0.2036485 0.1565443 0.1710733 0.1811440 0.1924608 0.1887414 0.1774384 0.2038874 0.4051170 0.1968709 0.1851979 0.2129809 0.1830966 0.1571985 0.1905811 0.1826894 0.0000000 0.1846971 0.1635881 0.1561053 0.1906204 0.1811556 0.1847930 0.1840139 0.1858498 0.1563237 0.1503479 0.1943247 0.1853363 0.3211100 0.1876207 0.1785822 0.2138114 0.1548930 0.1865046 0.3014844 0.1909637 0.1462468 0.2101871 0.1927595 0.1542729 0.1901879 0.1815920 0.1767274 0.1562389 0.1824388 0.1833734 0.1791506 0.1991397 0.1869236 0.1611777 0.1837416 0.1875433 0.0000010 0.1537991 0.1550145 0.1812712 0.4940872 0.1997357 0.1840041 0.0005736 0.2374822 0.2071440 0.1596163 0.1842857 0.2184033 0.1566536 0.1450597 0.1410395 0.1472522 0.1983926 0.2047692 0.1870635 0.3533499 0.2338313 0.2073992 0.1595042 0.1693436 0.1633749 
HQ015407.1_Salpa_maxima                     0.0275025 0.1033872 0.0327426 0.0347345 0.0380065 0.0304220 0.0047980 0.0849223 0.0706961 0.3464366 0.0706947 0.0399265 0.0756812 0.0487394 0.1401343 0.0342961 0.0277976 0.1846971 0.0000000 0.1392086 0.1172735 0.0269567 0.0377917 0.0274659 0.0437168 0.0380996 0.1181011 0.1275975 0.0303667 0.0167835 0.3088616 0.0005873 0.0467773 0.1039276 0.1052854 0.0405694 0.3007829 0.0343977 0.1283128 0.1032330 0.0313079 0.0426676 0.0261824 0.0378897 0.0463080 0.1192921 0.1759000 0.0406000 0.0405210 0.0708458 0.0005842 0.1223035 0.0379551 0.0270416 0.1831695 0.1358522 0.1435128 0.0350510 0.4939314 0.1026588 0.0100494 0.1834384 0.2003163 0.1355128 0.1223042 0.0403086 0.0804433 0.1183302 0.1151017 0.1100458 0.1237326 0.0096373 0.1017353 0.0381717 0.3178464 0.1139167 0.0719845 0.1214061 0.0358021 0.1380333 
AB013011.1_Pyrosoma_atlanticum              0.1148841 0.1572484 0.1017859 0.1185546 0.1225084 0.1215318 0.1188803 0.1103396 0.1408093 0.3255617 0.1416488 0.1124811 0.1464405 0.1062831 0.0723439 0.1302654 0.1181224 0.1635881 0.1392086 0.0000000 0.0064867 0.1169852 0.1216759 0.1175651 0.1089460 0.1046417 0.0047418 0.0845356 0.1176657 0.1402449 0.2894135 0.1279914 0.1164241 0.1652906 0.0791232 0.1333583 0.2795269 0.1307280 0.0792891 0.1650287 0.1227200 0.1081486 0.1251693 0.1220681 0.1346930 0.0059779 0.1194763 0.1105234 0.1128322 0.1426590 0.1274478 0.0060565 0.1159138 0.1241294 0.1532777 0.0762890 0.0841929 0.1171308 0.4730252 0.1513156 0.1310793 0.1624478 0.1574003 0.1499973 0.0049148 0.1252841 0.1566788 0.0059564 0.0379471 0.0058412 0.0673521 0.1280424 0.1522716 0.1049150 0.2660083 0.1595143 0.1433386 0.0071396 0.1063288 0.0830927 
HQ015382.1_Pyrosomella_verticillata         0.1067239 0.1457678 0.0918124 0.1094242 0.1135087 0.1110894 0.1084519 0.1015276 0.1280374 0.3155626 0.1283812 0.1032885 0.1352302 0.0965834 0.0662991 0.1215637 0.1086681 0.1561053 0.1172735 0.0064867 0.0000000 0.1086370 0.1127517 0.1096792 0.0995521 0.0962946 0.0011487 0.0776881 0.1094067 0.1134574 0.2736669 0.1176630 0.0991442 0.1615727 0.0708328 0.1189389 0.2369063 0.1219895 0.0741833 0.1634024 0.1122390 0.0997380 0.1150966 0.1131076 0.1122745 0.0000010 0.0995612 0.1010356 0.1053374 0.1308676 0.1168013 0.0023688 0.1057101 0.1150693 0.1444016 0.0712417 0.0742951 0.1058808 0.4511264 0.1395233 0.1165544 0.1538603 0.1439786 0.1363425 0.0012026 0.1160678 0.1494471 0.0000010 0.0317949 0.0019034 0.0634294 0.1173310 0.1408938 0.0965376 0.2570757 0.1525388 0.1322520 0.0017463 0.0987390 0.0731525 
20_Ihlea_punctata_D31IpunOS1-2              0.0000010 0.1111200 0.0284571 0.0309237 0.0340802 0.0140454 0.0232672 0.0956716 0.0606156 0.3084101 0.0604543 0.0342352 0.0637743 0.0364876 0.1295343 0.0193211 0.0114436 0.1906204 0.0269567 0.1169852 0.1086370 0.0000000 0.0340802 0.0106060 0.0383665 0.0236705 0.1087247 0.1128163 0.0031934 0.0231458 0.3195992 0.0269567 0.0371448 0.1134951 0.0942997 0.0378689 0.2689932 0.0193211 0.1235197 0.1132557 0.0140454 0.0366213 0.0132460 0.0340802 0.0340802 0.1086370 0.1277108 0.0371448 0.0360947 0.0604543 0.0269567 0.1087247 0.0264114 0.0132460 0.1740833 0.1302279 0.1309822 0.0264114 0.4797605 0.1113173 0.0231458 0.1906204 0.1699659 0.1476344 0.1077967 0.0331087 0.0895991 0.1086370 0.0962408 0.0924809 0.1241171 0.0326013 0.1115469 0.0236705 0.2623176 0.1057968 0.0605041 0.1105379 0.0307948 0.1300632 
HQ015396.1_Cyclosalpa_polae                 0.0335917 0.1017597 0.0365872 0.0000010 0.0000010 0.0321196 0.0393601 0.0756877 0.0721386 0.3527391 0.0722770 0.0096509 0.0784858 0.0475528 0.1310960 0.0401026 0.0315733 0.1811556 0.0377917 0.1216759 0.1127517 0.0340802 0.0000000 0.0315909 0.0429554 0.0182314 0.1131801 0.1206805 0.0319018 0.0399663 0.3034595 0.0370178 0.0413428 0.1100220 0.0913990 0.0048425 0.2910692 0.0402151 0.1223297 0.1098506 0.0330051 0.0148352 0.0392914 0.0000010 0.0000010 0.1130291 0.1566914 0.0421846 0.0096277 0.0722770 0.0371155 0.1152105 0.0097322 0.0392914 0.1721467 0.1256810 0.1327319 0.0096331 0.4861137 0.1031444 0.0399663 0.1797974 0.1934811 0.1275735 0.1168579 0.0000010 0.0830171 0.1133968 0.1010517 0.1064363 0.1295976 0.0425580 0.1050735 0.0182618 0.3071258 0.1069140 0.0728260 0.1155656 0.0396829 0.1251749 
HQ015410.1_Ritteriella_retracta             0.0104638 0.1060811 0.0281749 0.0300175 0.0317662 0.0031789 0.0240564 0.0804125 0.0613801 0.3271876 0.0613857 0.0328592 0.0678501 0.0390384 0.1314360 0.0256415 0.0005800 0.1847930 0.0274659 0.1175651 0.1096792 0.0106060 0.0315909 0.0000000 0.0352078 0.0225883 0.1106228 0.1242686 0.0138434 0.0273680 0.3004665 0.0270811 0.0340148 0.1130583 0.0916813 0.0348151 0.2977355 0.0257574 0.1227597 0.1126810 0.0039761 0.0374550 0.0165164 0.0316706 0.0311641 0.1107133 0.1559703 0.0350633 0.0339989 0.0615946 0.0269223 0.1136048 0.0253667 0.0164785 0.1770147 0.1282976 0.1361670 0.0276668 0.4769644 0.1064511 0.0268298 0.1819578 0.1921188 0.1369448 0.1144495 0.0292713 0.0756473 0.1108324 0.1014737 0.1028397 0.1209512 0.0319327 0.1034072 0.0226269 0.3032036 0.1053575 0.0616490 0.1125983 0.0293429 0.1279968 
HQ015399.1_Iasis_cylindrica                 0.0378054 0.0988685 0.0048875 0.0407067 0.0432017 0.0400037 0.0437615 0.0791193 0.0638031 0.3398936 0.0642096 0.0408881 0.0722421 0.0007870 0.1301203 0.0447302 0.0359111 0.1840139 0.0437168 0.1089460 0.0995521 0.0383665 0.0429554 0.0352078 0.0000000 0.0373273 0.0999225 0.1228304 0.0350301 0.0428194 0.2900003 0.0431468 0.0059557 0.1178951 0.0891711 0.0451170 0.2866309 0.0449446 0.1257856 0.1181749 0.0409135 0.0536613 0.0350629 0.0422424 0.0427002 0.1004919 0.1518897 0.0065830 0.0422073 0.0642096 0.0430293 0.1023920 0.0413470 0.0350629 0.1709859 0.1215906 0.1352999 0.0388065 0.4962576 0.0979970 0.0429026 0.1813526 0.1907115 0.1391422 0.1024652 0.0466118 0.0816318 0.0989057 0.1013941 0.0960313 0.1133918 0.0467606 0.0929189 0.0373980 0.3023686 0.1002214 0.0657780 0.1028052 0.0065022 0.1238578 
9_Helicosalpa_virgula_MarcHughes_specimen2  0.0235504 0.1121847 0.0303673 0.0160393 0.0182314 0.0262667 0.0335544 0.0946624 0.0677898 0.3139124 0.0676094 0.0200398 0.0700732 0.0374212 0.1172985 0.0318187 0.0225720 0.1858498 0.0380996 0.1046417 0.0962946 0.0236705 0.0182314 0.0225883 0.0373273 0.0000000 0.0963738 0.1013831 0.0235513 0.0361176 0.3063400 0.0380996 0.0351600 0.1167182 0.0841581 0.0236577 0.2632955 0.0318187 0.1129120 0.1164708 0.0263364 0.0277249 0.0289810 0.0182479 0.0182314 0.0962946 0.1210809 0.0351600 0.0217719 0.0676094 0.0380996 0.0963738 0.0156187 0.0289810 0.1648367 0.1193844 0.1200633 0.0155675 0.4992528 0.1123845 0.0361176 0.1858498 0.1579780 0.1443497 0.0964214 0.0174767 0.0978742 0.0962946 0.0812626 0.0846315 0.1181207 0.0420739 0.1135575 0.0000010 0.2585699 0.1094189 0.0676643 0.0980618 0.0339391 0.1192305 
HQ015383.1_Pyrosomella_verticillata         0.1068091 0.1482318 0.0918702 0.1094922 0.1136608 0.1111783 0.1085400 0.1019018 0.1281109 0.3198799 0.1303739 0.1033505 0.1353093 0.0966622 0.0652463 0.1231990 0.1093542 0.1563237 0.1181011 0.0047418 0.0011487 0.1087247 0.1131801 0.1106228 0.0999225 0.0963738 0.0000000 0.0770577 0.1094936 0.1152852 0.2754986 0.1181159 0.0996928 0.1635728 0.0708908 0.1198043 0.2414443 0.1239168 0.0726589 0.1650034 0.1123285 0.0998403 0.1157361 0.1131750 0.1130183 0.0011681 0.0991569 0.1001465 0.1059735 0.1313666 0.1168704 0.0000010 0.1057956 0.1157361 0.1444848 0.0704903 0.0727838 0.1062727 0.4489812 0.1417614 0.1173733 0.1538771 0.1472022 0.1374523 0.0000010 0.1161603 0.1506301 0.0011509 0.0321949 0.0006325 0.0606093 0.1174006 0.1417012 0.0966171 0.2556000 0.1534461 0.1330183 0.0023530 0.0988046 0.0724716 
AB013017.1_Ciona_intestinalis               0.1122309 0.1516962 0.1140663 0.1200000 0.1215038 0.1144394 0.1144783 0.1148536 0.1505424 0.3245410 0.1476698 0.1260311 0.1558620 0.1067609 0.0545179 0.1343011 0.1244452 0.1503479 0.1275975 0.0845356 0.0776881 0.1128163 0.1206805 0.1242686 0.1228304 0.1013831 0.0770577 0.0000000 0.1125869 0.1296291 0.2576893 0.1274433 0.1185317 0.1605255 0.0860373 0.1263869 0.2137754 0.1347783 0.0582117 0.1586632 0.1155819 0.0983896 0.1295940 0.1211516 0.1196489 0.0782770 0.0831426 0.1215535 0.1222258 0.1502240 0.1282581 0.0794280 0.1055884 0.1284259 0.1437133 0.0614475 0.0642518 0.1201714 0.4555596 0.1482850 0.1311743 0.1508027 0.1363032 0.1323708 0.0756080 0.1078275 0.1667347 0.0789716 0.0703521 0.0667140 0.0392872 0.1323256 0.1505559 0.1016397 0.2526206 0.1635409 0.1517572 0.0803121 0.1244564 0.0675379 
4_Ihlea_punctata_D24IpunB1                  0.0031620 0.1099878 0.0264592 0.0299453 0.0319018 0.0148371 0.0260070 0.0921211 0.0585865 0.3070560 0.0574677 0.0320451 0.0616786 0.0334042 0.1275905 0.0226345 0.0146853 0.1943247 0.0303667 0.1176657 0.1094067 0.0031934 0.0319018 0.0138434 0.0350301 0.0235513 0.1094936 0.1125869 0.0000000 0.0283981 0.3140565 0.0303667 0.0338596 0.1162922 0.0903834 0.0356245 0.2763899 0.0226345 0.1204684 0.1160483 0.0156703 0.0362784 0.0156586 0.0319556 0.0319018 0.1094067 0.1255429 0.0338596 0.0338741 0.0574677 0.0303667 0.1094936 0.0245949 0.0156586 0.1751342 0.1280790 0.1275872 0.0243849 0.4804765 0.1101811 0.0283981 0.1943247 0.1669734 0.1421157 0.1098039 0.0312627 0.0872273 0.1094067 0.0909108 0.0945317 0.1284537 0.0360404 0.1104061 0.0236153 0.2590632 0.1049583 0.0584807 0.1112891 0.0286151 0.1296119 
HQ015406.1_Salpa_thompsoni                  0.0246859 0.1074249 0.0310774 0.0361774 0.0401942 0.0303356 0.0047940 0.0868890 0.0689365 0.3361541 0.0681280 0.0390235 0.0745760 0.0485906 0.1384752 0.0328201 0.0274624 0.1853363 0.0167835 0.1402449 0.1134574 0.0231458 0.0399663 0.0273680 0.0428194 0.0361176 0.1152852 0.1296291 0.0283981 0.0000000 0.2993638 0.0083900 0.0479291 0.1058919 0.1030163 0.0443001 0.3028704 0.0329168 0.1309694 0.1063678 0.0293092 0.0413707 0.0247247 0.0400704 0.0498371 0.1177894 0.1796225 0.0397279 0.0410141 0.0698837 0.0083440 0.1218835 0.0341070 0.0255999 0.1805651 0.1355985 0.1446010 0.0325965 0.4910468 0.1061800 0.0023152 0.1879999 0.1993916 0.1333329 0.1183670 0.0422773 0.0820424 0.1155050 0.1136474 0.1072680 0.1227771 0.0114787 0.1058849 0.0342127 0.3175906 0.1071336 0.0709162 0.1199005 0.0340871 0.1365987 
M97571.1_Branchiostoma_floridae             0.3176733 0.3490648 0.2493959 0.2938619 0.3043288 0.3081217 0.3108722 0.2649768 0.3471304 0.4306681 0.3400394 0.3058684 0.3768246 0.2985756 0.2524682 0.3234887 0.2956899 0.3211100 0.3088616 0.2894135 0.2736669 0.3195992 0.3034595 0.3004665 0.2900003 0.3063400 0.2754986 0.2576893 0.3140565 0.2993638 0.0000000 0.3151072 0.2795826 0.3404680 0.2626135 0.3116645 0.3222903 0.3249122 0.2351577 0.3445205 0.3099688 0.3174281 0.3110824 0.3011538 0.2970225 0.2813665 0.2610210 0.2873825 0.3030971 0.3464596 0.3104780 0.2900255 0.3016135 0.3052948 0.3069880 0.2431258 0.2362022 0.2922074 0.4678976 0.3371341 0.3044129 0.3158615 0.2724496 0.3204262 0.2866273 0.3075265 0.3294012 0.2762272 0.2568000 0.2626595 0.2332061 0.3247015 0.3428482 0.3066283 0.2324377 0.3519004 0.3619968 0.2837654 0.2703126 0.2445840 
HQ015409.1_Salpa_fusiformis                 0.0275025 0.1042435 0.0322592 0.0339486 0.0372277 0.0304220 0.0047980 0.0847183 0.0704083 0.3531530 0.0705613 0.0394865 0.0746793 0.0487394 0.1398177 0.0338484 0.0277659 0.1876207 0.0005873 0.1279914 0.1176630 0.0269567 0.0370178 0.0270811 0.0431468 0.0380996 0.1181159 0.1274433 0.0303667 0.0083900 0.3151072 0.0000000 0.0391531 0.1046274 0.1052854 0.0390714 0.2860487 0.0339621 0.1309511 0.1044651 0.0313079 0.0426676 0.0256394 0.0372906 0.0369965 0.1180456 0.1633807 0.0399819 0.0408044 0.0705613 0.0000010 0.1203608 0.0379551 0.0256394 0.1815308 0.1366359 0.1416201 0.0345946 0.4951953 0.1042147 0.0083900 0.1862338 0.2019107 0.1347733 0.1210004 0.0403086 0.0804196 0.1183466 0.1153182 0.1087468 0.1237326 0.0090818 0.1014125 0.0381717 0.3161582 0.1129034 0.0711304 0.1205714 0.0350528 0.1341285 
HQ015400.1_Iasis_cylindrica                 0.0366063 0.0973352 0.0000010 0.0398964 0.0415786 0.0387723 0.0405409 0.0766526 0.0585109 0.3336275 0.0580354 0.0397249 0.0667348 0.0039861 0.1242179 0.0389828 0.0342745 0.1785822 0.0467773 0.1164241 0.0991442 0.0371448 0.0413428 0.0340148 0.0059557 0.0351600 0.0996928 0.1185317 0.0338596 0.0479291 0.2795826 0.0391531 0.0000000 0.1152034 0.0860471 0.0441363 0.2985874 0.0390981 0.1187930 0.1143248 0.0396736 0.0522485 0.0312866 0.0414506 0.0504972 0.1005734 0.1600587 0.0005854 0.0403200 0.0580277 0.0389455 0.1031440 0.0400901 0.0320668 0.1716271 0.1189482 0.1301546 0.0363136 0.4738971 0.0957870 0.0396594 0.1774118 0.1841360 0.1374430 0.1038181 0.0445753 0.0748589 0.0998759 0.0970527 0.0976391 0.1119603 0.0433982 0.0923820 0.0352255 0.2999879 0.1009900 0.0594883 0.1026736 0.0012788 0.1283841 
HQ015378.1_Ihlea_racovitzai                 0.1158972 0.1423499 0.1001493 0.1028709 0.1107552 0.1234449 0.1088650 0.1205071 0.1195370 0.3565491 0.1195172 0.1106193 0.1255943 0.1205229 0.1604856 0.1133083 0.1126345 0.2138114 0.1039276 0.1652906 0.1615727 0.1134951 0.1100220 0.1130583 0.1178951 0.1167182 0.1635728 0.1605255 0.1162922 0.1058919 0.3404680 0.1046274 0.1152034 0.0000000 0.1308589 0.1204981 0.3215386 0.1139509 0.1508046 0.0000010 0.1244480 0.0962435 0.1124520 0.1103664 0.1090683 0.1656490 0.1858159 0.1180001 0.1094452 0.1204340 0.1038813 0.1685274 0.1163053 0.1117956 0.2083384 0.1589035 0.1630188 0.1147374 0.5619993 0.1456268 0.1067209 0.2105582 0.2392093 0.1649513 0.1676695 0.1138880 0.1200651 0.1639259 0.1391582 0.1452484 0.1660952 0.1129133 0.1534948 0.1168627 0.3505927 0.0723538 0.1221803 0.1674155 0.1087914 0.1528024 
28_Metcalfina_hexagona_D39MhexB1            0.0942636 0.1167920 0.0728095 0.0872074 0.0913990 0.0924554 0.1006929 0.0628550 0.1140074 0.2713273 0.1164646 0.0929838 0.1120850 0.0900106 0.0833024 0.1049539 0.0929017 0.1548930 0.1052854 0.0791232 0.0708328 0.0942997 0.0913990 0.0916813 0.0891711 0.0841581 0.0708908 0.0860373 0.0903834 0.1030163 0.2626135 0.1052854 0.0860471 0.1308589 0.0000000 0.0956446 0.1921498 0.1049539 0.0818117 0.1305766 0.0935473 0.0776039 0.0949907 0.0914980 0.0913990 0.0708328 0.1068148 0.0860471 0.0918639 0.1164646 0.1052854 0.0708908 0.0859836 0.0949907 0.1378054 0.0738869 0.0839629 0.0862498 0.4548928 0.1156391 0.1030163 0.1548930 0.1355706 0.0990615 0.0706613 0.0902396 0.1424028 0.0708328 0.0451031 0.0520998 0.0829686 0.1071664 0.1203505 0.0855332 0.2028360 0.1219673 0.1137691 0.0722808 0.0808369 0.0779877 
FM244864.1_Cyclosalpa_quadriluminis         0.0373222 0.1055899 0.0386544 0.0049648 0.0048518 0.0359586 0.0413424 0.0788577 0.0778535 0.3568958 0.0777034 0.0149775 0.0831101 0.0505535 0.1367105 0.0433893 0.0343540 0.1865046 0.0405694 0.1333583 0.1189389 0.0378689 0.0048425 0.0348151 0.0451170 0.0236577 0.1198043 0.1263869 0.0356245 0.0443001 0.3116645 0.0390714 0.0441363 0.1204981 0.0956446 0.0000000 0.3024341 0.0433133 0.1277254 0.1186947 0.0368546 0.0241320 0.0406411 0.0048779 0.0072043 0.1196419 0.1693582 0.0443270 0.0146987 0.0779495 0.0391763 0.1203573 0.0148808 0.0421743 0.1784405 0.1264750 0.1407127 0.0136281 0.4954928 0.1062822 0.0419637 0.1905858 0.2030576 0.1323516 0.1214535 0.0064772 0.0859568 0.1200408 0.1053627 0.1104908 0.1365605 0.0447625 0.1098251 0.0236986 0.3190810 0.1120888 0.0771545 0.1217497 0.0418921 0.1327245 
L12426.2_Molgula_manhattensis               0.2781685 0.3087441 0.2626011 0.2883946 0.2918710 0.2703223 0.2606295 0.2275940 0.3091308 0.4066682 0.3041777 0.2864605 0.3171237 0.2560191 0.2145709 0.2996317 0.2896629 0.3014844 0.3007829 0.2795269 0.2369063 0.2689932 0.2910692 0.2977355 0.2866309 0.2632955 0.2414443 0.2137754 0.2763899 0.3028704 0.3222903 0.2860487 0.2985874 0.3215386 0.1921498 0.3024341 0.0000000 0.2992549 0.2037986 0.3188309 0.2717757 0.2275266 0.2907904 0.2945426 0.2948290 0.2454809 0.2203850 0.2865303 0.2788665 0.3123166 0.2856718 0.2501783 0.2648714 0.2856180 0.2913297 0.2019834 0.2001885 0.2845490 0.6201640 0.3018135 0.2865085 0.3084175 0.1559976 0.2750204 0.2477830 0.2661383 0.3261744 0.2420514 0.2164061 0.2345170 0.1794846 0.2881998 0.2978714 0.2678224 0.3364586 0.3136352 0.3174658 0.2471674 0.2853295 0.2092071 
HQ015404.1_Brooksia_rostrata                0.0199348 0.1169392 0.0327068 0.0372840 0.0403283 0.0226324 0.0297329 0.0879775 0.0661165 0.3465354 0.0656848 0.0425840 0.0728877 0.0452795 0.1435428 0.0000010 0.0263078 0.1909637 0.0343977 0.1307280 0.1219895 0.0193211 0.0402151 0.0257574 0.0449446 0.0318187 0.1239168 0.1347783 0.0226345 0.0329168 0.3249122 0.0339621 0.0390981 0.1139509 0.1049539 0.0433133 0.2992549 0.0000000 0.1354972 0.1133245 0.0234834 0.0507285 0.0152211 0.0405340 0.0398413 0.1237504 0.1596222 0.0402866 0.0434805 0.0663002 0.0340507 0.1265068 0.0375884 0.0151127 0.1867304 0.1325781 0.1494955 0.0377021 0.4743298 0.1160352 0.0329168 0.1895737 0.2027689 0.1402475 0.1264981 0.0408705 0.0853414 0.1241613 0.1110082 0.1149849 0.1313783 0.0357853 0.1161461 0.0318761 0.3135578 0.1062319 0.0664293 0.1250182 0.0347231 0.1375859 
AF165821.2_Chelyosoma_siboja                0.1212861 0.1475347 0.1083364 0.1184902 0.1231694 0.1157548 0.1220362 0.1001464 0.1541037 0.2931775 0.1511479 0.1175738 0.1554667 0.1219421 0.0373983 0.1350165 0.1219196 0.1462468 0.1283128 0.0792891 0.0741833 0.1235197 0.1223297 0.1227597 0.1257856 0.1129120 0.0726589 0.0582117 0.1204684 0.1309694 0.2351577 0.1309511 0.1187930 0.1508046 0.0818117 0.1277254 0.2037986 0.1354972 0.0000000 0.1499679 0.1169197 0.1025957 0.1309424 0.1214775 0.1191517 0.0738263 0.0718918 0.1230080 0.1146057 0.1536114 0.1299738 0.0739943 0.1124585 0.1298872 0.1415008 0.0400480 0.0154481 0.1206799 0.4506181 0.1378258 0.1301831 0.1467371 0.1185579 0.1288767 0.0730245 0.1168320 0.1642688 0.0744981 0.0556662 0.0594626 0.0350743 0.1312577 0.1401502 0.1132111 0.2475897 0.1626622 0.1563322 0.0758385 0.1191395 0.0468475 
FM244865.1_Ihlea_racovitzai                 0.1156549 0.1429480 0.1009526 0.1027073 0.1105816 0.1231808 0.1086359 0.1212844 0.1205072 0.3558324 0.1205156 0.1115015 0.1253875 0.1202648 0.1600630 0.1129348 0.1120526 0.2101871 0.1032330 0.1650287 0.1634024 0.1132557 0.1098506 0.1126810 0.1181749 0.1164708 0.1650034 0.1586632 0.1160483 0.1063678 0.3445205 0.1044651 0.1143248 0.0000010 0.1305766 0.1186947 0.3188309 0.1133245 0.1499679 0.0000000 0.1241820 0.0959968 0.1127164 0.1105444 0.1072799 0.1653628 0.1860573 0.1181045 0.1088806 0.1214053 0.1045360 0.1694626 0.1160594 0.1117555 0.2079453 0.1574185 0.1620996 0.1156527 0.5574535 0.1455084 0.1053507 0.2098097 0.2382230 0.1635853 0.1673700 0.1136475 0.1211904 0.1653628 0.1382536 0.1449850 0.1655941 0.1136391 0.1538805 0.1166146 0.3414924 0.0722493 0.1219830 0.1673998 0.1086076 0.1562571 
7_Ritteriella_amboinensis_D23RambB1         0.0147791 0.1163564 0.0302677 0.0300216 0.0330051 0.0000010 0.0259166 0.0970546 0.0690897 0.3100274 0.0689052 0.0349995 0.0724641 0.0392103 0.1245113 0.0234834 0.0047803 0.1927595 0.0313079 0.1227200 0.1122390 0.0140454 0.0330051 0.0039761 0.0409135 0.0263364 0.1123285 0.1155819 0.0156703 0.0293092 0.3099688 0.0313079 0.0396736 0.1244480 0.0935473 0.0368546 0.2717757 0.0234834 0.1169197 0.1241820 0.0000000 0.0375759 0.0199025 0.0330051 0.0330051 0.1122390 0.1376380 0.0396736 0.0368546 0.0689052 0.0313079 0.1123285 0.0264049 0.0199025 0.1758799 0.1291655 0.1241668 0.0271789 0.4631847 0.1165624 0.0293092 0.1927595 0.1595611 0.1497009 0.1121945 0.0313093 0.0908847 0.1122390 0.0946854 0.0968808 0.1248511 0.0370049 0.1151835 0.0272534 0.2563372 0.1131311 0.0689612 0.1141678 0.0327556 0.1263246 
27_Cyclosalpa_polae_D38CpolB1               0.0374335 0.1016875 0.0432728 0.0152671 0.0148352 0.0377558 0.0405788 0.0853726 0.0767522 0.3080216 0.0765657 0.0262882 0.0765446 0.0512308 0.1166614 0.0507285 0.0386851 0.1542729 0.0426676 0.1081486 0.0997380 0.0366213 0.0148352 0.0374550 0.0536613 0.0277249 0.0998403 0.0983896 0.0362784 0.0413707 0.3174281 0.0426676 0.0522485 0.0962435 0.0776039 0.0241320 0.2275266 0.0507285 0.1025957 0.0959968 0.0375759 0.0000000 0.0464150 0.0148352 0.0148352 0.0997380 0.1121019 0.0522485 0.0262882 0.0765657 0.0426676 0.0998403 0.0194550 0.0464150 0.1346863 0.1117473 0.1095943 0.0204621 0.4513885 0.1016875 0.0413707 0.1542729 0.1558855 0.1277523 0.0995421 0.0138630 0.0854928 0.0997380 0.0819337 0.0814039 0.1081639 0.0467377 0.1045923 0.0289272 0.2374292 0.1047149 0.0765657 0.1018789 0.0497258 0.1119605 
KR057222.1_Brooksia_lacromae                0.0130658 0.1098877 0.0260442 0.0379659 0.0395117 0.0190627 0.0232098 0.0804246 0.0586328 0.3399617 0.0587764 0.0399937 0.0655784 0.0370922 0.1370700 0.0151544 0.0171521 0.1901879 0.0261824 0.1251693 0.1150966 0.0132460 0.0392914 0.0165164 0.0350629 0.0289810 0.1157361 0.1295940 0.0156586 0.0247247 0.3110824 0.0256394 0.0312866 0.1124520 0.0949907 0.0406411 0.2907904 0.0152211 0.1309424 0.1127164 0.0199025 0.0464150 0.0000000 0.0393920 0.0390049 0.1164174 0.1542787 0.0321373 0.0412222 0.0588685 0.0255726 0.1184632 0.0346549 0.0000010 0.1818423 0.1350009 0.1447486 0.0338372 0.4812472 0.1102730 0.0247702 0.1874514 0.1991209 0.1381214 0.1204097 0.0398160 0.0762254 0.1159580 0.1088252 0.1100038 0.1241145 0.0305483 0.1063051 0.0290325 0.3036341 0.1008797 0.0594473 0.1186943 0.0277050 0.1368162 
HQ015398.1_Cyclosalpa_sewelli               0.0335917 0.1020732 0.0363889 0.0000010 0.0000010 0.0321498 0.0393601 0.0759060 0.0718235 0.3500794 0.0724803 0.0096504 0.0788355 0.0475528 0.1311069 0.0403421 0.0316529 0.1815920 0.0378897 0.1220681 0.1131076 0.0340802 0.0000010 0.0316706 0.0422424 0.0182479 0.1131750 0.1211516 0.0319556 0.0400704 0.3011538 0.0372906 0.0414506 0.1103664 0.0914980 0.0048779 0.2945426 0.0405340 0.1214775 0.1105444 0.0330051 0.0148352 0.0393920 0.0000000 0.0000010 0.1138412 0.1558001 0.0414748 0.0096504 0.0724803 0.0371135 0.1163466 0.0097322 0.0393920 0.1721467 0.1269413 0.1320154 0.0096558 0.4869906 0.1034637 0.0401247 0.1790909 0.1945182 0.1279837 0.1168579 0.0000010 0.0832601 0.1131076 0.1020143 0.1064363 0.1295976 0.0423840 0.1053997 0.0182618 0.3089013 0.1079412 0.0734656 0.1166045 0.0395671 0.1251460 
HQ015394.1_Cyclosalpa_polae                 0.0335917 0.1008066 0.0369989 0.0000010 0.0000010 0.0321196 0.0393601 0.0749191 0.0723088 0.3432985 0.0722750 0.0101889 0.0784858 0.0475528 0.1301366 0.0397236 0.0314822 0.1767274 0.0463080 0.1346930 0.1122745 0.0340802 0.0000010 0.0311641 0.0427002 0.0182314 0.1130183 0.1196489 0.0319018 0.0498371 0.2970225 0.0369965 0.0504972 0.1090683 0.0913990 0.0072043 0.2948290 0.0398413 0.1191517 0.1072799 0.0330051 0.0148352 0.0390049 0.0000010 0.0000000 0.1130291 0.1616599 0.0419835 0.0100068 0.0724449 0.0367750 0.1158738 0.0097322 0.0398154 0.1721467 0.1237745 0.1329575 0.0101702 0.4839214 0.1014490 0.0413147 0.1763380 0.1917534 0.1285172 0.1168579 0.0000010 0.0828709 0.1132329 0.0998371 0.1064363 0.1295976 0.0421606 0.1041576 0.0182618 0.3045701 0.1067264 0.0727067 0.1151280 0.0395671 0.1277566 
HQ015380.1_Pyrosomella_verticillata         0.1067239 0.1490058 0.0931433 0.1094242 0.1135087 0.1110894 0.1084519 0.1028813 0.1310557 0.3247704 0.1332613 0.1047696 0.1352302 0.0965834 0.0668655 0.1233302 0.1116983 0.1562389 0.1192921 0.0059779 0.0000010 0.1086370 0.1130291 0.1107133 0.1004919 0.0962946 0.0011681 0.0782770 0.1094067 0.1177894 0.2813665 0.1180456 0.1005734 0.1656490 0.0708328 0.1196419 0.2454809 0.1237504 0.0738263 0.1653628 0.1122390 0.0997380 0.1164174 0.1138412 0.1130291 0.0000000 0.1031190 0.1005734 0.1065580 0.1332613 0.1181345 0.0011855 0.1057101 0.1164174 0.1444016 0.0721590 0.0758607 0.1085270 0.4517922 0.1440920 0.1177894 0.1549872 0.1458113 0.1387391 0.0012026 0.1160678 0.1526389 0.0000010 0.0321564 0.0019034 0.0634294 0.1186763 0.1425797 0.0965376 0.2521728 0.1532350 0.1328367 0.0011730 0.0990807 0.0741399 
L12378.2_Ascidia_ceratodes                  0.1253927 0.1744153 0.1424463 0.1575429 0.1578143 0.1364183 0.1298794 0.1325043 0.1828166 0.3319783 0.1812941 0.1508826 0.1926590 0.1266095 0.0654113 0.1590354 0.1528152 0.1824388 0.1759000 0.1194763 0.0995612 0.1277108 0.1566914 0.1559703 0.1518897 0.1210809 0.0991569 0.0831426 0.1255429 0.1796225 0.2610210 0.1633807 0.1600587 0.1858159 0.1068148 0.1693582 0.2203850 0.1596222 0.0718918 0.1860573 0.1376380 0.1121019 0.1542787 0.1558001 0.1616599 0.1031190 0.0000000 0.1482952 0.1480283 0.1857388 0.1620987 0.1047242 0.1292793 0.1528650 0.1758631 0.0759913 0.0801289 0.1481937 0.4780362 0.1709026 0.1654166 0.1868646 0.1512361 0.1764753 0.1019782 0.1367493 0.2035404 0.1012837 0.0835207 0.0946467 0.0661908 0.1610912 0.1768017 0.1214075 0.2678620 0.1831457 0.1891686 0.1051982 0.1571390 0.0860341 
