84
13_Cyclosalpa_bakeri_D27CbakB1              0.0000000 0.1058159 0.0106198 0.0097359 0.1058159 0.1593095 0.1125847 0.0097810 0.1058999 0.0253803 0.1058730 0.1201611 0.0148877 0.0000010 0.1839774 0.0194649 0.2549175 0.0401168 0.1060602 0.1203288 0.0264262 0.1231954 0.0257241 0.0702092 0.0314818 0.1058159 0.2652948 0.0678760 0.0263296 0.1161755 0.0341247 0.0333591 0.1134214 0.0678760 0.0680567 0.3043447 0.0878058 0.0376124 0.1087066 0.0099441 0.0929724 0.1056081 0.1076847 0.0156835 0.0264198 0.1160324 0.0413779 0.4781973 0.0401168 0.0372241 0.1197785 0.0860790 0.0156253 0.1057148 0.0097359 0.1670938 0.0931292 0.0379741 0.0122890 0.0379741 0.0341247 0.0679303 0.1294158 0.0098801 0.3205402 0.0246093 0.0400366 0.0262766 0.1058999 0.0264198 0.0257000 0.0097359 0.0414429 0.0376124 0.1164219 0.0379741 0.0097359 0.0149858 0.0931070 0.1839774 0.0346746 0.0346746 0.1196113 0.1403960 
HQ015382.1_Pyrosomella_verticillata         0.1058159 0.0000000 0.1033935 0.1132310 0.0000010 0.1441653 0.0742498 0.1161874 0.0011490 0.1098130 0.1459704 0.0732185 0.1190760 0.1059871 0.1540293 0.0998266 0.2553988 0.1011511 0.1397097 0.0713111 0.1087436 0.0634838 0.1032311 0.1353779 0.1085664 0.0000010 0.2368556 0.1310058 0.1068276 0.1636249 0.1166955 0.0919150 0.1528429 0.1285195 0.1281754 0.2725430 0.0318124 0.1221487 0.1410821 0.1095473 0.1496425 0.0012030 0.0017468 0.0966415 0.1123620 0.0064890 0.0996684 0.4513028 0.0992599 0.0988595 0.0743623 0.0708881 0.0963997 0.0777607 0.1124006 0.1445547 0.0019039 0.1178062 0.1054470 0.1174200 0.1135908 0.1323970 0.0996522 0.1110566 0.3169608 0.1095111 0.1174794 0.1088031 0.0023695 0.1112134 0.1031150 0.1128745 0.0966802 0.1217215 0.1617892 0.1169427 0.1136333 0.0917635 0.1016211 0.1562808 0.1152105 0.1152352 0.0663549 0.1365026 
HQ015392.1_Cyclosalpa_affinis               0.0106198 0.1033935 0.0000000 0.0096539 0.1048773 0.1949946 0.1177170 0.0105989 0.1034544 0.0328815 0.1008730 0.1267523 0.0149844 0.0108140 0.1825909 0.0263042 0.3121268 0.0399049 0.1022405 0.1243226 0.0342596 0.1301610 0.0316180 0.0754457 0.0395668 0.1036471 0.2869259 0.0695094 0.0337660 0.1116298 0.0393663 0.0341656 0.1111738 0.0687283 0.0683717 0.3080586 0.1002345 0.0426149 0.1030700 0.0093570 0.0813634 0.1082426 0.1075063 0.0200835 0.0350239 0.1125968 0.0409224 0.4816848 0.0397537 0.0374483 0.1310217 0.0930902 0.0200500 0.1261993 0.0101927 0.1761224 0.0990566 0.0395141 0.0011641 0.0399549 0.0390499 0.0701139 0.1510646 0.0107334 0.3489889 0.0320682 0.0416205 0.0320859 0.1071414 0.0341310 0.0315878 0.0096544 0.0459592 0.0424129 0.1107462 0.0391708 0.0096869 0.0195222 0.0762587 0.1854600 0.0400215 0.0400215 0.1281486 0.1317541 
HQ015398.1_Cyclosalpa_sewelli               0.0097359 0.1132310 0.0096539 0.0000000 0.1139658 0.1948186 0.1216264 0.0000010 0.1132972 0.0316909 0.1021881 0.1252948 0.0048799 0.0096592 0.1793380 0.0148423 0.3070764 0.0415044 0.1035798 0.1270966 0.0341026 0.1297598 0.0296392 0.0789098 0.0393817 0.1132310 0.2950118 0.0725451 0.0336136 0.1106646 0.0401504 0.0364142 0.1091295 0.0725451 0.0718878 0.3033297 0.1021282 0.0405628 0.1055303 0.0000010 0.0833360 0.1169866 0.1167335 0.0182692 0.0330270 0.1222016 0.0422750 0.4873400 0.0414802 0.0395969 0.1321896 0.0915974 0.0182559 0.1213124 0.0000010 0.1723858 0.1065592 0.0373144 0.0096539 0.0379144 0.0400961 0.0735322 0.1559856 0.0000010 0.3518824 0.0319771 0.0424139 0.0316732 0.1164738 0.0321717 0.0296110 0.0000010 0.0475909 0.0403706 0.1104864 0.0371371 0.0000010 0.0176865 0.0759629 0.1818462 0.0394180 0.0394180 0.1312658 0.1281539 
HQ015380.1_Pyrosomella_verticillata         0.1058159 0.0000010 0.1048773 0.1139658 0.0000000 0.1460019 0.0738895 0.1161874 0.0011684 0.1108483 0.1492109 0.0742061 0.1197770 0.1086380 0.1551523 0.0998266 0.2504896 0.1006887 0.1442859 0.0722288 0.1087436 0.0634838 0.1032311 0.1353779 0.1085664 0.0000010 0.2454232 0.1334059 0.1068276 0.1655850 0.1179295 0.0932485 0.1535416 0.1334059 0.1311990 0.2801887 0.0321737 0.1239116 0.1427715 0.1095473 0.1528376 0.0012030 0.0011733 0.0966415 0.1123620 0.0059798 0.1006098 0.4519680 0.1006887 0.0992017 0.0759283 0.0708881 0.0963997 0.0783493 0.1131525 0.1445547 0.0019039 0.1181895 0.1066652 0.1194393 0.1179295 0.1329831 0.1032139 0.1110566 0.3262145 0.1095111 0.1188272 0.1118367 0.0011858 0.1112134 0.1031150 0.1131525 0.0966802 0.1234903 0.1658718 0.1182783 0.1136333 0.0917635 0.1029768 0.1564083 0.1165585 0.1165585 0.0669217 0.1388992 
AY903925.1_Halocynthia_igaboja              0.1593095 0.1441653 0.1949946 0.1948186 0.1460019 0.0000000 0.1186932 0.1649412 0.1473912 0.1924211 0.2238457 0.1240742 0.2033837 0.1889376 0.2358465 0.1561073 0.2636712 0.1895523 0.2162158 0.1243948 0.1702127 0.0952819 0.1616087 0.2302215 0.1680801 0.1455381 0.1547923 0.2272897 0.1668824 0.2385848 0.2014151 0.1736151 0.2274632 0.2234381 0.2242802 0.2743235 0.1335675 0.2030910 0.2209900 0.1949815 0.2297509 0.1512275 0.1476648 0.1586762 0.1597971 0.1576089 0.1910030 0.4726437 0.1844080 0.1855786 0.1140500 0.1357377 0.1582088 0.1364853 0.1920552 0.2286522 0.1360807 0.2022238 0.1915962 0.2006316 0.1996924 0.2294176 0.1514095 0.1662746 0.3384612 0.1672157 0.1988692 0.1897988 0.1520121 0.1584984 0.1614106 0.1937812 0.1584512 0.2023029 0.2395703 0.2023276 0.1952493 0.1587025 0.1722740 0.2378136 0.1956084 0.1994266 0.1261216 0.2103558 
AF165821.2_Chelyosoma_siboja                0.1125847 0.0742498 0.1177170 0.1216264 0.0738895 0.1186932 0.0000000 0.1169711 0.0727212 0.1229173 0.1477249 0.0468835 0.1290311 0.1208188 0.1484453 0.1027055 0.2457066 0.1231560 0.1379904 0.0400780 0.1236575 0.0351019 0.1158949 0.1556602 0.1221685 0.0745630 0.2036251 0.1538047 0.1214202 0.1501537 0.1314607 0.1084654 0.1628804 0.1513433 0.1543001 0.2368465 0.0557058 0.1356779 0.1403329 0.1186378 0.1644847 0.0730864 0.0759051 0.1133390 0.1170608 0.0811989 0.1259402 0.4508194 0.1214850 0.1192893 0.0160762 0.0818891 0.1130411 0.0582623 0.1200534 0.1416548 0.0595145 0.1311091 0.1147484 0.1297977 0.1334365 0.1565303 0.0727389 0.1126713 0.2945131 0.1206024 0.1314141 0.1220798 0.0740586 0.1158969 0.1157625 0.1224808 0.1220819 0.1351956 0.1509907 0.1301299 0.1233228 0.1092888 0.1002388 0.1464114 0.1314964 0.1311049 0.0374207 0.1303310 
26_Cyclosalpa_quadriluminis_D39CquaOS1      0.0097810 0.1161874 0.0105989 0.0000010 0.1161874 0.1649412 0.1169711 0.0000000 0.1162782 0.0292885 0.1108422 0.1265756 0.0064800 0.0097566 0.1845296 0.0138698 0.2697969 0.0446085 0.1110395 0.1281941 0.0331299 0.1276873 0.0286823 0.0744434 0.0394225 0.1161874 0.2665565 0.0720442 0.0330487 0.1137733 0.0423027 0.0374743 0.1139136 0.0720442 0.0722387 0.3103241 0.0950961 0.0408998 0.1137443 0.0000010 0.0907369 0.1154633 0.1181733 0.0174394 0.0313296 0.1254129 0.0466478 0.4941651 0.0446085 0.0417529 0.1228227 0.0903410 0.0174838 0.1079656 0.0000010 0.1666587 0.1016521 0.0403322 0.0105989 0.0403322 0.0423027 0.0721021 0.1368980 0.0000010 0.3318618 0.0312830 0.0464587 0.0292668 0.1162782 0.0314127 0.0286551 0.0000010 0.0468524 0.0408998 0.1140143 0.0403322 0.0000010 0.0167958 0.0999614 0.1845296 0.0398418 0.0398418 0.1268384 0.1424117 
HQ015383.1_Pyrosomella_verticillata         0.1058999 0.0011490 0.1034544 0.1132972 0.0011684 0.1473912 0.0727212 0.1162782 0.0000000 0.1107569 0.1484358 0.0725355 0.1199381 0.1063784 0.1540390 0.0999270 0.2539129 0.1002596 0.1419488 0.0705576 0.1088297 0.0606601 0.1033144 0.1354556 0.1086530 0.0011512 0.2413875 0.1315041 0.1069113 0.1652231 0.1175112 0.0919718 0.1537513 0.1305119 0.1282476 0.2743510 0.0322118 0.1240767 0.1418898 0.1096140 0.1508230 0.0000010 0.0023536 0.0967196 0.1124499 0.0047433 0.1000383 0.4491473 0.0998055 0.0989239 0.0728468 0.0709451 0.0964775 0.0771282 0.1131412 0.1446364 0.0006327 0.1182585 0.1060797 0.1182446 0.1154188 0.1331632 0.0992459 0.1111455 0.3212962 0.1095965 0.1175478 0.1094862 0.0000010 0.1113007 0.1031982 0.1133022 0.0967576 0.1233575 0.1637899 0.1170106 0.1137841 0.0918395 0.1019946 0.1564915 0.1158747 0.1158747 0.0653003 0.1376090 
HQ015410.1_Ritteriella_retracta             0.0253803 0.1098130 0.0328815 0.0316909 0.1108483 0.1924211 0.1229173 0.0292885 0.1107569 0.0000000 0.1062027 0.1281559 0.0348390 0.0276824 0.1822279 0.0374785 0.3014116 0.0350867 0.1065708 0.1284656 0.0106099 0.1211017 0.0000010 0.0678959 0.0240686 0.1109682 0.2982065 0.0616360 0.0104676 0.1128114 0.0268421 0.0281938 0.1066833 0.0614271 0.0614214 0.2993283 0.1015955 0.0257706 0.1035331 0.0300370 0.0757118 0.1145907 0.1127366 0.0226388 0.0039775 0.1177099 0.0352329 0.4772157 0.0340375 0.0293635 0.1363536 0.0917839 0.0226007 0.1244386 0.0311838 0.1772695 0.1029707 0.0270952 0.0340216 0.0274805 0.0273807 0.0616901 0.1561850 0.0297591 0.3286756 0.0138490 0.0319507 0.0005802 0.1137446 0.0031801 0.0000010 0.0316111 0.0390678 0.0256546 0.1131902 0.0269362 0.0317868 0.0212328 0.0804757 0.1850711 0.0164860 0.0165237 0.1316180 0.1371246 
HQ015387.1_Pegea_confoederata               0.1058730 0.1459704 0.1008730 0.1021881 0.1492109 0.2238457 0.1477249 0.1108422 0.1484358 0.1062027 0.0000000 0.1452612 0.1057143 0.0971377 0.2024604 0.1018027 0.3283216 0.0999522 0.0034539 0.1432501 0.1112365 0.1633724 0.1115301 0.1358216 0.1128452 0.1487429 0.3090713 0.1299819 0.1106790 0.1431153 0.1082752 0.0860972 0.1342651 0.1269177 0.1293398 0.3514784 0.1202997 0.1170677 0.0102473 0.0978901 0.1288108 0.1535813 0.1512805 0.1126147 0.1164902 0.1574673 0.0989775 0.5340639 0.0974434 0.0920469 0.1512729 0.1169321 0.1123208 0.1519020 0.1009230 0.2015821 0.1318599 0.1043595 0.1013942 0.1035055 0.1075468 0.1311202 0.1746437 0.1057070 0.3734892 0.1101109 0.1101065 0.1066656 0.1541529 0.1153413 0.1114046 0.1018739 0.1083042 0.1166686 0.1425136 0.1036224 0.1025447 0.1034127 0.0918905 0.2039176 0.1092749 0.1100108 0.1548170 0.1417487 
FM244840.1_Clavelina_meridionalis           0.1201611 0.0732185 0.1267523 0.1252948 0.0742061 0.1240742 0.0468835 0.1265756 0.0725355 0.1281559 0.1452612 0.0000000 0.1328910 0.1239112 0.1638513 0.1120846 0.2380863 0.1274220 0.1401126 0.0174563 0.1302020 0.0529148 0.1247132 0.1493297 0.1284428 0.0744274 0.2076297 0.1497130 0.1293251 0.1564386 0.1379296 0.1143344 0.1545406 0.1485149 0.1478406 0.2463588 0.0588530 0.1377449 0.1430128 0.1198863 0.1547569 0.0711301 0.0752208 0.1196883 0.1264840 0.0831718 0.1240035 0.4451470 0.1285347 0.1255807 0.0554068 0.0780500 0.1193678 0.0675966 0.1279149 0.1514494 0.0588451 0.1342735 0.1279786 0.1381908 0.1367513 0.1460449 0.0861115 0.1230027 0.3110489 0.1297527 0.1360817 0.1324393 0.0739177 0.1252923 0.1245682 0.1253246 0.1235459 0.1380673 0.1529745 0.1347296 0.1256456 0.1163217 0.1005323 0.1635353 0.1399161 0.1369728 0.0471215 0.1224550 
FM244864.1_Cyclosalpa_quadriluminis         0.0148877 0.1190760 0.0149844 0.0048799 0.1197770 0.2033837 0.1290311 0.0064800 0.1199381 0.0348390 0.1057143 0.1328910 0.0000000 0.0136338 0.1918986 0.0241476 0.3186206 0.0443594 0.1064049 0.1266314 0.0378946 0.1367358 0.0334722 0.0831897 0.0413654 0.1201764 0.2993720 0.0780212 0.0373473 0.1188350 0.0412085 0.0386818 0.1132996 0.0777773 0.0779254 0.3139179 0.1054839 0.0433463 0.1099639 0.0049668 0.0860380 0.1215905 0.1218891 0.0237103 0.0368811 0.1336582 0.0451531 0.4958605 0.0462732 0.0419245 0.1418247 0.0957519 0.0236698 0.1265616 0.0071919 0.1786939 0.1106216 0.0390967 0.0147058 0.0419558 0.0450495 0.0772252 0.1671057 0.0065617 0.3587455 0.0356492 0.0447949 0.0343783 0.1204932 0.0359849 0.0334402 0.0048445 0.0505937 0.0434222 0.1206406 0.0392018 0.0048537 0.0231948 0.0789170 0.1867758 0.0428795 0.0406695 0.1368795 0.1334545 
HQ015393.1_Cyclosalpa_floridana             0.0000010 0.1059871 0.0108140 0.0096592 0.1086380 0.1889376 0.1208188 0.0097566 0.1063784 0.0276824 0.0971377 0.1239112 0.0136338 0.0000000 0.1787131 0.0204721 0.2993972 0.0372741 0.0969289 0.1218785 0.0264262 0.1231954 0.0257051 0.0734090 0.0313983 0.1065764 0.2849957 0.0669458 0.0260564 0.1157690 0.0331159 0.0315968 0.1100290 0.0661803 0.0659996 0.2942643 0.0985592 0.0377245 0.0997218 0.0099972 0.0817913 0.1122534 0.1110399 0.0155993 0.0271938 0.1172524 0.0388340 0.4734209 0.0363359 0.0346309 0.1295639 0.0863426 0.0155742 0.1203187 0.0101739 0.1726368 0.1030353 0.0346135 0.0126151 0.0350706 0.0326139 0.0679644 0.1483610 0.0098801 0.3440222 0.0243989 0.0368090 0.0274309 0.1107165 0.0263304 0.0256811 0.0096364 0.0413350 0.0375496 0.1148524 0.0344085 0.0096872 0.0149858 0.0719755 0.1815198 0.0338562 0.0338562 0.1276659 0.1260078 
AB013012.1_Doliolum_nationalis              0.1839774 0.1540293 0.1825909 0.1793380 0.1551523 0.2358465 0.1484453 0.1845296 0.1540390 0.1822279 0.2024604 0.1638513 0.1918986 0.1787131 0.0000000 0.1544643 0.3550082 0.1812614 0.1983466 0.1540778 0.1908617 0.1474252 0.1827682 0.2119254 0.1889730 0.1543623 0.3109405 0.1963287 0.1911385 0.2100924 0.1882760 0.1542288 0.2345326 0.1943497 0.2009858 0.3143582 0.1451878 0.1898576 0.2035172 0.1701103 0.2136531 0.1586317 0.1579987 0.1873096 0.1930404 0.1652438 0.1816056 0.4960557 0.1787100 0.1676627 0.1558285 0.1550595 0.1860919 0.1509926 0.1772643 0.0000010 0.1399065 0.1864893 0.1781767 0.1853303 0.1899392 0.2063740 0.1869838 0.1754632 0.4004627 0.1945612 0.1955960 0.1817036 0.1616704 0.1927349 0.1825417 0.1800476 0.1833253 0.1891373 0.2108403 0.1842852 0.1800278 0.1769154 0.1748772 0.0005738 0.1827796 0.1877163 0.1573549 0.2105640 
27_Cyclosalpa_polae_D38CpolB1               0.0194649 0.0998266 0.0263042 0.0148423 0.0998266 0.1561073 0.1027055 0.0138698 0.0999270 0.0374785 0.1018027 0.1120846 0.0241476 0.0204721 0.1544643 0.0000000 0.2378107 0.0522878 0.1018027 0.1118809 0.0366462 0.1082986 0.0371167 0.0766125 0.0406025 0.0998266 0.2255682 0.0766324 0.0374588 0.0960977 0.0413951 0.0433041 0.1064717 0.0766324 0.0768193 0.3179687 0.0820030 0.0507692 0.1047166 0.0152744 0.0855623 0.0996294 0.1019710 0.0289418 0.0376006 0.1082443 0.0537043 0.4480624 0.0522878 0.0497670 0.1097141 0.0776757 0.0277399 0.0985107 0.0148423 0.1348451 0.0814806 0.0426942 0.0263042 0.0426942 0.0413951 0.0766324 0.1122183 0.0141011 0.3093055 0.0363035 0.0467704 0.0387107 0.0999270 0.0377809 0.0370702 0.0148423 0.0512727 0.0507692 0.0963450 0.0426942 0.0148423 0.0283346 0.0854339 0.1544643 0.0464443 0.0464443 0.1168043 0.1278857 
M91181.1_Echinorhinus_cookei                0.2549175 0.2553988 0.3121268 0.3070764 0.2504896 0.2636712 0.2457066 0.2697969 0.2539129 0.3014116 0.3283216 0.2380863 0.3186206 0.2993972 0.3550082 0.2378107 0.0000000 0.3012474 0.3258229 0.2381944 0.2598521 0.2129456 0.2526771 0.3406526 0.2586887 0.2545691 0.3320339 0.3293503 0.2561624 0.3395957 0.3162199 0.2813140 0.3102206 0.3265389 0.3279271 0.2321506 0.2346654 0.3117082 0.3382877 0.3016782 0.3293391 0.2560531 0.2544588 0.2590488 0.2539494 0.2643190 0.3005603 0.3773106 0.2982282 0.2945309 0.2479313 0.2007089 0.2561804 0.2509764 0.3024813 0.3447419 0.2386060 0.3142779 0.3080481 0.3160199 0.3157470 0.3338292 0.2661867 0.2652638 0.4481246 0.2566420 0.3304895 0.2990556 0.2613890 0.2523255 0.2523332 0.3053018 0.2481134 0.3103590 0.3486510 0.3157253 0.3045066 0.2559514 0.2629472 0.3514140 0.2965643 0.3018109 0.2180912 0.3099986 
HQ015401.1_Iasis_cylindrica                 0.0401168 0.1011511 0.0399049 0.0415044 0.1006887 0.1895523 0.1231560 0.0446085 0.1002596 0.0350867 0.0999522 0.1274220 0.0443594 0.0372741 0.1812614 0.0522878 0.3012474 0.0000000 0.0990743 0.1223288 0.0371712 0.1120804 0.0384073 0.0667893 0.0405674 0.1004460 0.2869552 0.0592488 0.0366320 0.1182404 0.0397816 0.0000010 0.1037808 0.0592488 0.0587906 0.2894359 0.0996096 0.0403161 0.0939792 0.0399254 0.0764543 0.1039384 0.1043007 0.0352512 0.0397020 0.1106523 0.0065855 0.4733736 0.0005856 0.0012792 0.1326364 0.0861288 0.0351864 0.1217075 0.0420134 0.1718520 0.0977563 0.0400080 0.0420524 0.0406269 0.0397512 0.0606027 0.1484964 0.0443743 0.3445547 0.0338837 0.0435936 0.0357880 0.1039002 0.0388006 0.0383703 0.0422148 0.0039874 0.0401263 0.1181357 0.0391184 0.0416087 0.0339457 0.0781186 0.1836184 0.0321576 0.0321576 0.1267351 0.1388459 
HQ015388.1_Pegea_bicaudata                  0.1060602 0.1397097 0.1022405 0.1035798 0.1442859 0.2162158 0.1379904 0.1110395 0.1419488 0.1065708 0.0034539 0.1401126 0.1064049 0.0969289 0.1983466 0.1018027 0.3258229 0.0990743 0.0000000 0.1384591 0.1114320 0.1616577 0.1117282 0.1336364 0.1130454 0.1422395 0.3021142 0.1263254 0.1108709 0.1456761 0.1075352 0.0852390 0.1347622 0.1234203 0.1256586 0.3394666 0.1159390 0.1161592 0.0089901 0.0992916 0.1265374 0.1484242 0.1450429 0.1128140 0.1166944 0.1515214 0.0981020 0.5280394 0.0958886 0.0911172 0.1440907 0.1157795 0.1125190 0.1484812 0.1015638 0.1982106 0.1268488 0.1043273 0.1019343 0.1027711 0.1062944 0.1289938 0.1711217 0.1058974 0.3718478 0.1103027 0.1100741 0.1048065 0.1479804 0.1155437 0.1116023 0.1032598 0.1084955 0.1157633 0.1457943 0.1035905 0.1039428 0.1035978 0.0922452 0.1999936 0.1088386 0.1103940 0.1526278 0.1424862 
FM244841.1_Pycnoclavella_aff._detorta       0.1203288 0.0713111 0.1243226 0.1270966 0.0722288 0.1243948 0.0400780 0.1281941 0.0705576 0.1284656 0.1432501 0.0174563 0.1266314 0.1218785 0.1540778 0.1118809 0.2381944 0.1223288 0.1384591 0.0000000 0.1303799 0.0501142 0.1275969 0.1465658 0.1288105 0.0724450 0.2004503 0.1500552 0.1294997 0.1575926 0.1357499 0.1095858 0.1515514 0.1478302 0.1481927 0.2448967 0.0528803 0.1327444 0.1445636 0.1193734 0.1527384 0.0684216 0.0733075 0.1198551 0.1293369 0.0763643 0.1217352 0.4274154 0.1190873 0.1189873 0.0473810 0.0739506 0.1195339 0.0614965 0.1239257 0.1450298 0.0549089 0.1367865 0.1211176 0.1360046 0.1357499 0.1443355 0.0760549 0.1246250 0.3170760 0.1282288 0.1365056 0.1281827 0.0694540 0.1281384 0.1274482 0.1258340 0.1206216 0.1330510 0.1590796 0.1372497 0.1261551 0.1164876 0.0971012 0.1539558 0.1333372 0.1351677 0.0441004 0.1210898 
20_Ihlea_punctata_D31IpunOS1-2              0.0264262 0.1087436 0.0342596 0.0341026 0.1087436 0.1702127 0.1236575 0.0331299 0.1088297 0.0106099 0.1112365 0.1302020 0.0378946 0.0264262 0.1908617 0.0366462 0.2598521 0.0371712 0.1114320 0.1303799 0.0000000 0.1242567 0.0115412 0.0638178 0.0232801 0.1087436 0.2694207 0.0604968 0.0000010 0.1133849 0.0231565 0.0284772 0.1074642 0.0604968 0.0606575 0.3177480 0.0963298 0.0193304 0.1116761 0.0309444 0.0896792 0.1079024 0.1106476 0.0236831 0.0140511 0.1171046 0.0383969 0.4763781 0.0371712 0.0308184 0.1311333 0.0943983 0.0236831 0.1129480 0.0341026 0.1742886 0.0925731 0.0269725 0.0361197 0.0269725 0.0231565 0.0605459 0.1278605 0.0335527 0.3147820 0.0031944 0.0326218 0.0114481 0.1088297 0.0140511 0.0115306 0.0341026 0.0365157 0.0193304 0.1136248 0.0269725 0.0341026 0.0239702 0.0957555 0.1908617 0.0132519 0.0132519 0.1296814 0.1478142 
AJ250778.1_Ciona_intestinalis               0.1231954 0.0634838 0.1301610 0.1297598 0.0634838 0.0952819 0.0351019 0.1276873 0.0606601 0.1211017 0.1633724 0.0529148 0.1367358 0.1231954 0.1474252 0.1082986 0.2129456 0.1120804 0.1616577 0.0501142 0.1242567 0.0000000 0.1230701 0.1437459 0.1192573 0.0634838 0.1769730 0.1414899 0.1244428 0.1657686 0.1229122 0.1120804 0.1657527 0.1414899 0.1399529 0.2310403 0.0672115 0.1315527 0.1586658 0.1297598 0.1696887 0.0606601 0.0636238 0.1182607 0.1250048 0.0674117 0.1135154 0.4446896 0.1120804 0.1158300 0.0350542 0.0830379 0.1182607 0.0393182 0.1297598 0.1474252 0.0606601 0.1238689 0.1266216 0.1238689 0.1229122 0.1395466 0.0662453 0.1297598 0.2745921 0.1285991 0.1176371 0.1228861 0.0606601 0.1250048 0.1228861 0.1297598 0.1153346 0.1315527 0.1662706 0.1238689 0.1297598 0.1182607 0.0961417 0.1474252 0.1242598 0.1242598 0.0351967 0.1311499 
23_D37-Rsp-B-1_Ritteriella_sp               0.0257241 0.1032311 0.0316180 0.0296392 0.1032311 0.1616087 0.1158949 0.0286823 0.1033144 0.0000010 0.1115301 0.1247132 0.0334722 0.0257051 0.1827682 0.0371167 0.2526771 0.0384073 0.1117282 0.1275969 0.0115412 0.1230701 0.0000000 0.0678557 0.0252201 0.1032311 0.2616776 0.0643275 0.0115436 0.1203382 0.0269825 0.0303446 0.1129136 0.0643275 0.0645003 0.2989067 0.0912746 0.0220166 0.1103630 0.0271524 0.0863257 0.1033144 0.1050951 0.0220549 0.0040417 0.1119829 0.0396556 0.4751159 0.0384073 0.0328453 0.1214277 0.0918029 0.0220709 0.1113283 0.0296392 0.1731603 0.0913572 0.0289825 0.0334708 0.0289825 0.0269825 0.0643798 0.1343493 0.0297650 0.2853293 0.0149783 0.0347095 0.0000010 0.1033144 0.0040445 0.0000010 0.0296392 0.0387701 0.0220166 0.1205979 0.0289825 0.0296392 0.0212371 0.0920800 0.1827682 0.0184610 0.0184610 0.1205527 0.1445079 
D14366.1_Thalia_democratica                 0.0702092 0.1353779 0.0754457 0.0789098 0.1353779 0.2302215 0.1556602 0.0744434 0.1354556 0.0678959 0.1358216 0.1493297 0.0831897 0.0734090 0.2119254 0.0766125 0.3406526 0.0667893 0.1336364 0.1465658 0.0638178 0.1437459 0.0678557 0.0000000 0.0734644 0.1355041 0.3176023 0.0055274 0.0626927 0.1255371 0.0746358 0.0574279 0.1167608 0.0055274 0.0036831 0.3795598 0.1304136 0.0729465 0.1298740 0.0743307 0.0430634 0.1352333 0.1370502 0.0702845 0.0725158 0.1466029 0.0723037 0.5120675 0.0667893 0.0612399 0.1635884 0.1121953 0.0701318 0.1560371 0.0785595 0.1971539 0.1283750 0.0747446 0.0754457 0.0757485 0.0746358 0.0036697 0.1928967 0.0712893 0.3508924 0.0617239 0.0786657 0.0687284 0.1354556 0.0715162 0.0677863 0.0785595 0.0651798 0.0729465 0.1257442 0.0747446 0.0785595 0.0672399 0.1084719 0.2132507 0.0656254 0.0656254 0.1572297 0.1467994 
MZ333593.1_Salpa_younti                     0.0314818 0.1085664 0.0395668 0.0393817 0.1085664 0.1680801 0.1221685 0.0394225 0.1086530 0.0240686 0.1128452 0.1284428 0.0413654 0.0313983 0.1889730 0.0406025 0.2586887 0.0405674 0.1130454 0.1288105 0.0232801 0.1192573 0.0252201 0.0734644 0.0000000 0.1085664 0.2610208 0.0737659 0.0232410 0.1087603 0.0047955 0.0315759 0.1078712 0.0737659 0.0739667 0.3090572 0.1003167 0.0297491 0.1116980 0.0349934 0.0919357 0.1076128 0.1104817 0.0334824 0.0259288 0.1190088 0.0437928 0.4867954 0.0405674 0.0352914 0.1296515 0.1007933 0.0335723 0.1146060 0.0393817 0.1739032 0.0913597 0.0047994 0.0414848 0.0047994 0.0047955 0.0738254 0.1300288 0.0389176 0.3191109 0.0260215 0.0097206 0.0249773 0.1086530 0.0259972 0.0251962 0.0393817 0.0439843 0.0297491 0.1089899 0.0047994 0.0393817 0.0319810 0.0991217 0.1889730 0.0232219 0.0232219 0.1215850 0.1454073 
HQ015381.1_Pyrosoma_atlanticum              0.1058159 0.0000010 0.1036471 0.1132310 0.0000010 0.1455381 0.0745630 0.1161874 0.0011512 0.1109682 0.1487429 0.0744274 0.1201764 0.1065764 0.1543623 0.0998266 0.2545691 0.1004460 0.1422395 0.0724450 0.1087436 0.0634838 0.1032311 0.1355041 0.1085664 0.0000000 0.2419963 0.1317649 0.1068276 0.1655850 0.1177409 0.0919150 0.1540849 0.1307702 0.1281754 0.2750771 0.0322598 0.1243232 0.1421819 0.1095473 0.1511410 0.0012030 0.0011756 0.0966415 0.1123620 0.0059583 0.0990202 0.4506021 0.0999902 0.0988595 0.0746745 0.0708881 0.0963997 0.0790448 0.1133575 0.1445547 0.0019039 0.1184911 0.1062779 0.1184755 0.1156404 0.1334374 0.1013755 0.1110566 0.3222177 0.1095111 0.1174794 0.1096927 0.0011887 0.1112134 0.1031150 0.1135207 0.0966802 0.1236011 0.1641455 0.1172383 0.1140045 0.0917635 0.1021825 0.1568236 0.1160985 0.1160985 0.0671178 0.1378848 
L12426.2_Molgula_manhattensis               0.2652948 0.2368556 0.2869259 0.2950118 0.2454232 0.1547923 0.2036251 0.2665565 0.2413875 0.2982065 0.3090713 0.2076297 0.2993720 0.2849957 0.3109405 0.2255682 0.3320339 0.2869552 0.3021142 0.2004503 0.2694207 0.1769730 0.2616776 0.3176023 0.2610208 0.2419963 0.0000000 0.3127766 0.2786040 0.3193172 0.2863319 0.2629795 0.3140839 0.3046274 0.3095940 0.3186017 0.2165540 0.2997076 0.3004584 0.2888529 0.3269922 0.2477037 0.2471189 0.2680855 0.2721978 0.2838434 0.2870762 0.6180422 0.3013095 0.2857685 0.2022452 0.1922727 0.2635802 0.2122306 0.2959103 0.2940939 0.2344243 0.2864817 0.2793256 0.2805821 0.3056052 0.3179526 0.2188474 0.2564622 0.4084449 0.2768224 0.2886447 0.2901210 0.2501243 0.2707556 0.2613157 0.2915292 0.2564223 0.3000795 0.3220281 0.2861045 0.2923385 0.2527140 0.2277491 0.3041976 0.2898440 0.2912285 0.2130583 0.2822860 
HQ015414.1_Thalia_democratica               0.0678760 0.1310058 0.0695094 0.0725451 0.1334059 0.2272897 0.1538047 0.0720442 0.1315041 0.0616360 0.1299819 0.1497130 0.0780212 0.0669458 0.1963287 0.0766324 0.3293503 0.0592488 0.1263254 0.1500552 0.0604968 0.1414899 0.0643275 0.0055274 0.0737659 0.1317649 0.3127766 0.0000000 0.0594375 0.1215434 0.0702628 0.0499865 0.1158493 0.0005777 0.0023361 0.3488680 0.1289363 0.0663530 0.1217946 0.0694690 0.0373904 0.1370280 0.1360856 0.0678129 0.0689569 0.1428158 0.0642623 0.4922395 0.0580723 0.0529325 0.1590930 0.1165808 0.0676673 0.1503994 0.0725101 0.1881519 0.1300034 0.0706211 0.0700239 0.0709066 0.0699362 0.0017943 0.1859659 0.0688818 0.3291888 0.0575110 0.0739783 0.0617729 0.1360650 0.0679677 0.0642622 0.0723414 0.0593277 0.0660191 0.1205706 0.0701609 0.0727810 0.0647615 0.1006325 0.1993966 0.0589098 0.0589098 0.1579454 0.1366649 
3_Ihlea_punctata_non-spotted_D24MhexB1      0.0263296 0.1068276 0.0337660 0.0336136 0.1068276 0.1668824 0.1214202 0.0330487 0.1069113 0.0104676 0.1106790 0.1293251 0.0373473 0.0260564 0.1911385 0.0374588 0.2561624 0.0366320 0.1108709 0.1294997 0.0000010 0.1244428 0.0115436 0.0626927 0.0232410 0.1068276 0.2786040 0.0594375 0.0000000 0.1157930 0.0246978 0.0282379 0.1085806 0.0594375 0.0595927 0.3158524 0.0946845 0.0199449 0.1111102 0.0306865 0.0879865 0.1068376 0.1086851 0.0235583 0.0147852 0.1150003 0.0378350 0.4739527 0.0366320 0.0305389 0.1287340 0.0943605 0.0235634 0.1123634 0.0336136 0.1745656 0.0916059 0.0275191 0.0355980 0.0275191 0.0246978 0.0594849 0.1255383 0.0335849 0.3075358 0.0031631 0.0331085 0.0112943 0.1069113 0.0139824 0.0115331 0.0336136 0.0363191 0.0199449 0.1160359 0.0275191 0.0336136 0.0239927 0.0954356 0.1911385 0.0130716 0.0130716 0.1273162 0.1466460 
FM244865.1_Ihlea_racovitzai                 0.1161755 0.1636249 0.1116298 0.1106646 0.1655850 0.2385848 0.1501537 0.1137733 0.1652231 0.1128114 0.1431153 0.1564386 0.1188350 0.1157690 0.2100924 0.0960977 0.3395957 0.1182404 0.1456761 0.1575926 0.1133849 0.1657686 0.1203382 0.1255371 0.1087603 0.1655850 0.3193172 0.1215434 0.1157930 0.0000000 0.1054702 0.1010604 0.0723605 0.1206558 0.1206442 0.3469025 0.1384155 0.1134576 0.1540724 0.1028156 0.1213169 0.1675926 0.1676275 0.1167447 0.1243255 0.1652476 0.1183169 0.5559962 0.1144569 0.1087305 0.1623035 0.1307214 0.1166014 0.1588727 0.1073970 0.2082236 0.1451685 0.1045929 0.1090067 0.1033614 0.1064905 0.1221221 0.1863024 0.1064671 0.3564831 0.1161880 0.1137828 0.1121836 0.1696924 0.1233247 0.1202006 0.1099695 0.1204041 0.1130667 0.0000010 0.1046639 0.1107023 0.1099012 0.1213809 0.2104716 0.1118997 0.1128593 0.1602817 0.1637628 
FM244867.1_Salpa_thompsoni                  0.0341247 0.1166955 0.0393663 0.0401504 0.1179295 0.2014151 0.1314607 0.0423027 0.1175112 0.0268421 0.1082752 0.1379296 0.0412085 0.0331159 0.1882760 0.0413951 0.3162199 0.0397816 0.1075352 0.1357499 0.0231565 0.1229122 0.0269825 0.0746358 0.0047955 0.1177409 0.2863319 0.0702628 0.0246978 0.1054702 0.0000000 0.0313475 0.1071515 0.0701216 0.0701078 0.3032562 0.1137722 0.0329341 0.1062547 0.0362007 0.0827852 0.1185085 0.1200453 0.0342304 0.0293225 0.1308807 0.0429307 0.4897810 0.0403474 0.0341086 0.1465363 0.1031117 0.0361367 0.1313396 0.0427886 0.1808161 0.1073968 0.0083929 0.0399731 0.0112562 0.0023110 0.0709716 0.1651986 0.0408993 0.3410287 0.0284119 0.0115390 0.0271822 0.1209063 0.0303494 0.0269568 0.0399918 0.0486242 0.0328370 0.1068418 0.0083869 0.0402203 0.0338995 0.0874685 0.1842717 0.0270538 0.0247809 0.1386563 0.1370290 
HQ015402.1_Iasis_cylindrica                 0.0333591 0.0919150 0.0341656 0.0364142 0.0932485 0.1736151 0.1084654 0.0374743 0.0919718 0.0281938 0.0860972 0.1143344 0.0386818 0.0315968 0.1542288 0.0433041 0.2813140 0.0000010 0.0852390 0.1095858 0.0284772 0.1120804 0.0303446 0.0574279 0.0315759 0.0919150 0.2629795 0.0499865 0.0282379 0.1010604 0.0313475 0.0000000 0.0886534 0.0492399 0.0493090 0.2512405 0.0927325 0.0327289 0.0809144 0.0370932 0.0599145 0.0956015 0.0957948 0.0302134 0.0302893 0.1019033 0.0048892 0.4495648 0.0000010 0.0012792 0.1174831 0.0728764 0.0303880 0.1142062 0.0370250 0.1603675 0.0977563 0.0322791 0.0355833 0.0327631 0.0310950 0.0507578 0.1426363 0.0387153 0.2990429 0.0264773 0.0362726 0.0281166 0.0952856 0.0294645 0.0303151 0.0366126 0.0032824 0.0325727 0.1002558 0.0319969 0.0367480 0.0295171 0.0631891 0.1567467 0.0260600 0.0260600 0.1154801 0.1214701 
HQ015377.1_Salpidae_gen._nov._sp._nov._A    0.1134214 0.1528429 0.1111738 0.1091295 0.1535416 0.2274632 0.1628804 0.1139136 0.1537513 0.1066833 0.1342651 0.1545406 0.1132996 0.1100290 0.2345326 0.1064717 0.3102206 0.1037808 0.1347622 0.1515514 0.1074642 0.1657527 0.1129136 0.1167608 0.1078712 0.1540849 0.3140839 0.1158493 0.1085806 0.0723605 0.1071515 0.0886534 0.0000000 0.1156431 0.1160765 0.3569664 0.1315291 0.1075868 0.1376041 0.1021325 0.1168472 0.1533541 0.1563325 0.1112590 0.1149311 0.1598285 0.1015370 0.5581778 0.1023054 0.0962050 0.1712987 0.1221947 0.1112122 0.1637650 0.1078984 0.2192774 0.1333386 0.1129267 0.1116365 0.1139414 0.1071515 0.1159551 0.1817289 0.1089202 0.3509219 0.1066127 0.1184098 0.1077603 0.1535185 0.1140334 0.1127861 0.1080886 0.1001909 0.1075868 0.0724654 0.1132910 0.1083540 0.1051803 0.1002340 0.2361467 0.1021820 0.1021820 0.1574572 0.1562378 
HQ015415.1_Thalia_democratica               0.0678760 0.1285195 0.0687283 0.0725451 0.1334059 0.2234381 0.1513433 0.0720442 0.1305119 0.0614271 0.1269177 0.1485149 0.0777773 0.0661803 0.1943497 0.0766324 0.3265389 0.0592488 0.1234203 0.1478302 0.0604968 0.1414899 0.0643275 0.0055274 0.0737659 0.1307702 0.3046274 0.0005777 0.0594375 0.1206558 0.0701216 0.0492399 0.1156431 0.0000000 0.0017503 0.3423930 0.1274251 0.0657379 0.1215798 0.0694690 0.0376879 0.1370280 0.1356185 0.0678129 0.0689569 0.1418056 0.0642623 0.4843279 0.0580819 0.0529325 0.1565332 0.1165808 0.0676673 0.1478432 0.0723423 0.1881519 0.1300034 0.0706211 0.0691190 0.0707575 0.0681807 0.0017917 0.1815190 0.0688818 0.3242688 0.0575110 0.0739783 0.0609987 0.1366744 0.0679677 0.0642622 0.0723414 0.0593277 0.0655326 0.1196535 0.0701609 0.0727810 0.0647615 0.1006325 0.1971288 0.0589590 0.0588175 0.1568917 0.1355415 
HQ015413.1_Thalia_democratica               0.0680567 0.1281754 0.0683717 0.0718878 0.1311990 0.2242802 0.1543001 0.0722387 0.1282476 0.0614214 0.1293398 0.1478406 0.0779254 0.0659996 0.2009858 0.0768193 0.3279271 0.0587906 0.1256586 0.1481927 0.0606575 0.1399529 0.0645003 0.0036831 0.0739667 0.1281754 0.3095940 0.0023361 0.0595927 0.1206442 0.0701078 0.0493090 0.1160765 0.0017503 0.0000000 0.3495639 0.1270564 0.0661693 0.1220710 0.0687893 0.0384120 0.1339408 0.1342160 0.0679934 0.0691406 0.1409656 0.0638548 0.4864599 0.0585560 0.0530123 0.1583919 0.1141203 0.0678470 0.1507161 0.0723742 0.1924766 0.1268251 0.0704682 0.0690853 0.0707569 0.0689891 0.0000010 0.1830449 0.0690704 0.3352934 0.0586300 0.0733163 0.0608068 0.1341712 0.0681489 0.0644346 0.0722031 0.0604694 0.0658337 0.1196724 0.0698045 0.0724828 0.0649364 0.1007220 0.2041457 0.0586740 0.0586740 0.1561095 0.1368653 
M97571.1_Branchiostoma_floridae             0.3043447 0.2725430 0.3080586 0.3033297 0.2801887 0.2743235 0.2368465 0.3103241 0.2743510 0.2993283 0.3514784 0.2463588 0.3139179 0.2942643 0.3143582 0.3179687 0.2321506 0.2894359 0.3394666 0.2448967 0.3177480 0.2310403 0.2989067 0.3795598 0.3090572 0.2750771 0.3186017 0.3488680 0.3158524 0.3469025 0.3032562 0.2512405 0.3569664 0.3423930 0.3495639 0.0000000 0.2586393 0.3236836 0.3452489 0.2960355 0.3316857 0.2853905 0.2825938 0.3048495 0.3127614 0.2882367 0.2920702 0.4704294 0.2815662 0.2724020 0.2379013 0.2649977 0.3045786 0.2566288 0.2991385 0.3053774 0.2613944 0.3138939 0.3052466 0.3077014 0.2982307 0.3645826 0.2599151 0.2994958 0.4302005 0.3168597 0.3234721 0.2945848 0.2888101 0.3109066 0.2984805 0.3056450 0.3012580 0.3222659 0.3428169 0.3092875 0.3065336 0.2965635 0.2668608 0.3195831 0.3041200 0.3098752 0.2542802 0.3226699 
HQ015379.1_Pyrostremma_spinosum             0.0878058 0.0318124 0.1002345 0.1021282 0.0321737 0.1335675 0.0557058 0.0950961 0.0322118 0.1015955 0.1202997 0.0588530 0.1054839 0.0985592 0.1451878 0.0820030 0.2346654 0.0996096 0.1159390 0.0528803 0.0963298 0.0672115 0.0912746 0.1304136 0.1003167 0.0322598 0.2165540 0.1289363 0.0946845 0.1384155 0.1137722 0.0927325 0.1315291 0.1274251 0.1270564 0.2586393 0.0000000 0.1111497 0.1219686 0.1015881 0.1467314 0.0324273 0.0333977 0.0815381 0.0947871 0.0379693 0.1015162 0.4219074 0.0971671 0.1007848 0.0599711 0.0451349 0.0813452 0.0704118 0.0999489 0.1366610 0.0234480 0.1154472 0.0978766 0.1152332 0.1137722 0.1275396 0.0835846 0.0928596 0.3044867 0.0909933 0.1174002 0.1018025 0.0331911 0.0936938 0.0911744 0.1011639 0.0932777 0.1113933 0.1393212 0.1158216 0.1014100 0.0781950 0.0803895 0.1452070 0.1078182 0.1089538 0.0541847 0.1111997 
HQ015404.1_Brooksia_rostrata                0.0376124 0.1221487 0.0426149 0.0405628 0.1239116 0.2030910 0.1356779 0.0408998 0.1240767 0.0257706 0.1170677 0.1377449 0.0433463 0.0377245 0.1898576 0.0507692 0.3117082 0.0403161 0.1161592 0.1327444 0.0193304 0.1315527 0.0220166 0.0729465 0.0297491 0.1243232 0.2997076 0.0663530 0.0199449 0.1134576 0.0329341 0.0327289 0.1075868 0.0657379 0.0661693 0.3236836 0.1111497 0.0000000 0.1162782 0.0373092 0.0854124 0.1266619 0.1251827 0.0318961 0.0234961 0.1308974 0.0449823 0.4721512 0.0391270 0.0347478 0.1497063 0.1050751 0.0318393 0.1349659 0.0398700 0.1870048 0.1151340 0.0339816 0.0435119 0.0344185 0.0329341 0.0664821 0.1598508 0.0405623 0.3481039 0.0226462 0.0358084 0.0263221 0.1266724 0.0226449 0.0219962 0.0402435 0.0453204 0.0000010 0.1140850 0.0340703 0.0403570 0.0315336 0.0880495 0.1912527 0.0151192 0.0152273 0.1437438 0.1404319 
HQ015386.1_Pegea_confoederata               0.1087066 0.1410821 0.1030700 0.1055303 0.1427715 0.2209900 0.1403329 0.1137443 0.1418898 0.1035331 0.0102473 0.1430128 0.1099639 0.0997218 0.2035172 0.1047166 0.3382877 0.0939792 0.0089901 0.1445636 0.1116761 0.1586658 0.1103630 0.1298740 0.1116980 0.1421819 0.3004584 0.1217946 0.1111102 0.1540724 0.1062547 0.0809144 0.1376041 0.1215798 0.1220710 0.3452489 0.1219686 0.1162782 0.0000000 0.1012747 0.1238435 0.1468333 0.1452890 0.1140007 0.1153263 0.1524780 0.0930269 0.5406426 0.0924877 0.0857817 0.1466137 0.1204968 0.1137020 0.1507634 0.1042858 0.1999218 0.1253348 0.1015329 0.1034275 0.1018569 0.1060103 0.1240637 0.1770426 0.1085925 0.3729432 0.1105418 0.1076462 0.1044796 0.1453882 0.1141788 0.1102389 0.1052034 0.1038196 0.1156265 0.1536864 0.1012133 0.1059007 0.1047712 0.0946680 0.2050363 0.1064315 0.1064315 0.1545180 0.1390301 
HQ015397.1_Cyclosalpa_quadriluminis         0.0099441 0.1095473 0.0093570 0.0000010 0.1095473 0.1949815 0.1186378 0.0000010 0.1096140 0.0300370 0.0978901 0.1198863 0.0049668 0.0099972 0.1701103 0.0152744 0.3016782 0.0399254 0.0992916 0.1193734 0.0309444 0.1297598 0.0271524 0.0743307 0.0349934 0.1095473 0.2888529 0.0694690 0.0306865 0.1028156 0.0362007 0.0370932 0.1021325 0.0694690 0.0687893 0.2960355 0.1015881 0.0373092 0.1012747 0.0000000 0.0779387 0.1106118 0.1123190 0.0159581 0.0300415 0.1186883 0.0407387 0.4823104 0.0399254 0.0402420 0.1290715 0.0872991 0.0160462 0.1201641 0.0000010 0.1723858 0.1069149 0.0339693 0.0093570 0.0347563 0.0362007 0.0689930 0.1577415 0.0000010 0.3384914 0.0299652 0.0393307 0.0300197 0.1102402 0.0292228 0.0271265 0.0000010 0.0445403 0.0373092 0.1029795 0.0339693 0.0000010 0.0152121 0.0708610 0.1713106 0.0379914 0.0379914 0.1251700 0.1238427 
HQ015412.1_Thalia_orientalis                0.0929724 0.1496425 0.0813634 0.0833360 0.1528376 0.2297509 0.1644847 0.0907369 0.1508230 0.0757118 0.1288108 0.1547569 0.0860380 0.0817913 0.2136531 0.0855623 0.3293391 0.0764543 0.1265374 0.1527384 0.0896792 0.1696887 0.0863257 0.0430634 0.0919357 0.1511410 0.3269922 0.0373904 0.0879865 0.1213169 0.0827852 0.0599145 0.1168472 0.0376879 0.0384120 0.3316857 0.1467314 0.0854124 0.1238435 0.0779387 0.0000000 0.1574149 0.1544899 0.0982101 0.0909723 0.1568795 0.0817058 0.4850213 0.0749255 0.0645324 0.1744928 0.1425714 0.0979675 0.1669442 0.0829490 0.2067590 0.1417082 0.0804948 0.0809165 0.0805211 0.0821182 0.0391338 0.2038276 0.0873227 0.3547829 0.0873063 0.0868399 0.0748468 0.1580983 0.0899001 0.0862324 0.0830926 0.0876577 0.0851349 0.1201883 0.0799554 0.0836156 0.0952609 0.1033468 0.2186977 0.0752958 0.0762867 0.1747504 0.1393968 
HQ015385.1_Pyrosoma_atlanticum              0.1056081 0.0012030 0.1082426 0.1169866 0.0012030 0.1512275 0.0730864 0.1154633 0.0000010 0.1145907 0.1535813 0.0711301 0.1215905 0.1122534 0.1586317 0.0996294 0.2560531 0.1039384 0.1484242 0.0684216 0.1079024 0.0606601 0.1033144 0.1352333 0.1076128 0.0012030 0.2477037 0.1370280 0.1068376 0.1675926 0.1185085 0.0956015 0.1533541 0.1370280 0.1339408 0.2853905 0.0324273 0.1266619 0.1468333 0.1106118 0.1574149 0.0000000 0.0018118 0.0958868 0.1123167 0.0049163 0.1025852 0.4601670 0.1039384 0.1017174 0.0735091 0.0707159 0.0965263 0.0756757 0.1169866 0.1451447 0.0000010 0.1211472 0.1101891 0.1224546 0.1185085 0.1337145 0.1020714 0.1111455 0.3308680 0.1099081 0.1211119 0.1156231 0.0000010 0.1115275 0.1031982 0.1169866 0.0967022 0.1266619 0.1678927 0.1211472 0.1169866 0.0918395 0.1041683 0.1597898 0.1205572 0.1205572 0.0635887 0.1415114 
FM244863.1_Pyrosomella_verticillata         0.1076847 0.0017468 0.1075063 0.1167335 0.0011733 0.1476648 0.0759051 0.1181733 0.0023536 0.1127366 0.1512805 0.0752208 0.1218891 0.1110399 0.1579987 0.1019710 0.2544588 0.1043007 0.1450429 0.0733075 0.1106476 0.0636238 0.1050951 0.1370502 0.1104817 0.0011756 0.2471189 0.1360856 0.1086851 0.1676275 0.1200453 0.0957948 0.1563325 0.1356185 0.1342160 0.2825938 0.0333977 0.1251827 0.1452890 0.1123190 0.1544899 0.0018118 0.0000000 0.0984184 0.1142942 0.0071421 0.1029269 0.4581677 0.1027933 0.1019861 0.0779338 0.0723380 0.0981699 0.0803879 0.1152559 0.1463106 0.0031985 0.1207196 0.1087680 0.1215580 0.1200453 0.1340270 0.1052971 0.1130152 0.3258959 0.1113965 0.1216827 0.1139486 0.0029772 0.1131365 0.1049762 0.1156927 0.0984407 0.1249466 0.1676430 0.1211157 0.1164768 0.0935171 0.1052991 0.1596826 0.1183315 0.1188389 0.0684800 0.1409551 
31_Helicosalpa_virgula_D42HvirB1            0.0156835 0.0966415 0.0200835 0.0182692 0.0966415 0.1586762 0.1133390 0.0174394 0.0967196 0.0226388 0.1126147 0.1196883 0.0237103 0.0155993 0.1873096 0.0289418 0.2590488 0.0352512 0.1128140 0.1198551 0.0236831 0.1182607 0.0220549 0.0702845 0.0334824 0.0966415 0.2680855 0.0678129 0.0235583 0.1167447 0.0342304 0.0302134 0.1112590 0.0678129 0.0679934 0.3048495 0.0815381 0.0318961 0.1140007 0.0159581 0.0982101 0.0958868 0.0984184 0.0000000 0.0272689 0.1050280 0.0374275 0.4970624 0.0352512 0.0337540 0.1205281 0.0856251 0.0000010 0.1017712 0.0182692 0.1659590 0.0841294 0.0381936 0.0218193 0.0381936 0.0342304 0.0678671 0.1215438 0.0177076 0.3167801 0.0236275 0.0421816 0.0226225 0.0967196 0.0264734 0.0220344 0.0182692 0.0377021 0.0318961 0.1169933 0.0381936 0.0182692 0.0008008 0.0949704 0.1873096 0.0290486 0.0290486 0.1177517 0.1449374 
7_Ritteriella_amboinensis_D23RambB1         0.0264198 0.1123620 0.0350239 0.0330270 0.1123620 0.1597971 0.1170608 0.0313296 0.1124499 0.0039775 0.1164902 0.1264840 0.0368811 0.0271938 0.1930404 0.0376006 0.2539494 0.0397020 0.1166944 0.1293369 0.0140511 0.1250048 0.0040417 0.0725158 0.0259288 0.1123620 0.2721978 0.0689569 0.0147852 0.1243255 0.0293225 0.0302893 0.1149311 0.0689569 0.0691406 0.3127614 0.0947871 0.0234961 0.1153263 0.0300415 0.0909723 0.1123167 0.1142942 0.0272689 0.0000000 0.1228572 0.0409462 0.4631123 0.0397020 0.0327808 0.1243214 0.0936552 0.0263520 0.1157249 0.0330270 0.1761179 0.0969905 0.0313243 0.0368797 0.0313243 0.0293225 0.0690119 0.1378030 0.0318382 0.3117402 0.0156770 0.0370256 0.0047821 0.1124499 0.0000010 0.0040381 0.0330270 0.0392406 0.0234961 0.1245921 0.0313243 0.0330270 0.0249521 0.0971407 0.1930404 0.0199114 0.0199114 0.1246705 0.1498952 
