84
AB013011.1_Pyrosoma_atlanticum              0.0000000 0.1662427 0.0792754 0.1516508 0.1691049 0.0071623 0.0065175 0.1190310 0.1592648 0.1045667 0.1190966 0.1656786 0.2563815 0.2502933 0.4685420 0.2805456 0.3118275 0.1524456 0.0804083 0.0716428 0.0728547 0.1106610 0.0617749 0.0694900 0.0719250 0.1283105 0.1495085 0.1422210 0.1404334 0.1585012 0.1136759 0.1145239 0.1219143 0.1214148 0.1275724 0.1221041 0.1276708 0.1272287 0.1000919 0.1074689 0.1094557 0.1060879 0.1182806 0.1149341 0.1179031 0.1186905 0.1192473 0.1085147 0.1084542 0.1076782 0.1028857 0.1444701 0.1395179 0.1437705 0.1398868 0.0042827 0.0066525 0.0041334 0.0052710 0.0053394 0.0053585 0.0339305 0.1685711 0.1610250 0.1201476 0.1232655 0.1136693 0.1429159 0.0745843 0.1122365 0.1149104 0.1088946 0.1061882 0.1085444 0.1192001 0.1207719 0.1041075 0.1038442 0.1180538 0.1142780 0.0993145 0.1157989 0.1100896 0.1099613 
AB013012.1_Doliolum_nationalis              0.1662427 0.0000000 0.1508122 0.2183607 0.0000010 0.1518734 0.1637583 0.1845851 0.2092889 0.1784032 0.1872953 0.2252177 0.2859800 0.3262800 0.4996894 0.3102902 0.3753944 0.2367261 0.1658558 0.1553930 0.1538374 0.1654111 0.1563705 0.1604884 0.1481277 0.1844486 0.2025149 0.1946771 0.1991598 0.2126191 0.1909962 0.1932402 0.1928193 0.1906326 0.1865724 0.2019332 0.2011801 0.2004252 0.1640668 0.1889034 0.1834083 0.1857650 0.1830271 0.1744988 0.1836868 0.1837109 0.1762081 0.1815206 0.1861482 0.1813304 0.1775822 0.2068398 0.2021428 0.2045549 0.2058324 0.1658052 0.1709771 0.1608594 0.1594496 0.1612758 0.1620968 0.1497852 0.2203906 0.0000010 0.1932885 0.1988480 0.1852228 0.2043497 0.1545073 0.1903463 0.1904675 0.1788035 0.1835543 0.1539269 0.1956439 0.1832098 0.1931339 0.1919541 0.1952863 0.1902159 0.1851115 0.1747689 0.1887405 0.1885031 
AB013017.1_Ciona_intestinalis               0.0792754 0.1508122 0.0000000 0.1593525 0.1505713 0.0667702 0.0762793 0.1209059 0.1557926 0.1295067 0.1291084 0.1689065 0.2058382 0.2361567 0.4636183 0.2604228 0.3054271 0.1337768 0.0659535 0.0599150 0.0619513 0.0790951 0.0348016 0.0547384 0.0560038 0.1286985 0.1577565 0.1503869 0.1507192 0.1642973 0.1306257 0.1316576 0.1266556 0.1274165 0.1257265 0.1315902 0.1383776 0.1378943 0.1186903 0.1245853 0.1217354 0.1260686 0.1214304 0.1204545 0.1210246 0.1218389 0.1189051 0.1184379 0.1263454 0.1215234 0.1130641 0.1323813 0.1442675 0.1475410 0.1458368 0.0726470 0.0781963 0.0741068 0.0747550 0.0759544 0.0752992 0.0684727 0.1662077 0.1454949 0.1326512 0.1351496 0.1165417 0.1519736 0.0837953 0.1150601 0.1154307 0.1057686 0.1136361 0.1001324 0.1229668 0.1096914 0.1091933 0.1089168 0.1218332 0.1157206 0.1045283 0.1062502 0.1187471 0.1186097 
D14366.1_Thalia_democratica                 0.1516508 0.2183607 0.1593525 0.0000000 0.2181678 0.1366773 0.1448639 0.0847266 0.1329671 0.0688381 0.0814072 0.1279523 0.3058301 0.3252672 0.5343324 0.3820826 0.3353460 0.2240394 0.1566576 0.1513496 0.1696458 0.1890562 0.1479121 0.1632205 0.1618555 0.0814072 0.0074274 0.0074274 0.0055689 0.0452859 0.0757226 0.0748804 0.0826071 0.0826071 0.0836596 0.0855822 0.0801487 0.0801487 0.0644510 0.0738126 0.0738126 0.0795601 0.0850516 0.0805362 0.0846692 0.0846692 0.0846692 0.0786040 0.0814877 0.0814877 0.1149202 0.1546033 0.1462489 0.1485246 0.1417007 0.1430282 0.1431256 0.1431256 0.1431256 0.1432562 0.1431256 0.1364018 0.1331897 0.2026795 0.0717981 0.0717981 0.0774338 0.0055483 0.1126564 0.0657915 0.0648483 0.0732319 0.0696606 0.0753764 0.0768981 0.0776417 0.0780805 0.0779075 0.0758997 0.0669609 0.0751270 0.0745735 0.0722550 0.0721784 
FM244861.1_Doliolum_denticulatum            0.1691049 0.0000010 0.1505713 0.2181678 0.0000000 0.1517459 0.1636296 0.1830155 0.2098785 0.1789381 0.1877052 0.2252416 0.2895783 0.3246038 0.4966032 0.3131247 0.3790545 0.2368927 0.1657239 0.1552720 0.1564074 0.1682556 0.1563705 0.1605063 0.1489785 0.1877052 0.2041627 0.1962664 0.2008061 0.2143740 0.1925217 0.1948081 0.1928400 0.1921858 0.1898740 0.2036086 0.2012014 0.2008020 0.1653860 0.1899407 0.1866257 0.1870868 0.1841866 0.1743527 0.1837068 0.1837309 0.1792817 0.1829768 0.1876568 0.1827642 0.1789986 0.2105853 0.2037819 0.2062149 0.2073295 0.1656689 0.1708385 0.1621150 0.1606770 0.1625377 0.1621150 0.1498022 0.2222304 0.0000010 0.1958921 0.2002869 0.1852228 0.2041748 0.1545073 0.1903463 0.1904675 0.1788035 0.1835543 0.1539269 0.1956439 0.1832098 0.1931339 0.1919541 0.1952863 0.1902159 0.1851115 0.1747689 0.1887405 0.1885031 
FM244862.1_Pyrosoma_godeauxi                0.0071623 0.1518734 0.0667702 0.1366773 0.1517459 0.0000000 0.0051561 0.1063467 0.1367968 0.1083002 0.1112615 0.1403725 0.2317177 0.2341932 0.4531846 0.2624887 0.2792952 0.1361508 0.0585652 0.0507504 0.0600589 0.0936801 0.0569811 0.0532444 0.0571448 0.1112615 0.1364997 0.1364997 0.1333429 0.1478221 0.1093618 0.1083234 0.1127428 0.1127428 0.1140690 0.1128422 0.1205487 0.1205487 0.1053253 0.1053253 0.1053253 0.1037137 0.1104940 0.1071654 0.1104940 0.1104940 0.1104940 0.1027364 0.1023896 0.1043778 0.0822422 0.1214323 0.1207692 0.1256170 0.1189449 0.0000010 0.0000010 0.0025500 0.0038381 0.0038381 0.0038381 0.0225868 0.1370413 0.1474332 0.1182394 0.1182394 0.0942874 0.1288102 0.0495980 0.0931429 0.0961841 0.0929491 0.0953343 0.0848093 0.1017912 0.1028198 0.0897567 0.0903957 0.1009458 0.0941296 0.0878003 0.1019239 0.0961294 0.0960114 
FM244863.1_Pyrosomella_verticillata         0.0065175 0.1637583 0.0762793 0.1448639 0.1636296 0.0051561 0.0000000 0.1162208 0.1559343 0.1061052 0.1186762 0.1605545 0.2365020 0.2443753 0.4574429 0.2748985 0.3104749 0.1434263 0.0737833 0.0687547 0.0715888 0.0995308 0.0598398 0.0667008 0.0695699 0.1186762 0.1459451 0.1382128 0.1364085 0.1547402 0.1140499 0.1141279 0.1206480 0.1210392 0.1202050 0.1217294 0.1264845 0.1262499 0.0996353 0.1068034 0.1052796 0.1055748 0.1167503 0.1125939 0.1157219 0.1164924 0.1140493 0.1071791 0.1071105 0.1071462 0.0991949 0.1356695 0.1347840 0.1394445 0.1346638 0.0018125 0.0041819 0.0023538 0.0011615 0.0011758 0.0011736 0.0303140 0.1649452 0.1525984 0.1212894 0.1227927 0.1131813 0.1362958 0.0694875 0.1099690 0.1126084 0.1071952 0.1057385 0.1047254 0.1186939 0.1189716 0.1036648 0.1034037 0.1175518 0.1119517 0.0988861 0.1140128 0.1096149 0.1094877 
FM244864.1_Cyclosalpa_quadriluminis         0.1190310 0.1845851 0.1209059 0.0847266 0.1830155 0.1063467 0.1162208 0.0000000 0.1161317 0.0375799 0.0378433 0.1125092 0.2846826 0.2975810 0.5002517 0.3081859 0.3370973 0.1975829 0.1296783 0.1239127 0.1349844 0.1470913 0.1301188 0.1336089 0.1240996 0.0392454 0.0830460 0.0767886 0.0766390 0.0784272 0.0306375 0.0310400 0.0357364 0.0358308 0.0371447 0.0413023 0.0386801 0.0387463 0.0346342 0.0394044 0.0399626 0.0402139 0.0000010 0.0000010 0.0000010 0.0000010 0.0011693 0.0091609 0.0097981 0.0096206 0.0789927 0.1294914 0.1018277 0.1001961 0.1046784 0.1170557 0.1193132 0.1155226 0.1137488 0.1158098 0.1154370 0.1038426 0.1245144 0.1755883 0.0388286 0.0381334 0.0370067 0.0759599 0.0940969 0.0324670 0.0308070 0.0097493 0.0450925 0.0169960 0.0319353 0.0000010 0.0182683 0.0182382 0.0310600 0.0329397 0.0176920 0.0000010 0.0285809 0.0285530 
FM244865.1_Ihlea_racovitzai                 0.1592648 0.2092889 0.1557926 0.1329671 0.2098785 0.1367968 0.1559343 0.1161317 0.0000000 0.1093093 0.1087450 0.0833673 0.2964441 0.3154192 0.5394651 0.3282133 0.3425531 0.2290836 0.1505080 0.1509410 0.1578306 0.1761670 0.1535507 0.1546152 0.1463096 0.1087450 0.1329472 0.1259101 0.1240984 0.1239559 0.1168308 0.1175679 0.1079005 0.1079784 0.1066340 0.1172020 0.1181200 0.1177170 0.1016214 0.1204398 0.1178961 0.1181927 0.1170701 0.1057643 0.1163272 0.1170998 0.1136112 0.1165131 0.1171574 0.1144067 0.1192256 0.1601322 0.1500992 0.1463303 0.1582140 0.1570157 0.1628837 0.1550223 0.1525087 0.1554259 0.1554259 0.1353829 0.0035179 0.2060964 0.1161230 0.1183478 0.1124248 0.1256070 0.1250786 0.1212005 0.1212291 0.1208443 0.1243743 0.1074337 0.1298273 0.1219009 0.1197501 0.1196541 0.1288983 0.1188685 0.1130423 0.1146090 0.1259313 0.1257829 
FM244866.1_Iasis_cylindrica                 0.1045667 0.1784032 0.1295067 0.0688381 0.1789381 0.1083002 0.1061052 0.0375799 0.1093093 0.0000000 0.0322633 0.0978798 0.2882137 0.2932583 0.5021410 0.2873987 0.3056893 0.1904128 0.1321430 0.1230326 0.1333826 0.1505817 0.1345980 0.1286847 0.1244628 0.0322633 0.0582340 0.0582340 0.0583213 0.0632406 0.0300221 0.0292825 0.0332168 0.0331438 0.0339631 0.0376859 0.0346505 0.0344775 0.0012804 0.0012804 0.0012804 0.0065121 0.0368839 0.0374722 0.0369883 0.0371297 0.0368839 0.0329809 0.0347665 0.0362657 0.0679971 0.1336644 0.0948100 0.0957830 0.0909124 0.1058586 0.1054912 0.1029726 0.1029726 0.1029726 0.1033231 0.1048842 0.1094952 0.1830657 0.0276564 0.0276564 0.0327953 0.0594502 0.0871403 0.0304535 0.0285542 0.0359647 0.0053346 0.0475422 0.0326945 0.0381070 0.0325509 0.0327546 0.0318149 0.0307351 0.0318252 0.0394534 0.0327769 0.0327413 
FM244867.1_Salpa_thompsoni                  0.1190966 0.1872953 0.1291084 0.0814072 0.1877052 0.1112615 0.1186762 0.0378433 0.1087450 0.0322633 0.0000000 0.1054027 0.2752130 0.2946263 0.4970766 0.3061303 0.3286480 0.2000949 0.1384059 0.1359408 0.1420178 0.1538961 0.1244985 0.1387799 0.1310339 0.0005750 0.0789767 0.0728683 0.0726926 0.0797962 0.0262889 0.0259450 0.0083932 0.0083874 0.0094301 0.0115407 0.0320220 0.0319298 0.0296348 0.0371150 0.0370535 0.0402335 0.0381958 0.0343267 0.0380463 0.0382586 0.0378423 0.0321829 0.0374139 0.0380472 0.0873150 0.1351508 0.1093789 0.1090817 0.1094612 0.1184810 0.1240752 0.1174202 0.1156301 0.1177099 0.1178988 0.1146174 0.1165094 0.1850088 0.0241701 0.0239145 0.0047980 0.0735840 0.1039628 0.0235918 0.0272570 0.0338362 0.0469346 0.0407789 0.0281627 0.0397834 0.0319766 0.0338228 0.0291570 0.0220804 0.0316206 0.0384358 0.0258586 0.0258334 
HQ015377.1_Salpidae_gen._nov._sp._nov._A    0.1656786 0.2252177 0.1689065 0.1279523 0.2252416 0.1403725 0.1605545 0.1125092 0.0833673 0.0978798 0.1054027 0.0000000 0.3040918 0.2954846 0.5593789 0.3454834 0.3437094 0.2279005 0.1625844 0.1561456 0.1749857 0.1937936 0.1696246 0.1632624 0.1679052 0.1054027 0.1215504 0.1217617 0.1219748 0.1154435 0.1096784 0.1085862 0.1100540 0.1104035 0.1110669 0.1154627 0.1105637 0.1105637 0.0902424 0.1059597 0.1057032 0.1038168 0.1127181 0.1036017 0.1116481 0.1119210 0.1114573 0.1135227 0.1157598 0.1161394 0.1060521 0.1583039 0.1406127 0.1400948 0.1431612 0.1577851 0.1577423 0.1579221 0.1570853 0.1583436 0.1577943 0.1375707 0.0834928 0.2060816 0.1059693 0.1059693 0.1051522 0.1218527 0.1302329 0.1131368 0.1137254 0.1192357 0.1068376 0.1098643 0.1182615 0.1180739 0.1200888 0.1199923 0.1173437 0.1121693 0.1126711 0.1132255 0.1164046 0.1162696 
L12426.2_Molgula_manhattensis               0.2563815 0.2859800 0.2058382 0.3058301 0.2895783 0.2317177 0.2365020 0.2846826 0.2964441 0.2882137 0.2752130 0.3040918 0.0000000 0.3085774 0.5902065 0.3186046 0.3793217 0.1509913 0.2048681 0.1969967 0.1848369 0.2018123 0.1673764 0.2059632 0.1938371 0.2650833 0.3102028 0.3030262 0.3001461 0.3165747 0.2878868 0.2975560 0.2821089 0.2816957 0.2729019 0.2843080 0.2973092 0.2976266 0.2653031 0.2856690 0.2754056 0.2862011 0.2890700 0.2836175 0.2857924 0.2865929 0.2746232 0.2822152 0.2830194 0.2739760 0.2206952 0.2493386 0.2901556 0.2966825 0.2858595 0.2388498 0.2442372 0.2328777 0.2287541 0.2335355 0.2367629 0.2128921 0.3116143 0.2821735 0.2798632 0.2888649 0.2614428 0.3080475 0.1924062 0.2789495 0.2773266 0.2678482 0.2639596 0.2295279 0.2778585 0.2722966 0.2833886 0.2788464 0.2764788 0.2704176 0.2685460 0.2628249 0.2680561 0.2676839 
M91181.1_Echinorhinus_cookei                0.2502933 0.3262800 0.2361567 0.3252672 0.3246038 0.2341932 0.2443753 0.2975810 0.3154192 0.2932583 0.2946263 0.2954846 0.3085774 0.0000000 0.3674059 0.2145825 0.4192998 0.2530287 0.2327704 0.2344058 0.2375296 0.2398182 0.2012040 0.2162637 0.2369841 0.2951452 0.3254106 0.3148737 0.3136105 0.3170777 0.2893975 0.2937689 0.2980082 0.2994508 0.2955224 0.3132519 0.3034148 0.3021486 0.2799099 0.2972721 0.2905894 0.2949365 0.2963102 0.2936009 0.2945362 0.2938283 0.2898022 0.2899094 0.3027371 0.2965966 0.2550035 0.2934452 0.3105986 0.3106996 0.3201143 0.2456844 0.2534779 0.2438027 0.2434049 0.2445059 0.2406339 0.2290038 0.3374683 0.3200063 0.2854366 0.2940320 0.2422475 0.3189371 0.1925200 0.2440413 0.2481890 0.2438282 0.2461565 0.2241822 0.2507673 0.2578909 0.2543787 0.2516630 0.2492485 0.2474751 0.2543091 0.2564601 0.2484173 0.2480806 
M97574.1_Myxine_glutinosa                   0.4685420 0.4996894 0.4636183 0.5343324 0.4966032 0.4531846 0.4574429 0.5002517 0.5394651 0.5021410 0.4970766 0.5593789 0.5902065 0.3674059 0.0000000 0.4634808 0.8104186 0.4658609 0.4528691 0.4480257 0.4600132 0.4649267 0.4934481 0.4671983 0.4634113 0.4928623 0.5221135 0.5119079 0.5043742 0.5081264 0.4917535 0.5056624 0.5064693 0.4999152 0.4985742 0.5159862 0.5043957 0.5019523 0.4710758 0.4988828 0.4935698 0.5127679 0.4938879 0.4902868 0.4983007 0.4956983 0.4895644 0.4783878 0.4871076 0.4883701 0.4607953 0.5180818 0.5386593 0.5419575 0.5538891 0.4625179 0.4773464 0.4480298 0.4471051 0.4495438 0.4540225 0.4268169 0.5607335 0.4966584 0.4934136 0.5039971 0.5099276 0.5268581 0.4660034 0.5209596 0.5235395 0.5050765 0.5335620 0.4684749 0.5139094 0.5271322 0.5178140 0.5200182 0.5157903 0.5246529 0.5160674 0.5264105 0.5276201 0.5267350 
M97571.1_Branchiostoma_floridae             0.2805456 0.3102902 0.2604228 0.3820826 0.3131247 0.2624887 0.2748985 0.3081859 0.3282133 0.2873987 0.3061303 0.3454834 0.3186046 0.2145825 0.4634808 0.0000000 0.4040599 0.2777680 0.2436741 0.2476937 0.2375491 0.2506306 0.2405950 0.2521115 0.2366774 0.3010753 0.3577709 0.3501948 0.3510227 0.3279307 0.3059760 0.3132612 0.3171311 0.3126253 0.3088163 0.3283446 0.3374666 0.3360160 0.2647260 0.2996194 0.2916574 0.3025121 0.3049961 0.2984494 0.3071425 0.3080770 0.2986326 0.2936894 0.3046347 0.2997441 0.2651210 0.3255522 0.3161230 0.3235496 0.3241569 0.2791657 0.2853874 0.2684442 0.2649229 0.2692291 0.2741246 0.2525265 0.3382932 0.3022944 0.3194319 0.3254350 0.3090275 0.3658054 0.2597986 0.3169776 0.3133700 0.2986362 0.3111108 0.3127795 0.3202973 0.3059080 0.3198570 0.3195099 0.3185495 0.3191008 0.3123120 0.2958388 0.3115377 0.3110893 
AB013014.1_Oikopleura_dioica                0.3118275 0.3753944 0.3054271 0.3353460 0.3790545 0.2792952 0.3104749 0.3370973 0.3425531 0.3056893 0.3286480 0.3437094 0.3793217 0.4192998 0.8104186 0.4040599 0.0000000 0.3286998 0.2980441 0.2981955 0.2882695 0.3069442 0.2673380 0.2928819 0.2776591 0.3273191 0.3221030 0.3113278 0.3167688 0.3289650 0.3199887 0.3211560 0.3434410 0.3397260 0.3371798 0.3472676 0.3445606 0.3430661 0.2932895 0.3335149 0.3269598 0.3306436 0.3317510 0.3193093 0.3341644 0.3370220 0.3255520 0.3247109 0.3241357 0.3195977 0.2938082 0.3208423 0.3544226 0.3560178 0.3573785 0.3146957 0.3216991 0.3060801 0.3019195 0.3070200 0.3106823 0.2864388 0.3553296 0.3628241 0.3367368 0.3414151 0.3064085 0.3255370 0.2496335 0.3014522 0.3066431 0.3024507 0.3025165 0.2792681 0.3121707 0.3092264 0.3119006 0.3107967 0.3104454 0.3083997 0.2941988 0.2949139 0.2868227 0.2864186 
AY903925.1_Halocynthia_igaboja              0.1524456 0.2367261 0.1337768 0.2240394 0.2368927 0.1361508 0.1434263 0.1975829 0.2290836 0.1904128 0.2000949 0.2279005 0.1509913 0.2530287 0.4658609 0.2777680 0.3286998 0.0000000 0.1258215 0.1237910 0.1135256 0.1432607 0.0928089 0.1245399 0.1172516 0.1983805 0.2295252 0.2227351 0.2199061 0.2229083 0.1908541 0.1939619 0.2006922 0.2007371 0.1987043 0.1981546 0.2045516 0.2037753 0.1778643 0.1926827 0.1887630 0.1943390 0.1973011 0.1965934 0.1962874 0.1977541 0.1940705 0.1895098 0.1975859 0.1936602 0.1637811 0.1998089 0.2089376 0.2158764 0.2097672 0.1478270 0.1508351 0.1441358 0.1397958 0.1423551 0.1428271 0.1330212 0.2396569 0.2291440 0.1993993 0.2020203 0.1689121 0.2248775 0.1352644 0.1681832 0.1684588 0.1635041 0.1660776 0.1656109 0.1648988 0.1711848 0.1722748 0.1717627 0.1636272 0.1715252 0.1710288 0.1711470 0.1684129 0.1682021 
FM244840.1_Clavelina_meridionalis           0.0804083 0.1658558 0.0659535 0.1566576 0.1657239 0.0585652 0.0737833 0.1296783 0.1505080 0.1321430 0.1384059 0.1625844 0.2048681 0.2327704 0.4528691 0.2436741 0.2980441 0.1258215 0.0000000 0.0167788 0.0534037 0.0779798 0.0466570 0.0460989 0.0458185 0.1384059 0.1612619 0.1522680 0.1504755 0.1532062 0.1373785 0.1343879 0.1361972 0.1366551 0.1388270 0.1382393 0.1437415 0.1440767 0.1203923 0.1316593 0.1328655 0.1284646 0.1282096 0.1230818 0.1282381 0.1285653 0.1295801 0.1222497 0.1264800 0.1264372 0.0990943 0.1197497 0.1346279 0.1395353 0.1363477 0.0707129 0.0752613 0.0721163 0.0727950 0.0739786 0.0737634 0.0576766 0.1557907 0.1553942 0.1455379 0.1440818 0.1301547 0.1486749 0.0771636 0.1317531 0.1321931 0.1195342 0.1301638 0.1151263 0.1337702 0.1277845 0.1270270 0.1266859 0.1325910 0.1327057 0.1237838 0.1243523 0.1322147 0.1320570 
FM244841.1_Pycnoclavella_aff._detorta       0.0716428 0.1553930 0.0599150 0.1513496 0.1552720 0.0507504 0.0687547 0.1239127 0.1509410 0.1230326 0.1359408 0.1561456 0.1969967 0.2344058 0.4480257 0.2476937 0.2981955 0.1237910 0.0167788 0.0000000 0.0470051 0.0681341 0.0438957 0.0438681 0.0398158 0.1359408 0.1568732 0.1490308 0.1472389 0.1498656 0.1319386 0.1322718 0.1370970 0.1375550 0.1363513 0.1370752 0.1363299 0.1366424 0.1133105 0.1242910 0.1223578 0.1239251 0.1290158 0.1216123 0.1277473 0.1280701 0.1258418 0.1208516 0.1242786 0.1210655 0.0938533 0.1166653 0.1338537 0.1385174 0.1376846 0.0640465 0.0676653 0.0661243 0.0668604 0.0679342 0.0677388 0.0516494 0.1597404 0.1468770 0.1379102 0.1397864 0.1301027 0.1435847 0.0730055 0.1317003 0.1304222 0.1207820 0.1257349 0.1185498 0.1350530 0.1303921 0.1282970 0.1279519 0.1338723 0.1326512 0.1250658 0.1269765 0.1335145 0.1333553 
AB075543.1_Megalodicopia_hians              0.0728547 0.1538374 0.0619513 0.1696458 0.1564074 0.0600589 0.0715888 0.1349844 0.1578306 0.1333826 0.1420178 0.1749857 0.1848369 0.2375296 0.4600132 0.2375491 0.2882695 0.1135256 0.0534037 0.0470051 0.0000000 0.0703437 0.0296455 0.0422598 0.0154306 0.1377845 0.1664577 0.1601510 0.1594980 0.1698149 0.1375197 0.1413367 0.1424192 0.1413597 0.1378028 0.1440826 0.1544374 0.1538908 0.1222412 0.1355681 0.1306736 0.1385970 0.1332212 0.1304357 0.1339041 0.1348183 0.1294533 0.1276655 0.1301091 0.1267457 0.1070155 0.1349329 0.1395231 0.1453878 0.1409796 0.0681294 0.0724789 0.0677148 0.0684059 0.0694617 0.0706019 0.0587080 0.1660772 0.1510367 0.1467815 0.1507164 0.1315484 0.1647557 0.0829695 0.1314906 0.1303721 0.1192950 0.1335480 0.1111777 0.1318459 0.1240559 0.1280885 0.1277443 0.1306731 0.1339405 0.1224894 0.1182646 0.1291768 0.1290241 
L12378.2_Ascidia_ceratodes                  0.1106610 0.1654111 0.0790951 0.1890562 0.1682556 0.0936801 0.0995308 0.1470913 0.1761670 0.1505817 0.1538961 0.1937936 0.2018123 0.2398182 0.4649267 0.2506306 0.3069442 0.1432607 0.0779798 0.0681341 0.0703437 0.0000000 0.0494733 0.0582771 0.0660309 0.1493459 0.1824743 0.1760367 0.1732538 0.1946413 0.1458767 0.1500003 0.1558395 0.1546447 0.1517282 0.1518109 0.1536854 0.1531352 0.1367376 0.1409719 0.1380007 0.1446367 0.1451634 0.1465695 0.1460481 0.1470641 0.1412222 0.1391560 0.1407112 0.1369994 0.1214209 0.1466371 0.1618169 0.1652017 0.1641774 0.0974930 0.1021289 0.0949778 0.0954084 0.0969807 0.0986702 0.0737548 0.1850998 0.1628315 0.1455511 0.1494905 0.1200390 0.1790829 0.0914224 0.1188325 0.1190734 0.1194292 0.1181900 0.1086099 0.1290252 0.1268949 0.1178181 0.1175118 0.1278661 0.1209923 0.1147037 0.1236500 0.1256161 0.1254687 
AJ250778.1_Ciona_intestinalis               0.0617749 0.1563705 0.0348016 0.1479121 0.1563705 0.0569811 0.0598398 0.1301188 0.1535507 0.1345980 0.1244985 0.1696246 0.1673764 0.2012040 0.4934481 0.2405950 0.2673380 0.0928089 0.0466570 0.0438957 0.0296455 0.0494733 0.0000000 0.0320752 0.0297005 0.1244985 0.1522368 0.1522368 0.1505943 0.1779310 0.1308415 0.1290714 0.1253299 0.1253299 0.1253299 0.1190980 0.1415023 0.1415023 0.1305760 0.1305760 0.1305760 0.1323133 0.1301188 0.1301188 0.1301188 0.1301188 0.1301188 0.1211742 0.1304642 0.1269841 0.0966999 0.1317319 0.1556845 0.1573389 0.1542714 0.0569811 0.0569811 0.0569811 0.0597114 0.0597114 0.0597114 0.0615939 0.1540039 0.1563705 0.1387083 0.1387083 0.1209109 0.1501493 0.0824153 0.1282052 0.1323911 0.1211742 0.1342361 0.1117697 0.1329313 0.1280302 0.1265007 0.1265007 0.1329313 0.1280096 0.1265007 0.1301188 0.1310426 0.1308415 
AB104873.1_Perophora_sagamiensis            0.0694900 0.1604884 0.0547384 0.1632205 0.1605063 0.0532444 0.0667008 0.1336089 0.1546152 0.1286847 0.1387799 0.1632624 0.2059632 0.2162637 0.4671983 0.2521115 0.2928819 0.1245399 0.0460989 0.0438681 0.0422598 0.0582771 0.0320752 0.0000000 0.0372562 0.1387799 0.1631121 0.1579794 0.1562201 0.1724557 0.1359701 0.1352533 0.1401382 0.1406080 0.1404789 0.1398786 0.1471923 0.1471923 0.1192209 0.1287024 0.1276888 0.1324297 0.1329683 0.1272914 0.1329654 0.1333026 0.1320116 0.1264638 0.1279846 0.1256785 0.0996825 0.1338644 0.1488492 0.1509537 0.1486336 0.0619080 0.0673826 0.0636007 0.0646442 0.0653688 0.0651837 0.0529453 0.1611493 0.1511980 0.1410025 0.1417809 0.1231196 0.1564333 0.0822790 0.1296819 0.1301125 0.1201216 0.1266084 0.1196500 0.1303367 0.1290108 0.1262831 0.1259459 0.1291688 0.1320870 0.1194754 0.1219590 0.1264194 0.1262704 
AF165821.2_Chelyosoma_siboja                0.0719250 0.1481277 0.0560038 0.1618555 0.1489785 0.0571448 0.0695699 0.1240996 0.1463096 0.1244628 0.1310339 0.1679052 0.1938371 0.2369841 0.4634113 0.2366774 0.2776591 0.1172516 0.0458185 0.0398158 0.0154306 0.0660309 0.0297005 0.0372562 0.0000000 0.1308270 0.1613674 0.1550768 0.1555803 0.1602200 0.1270354 0.1279729 0.1319456 0.1309736 0.1293262 0.1324712 0.1405418 0.1400495 0.1131896 0.1262187 0.1232015 0.1291802 0.1228003 0.1200838 0.1236588 0.1244963 0.1211390 0.1191960 0.1170968 0.1141162 0.0987750 0.1292805 0.1336744 0.1420701 0.1349947 0.0676265 0.0712822 0.0675418 0.0682401 0.0693017 0.0685682 0.0544730 0.1542404 0.1446445 0.1345261 0.1369629 0.1241735 0.1577693 0.0808895 0.1242412 0.1233609 0.1122433 0.1288027 0.1042440 0.1245227 0.1182623 0.1208246 0.1205054 0.1233671 0.1265322 0.1169477 0.1141893 0.1235453 0.1234000 
HQ015406.1_Salpa_thompsoni                  0.1283105 0.1844486 0.1286985 0.0814072 0.1877052 0.1112615 0.1186762 0.0392454 0.1087450 0.0322633 0.0005750 0.1054027 0.2650833 0.2951452 0.4928623 0.3010753 0.3273191 0.1983805 0.1384059 0.1359408 0.1377845 0.1493459 0.1244985 0.1387799 0.1308270 0.0000000 0.0777353 0.0725083 0.0715428 0.0791636 0.0259241 0.0264868 0.0083932 0.0083474 0.0092902 0.0114849 0.0320220 0.0319298 0.0293981 0.0370879 0.0372013 0.0401578 0.0381458 0.0343267 0.0380463 0.0382586 0.0373125 0.0317020 0.0371169 0.0383903 0.0868014 0.1316730 0.1081305 0.1093574 0.1092138 0.1184810 0.1240752 0.1153610 0.1136312 0.1156410 0.1178988 0.1146174 0.1155979 0.1850088 0.0234061 0.0238717 0.0047980 0.0735840 0.1039628 0.0235918 0.0272570 0.0338362 0.0469346 0.0407789 0.0281627 0.0397834 0.0319766 0.0338228 0.0291570 0.0220804 0.0316206 0.0384358 0.0258586 0.0258334 
HQ015415.1_Thalia_democratica               0.1495085 0.2025149 0.1577565 0.0074274 0.2041627 0.1364997 0.1459451 0.0830460 0.1329472 0.0582340 0.0789767 0.1215504 0.3102028 0.3254106 0.5221135 0.3577709 0.3221030 0.2295252 0.1612619 0.1568732 0.1664577 0.1824743 0.1522368 0.1631121 0.1613674 0.0777353 0.0000000 0.0005786 0.0017527 0.0427507 0.0717096 0.0696732 0.0742384 0.0737568 0.0806389 0.0766180 0.0779372 0.0776924 0.0540929 0.0632079 0.0688112 0.0683932 0.0756876 0.0727255 0.0754711 0.0759271 0.0817317 0.0684747 0.0718066 0.0783064 0.1032901 0.1470730 0.1393500 0.1429563 0.1290514 0.1392045 0.1375097 0.1326077 0.1399052 0.1329359 0.1355857 0.1373685 0.1239702 0.1856446 0.0689604 0.0629546 0.0775890 0.0017940 0.1167564 0.0648889 0.0629186 0.0723116 0.0662229 0.0755672 0.0759706 0.0767062 0.0771512 0.0769804 0.0749720 0.0660430 0.0741843 0.0736253 0.0713217 0.0712460 
HQ015414.1_Thalia_democratica               0.1422210 0.1946771 0.1503869 0.0074274 0.1962664 0.1364997 0.1382128 0.0767886 0.1259101 0.0582340 0.0728683 0.1217617 0.3030262 0.3148737 0.5119079 0.3501948 0.3113278 0.2227351 0.1522680 0.1490308 0.1601510 0.1760367 0.1522368 0.1579794 0.1550768 0.0725083 0.0005786 0.0000000 0.0023392 0.0372867 0.0666147 0.0665387 0.0742384 0.0737568 0.0745129 0.0766180 0.0714468 0.0710873 0.0548529 0.0632079 0.0629162 0.0683932 0.0756876 0.0727255 0.0754711 0.0759271 0.0756298 0.0692433 0.0725915 0.0730892 0.1032901 0.1398941 0.1331701 0.1368728 0.1292745 0.1392045 0.1381818 0.1335872 0.1331589 0.1339180 0.1355857 0.1295643 0.1249099 0.1856446 0.0630512 0.0630512 0.0775890 0.0017965 0.1167564 0.0648889 0.0629186 0.0723116 0.0662229 0.0755672 0.0759706 0.0767062 0.0771512 0.0769804 0.0749720 0.0660430 0.0741843 0.0736253 0.0713217 0.0712460 
HQ015413.1_Thalia_democratica               0.1404334 0.1991598 0.1507192 0.0055689 0.2008061 0.1333429 0.1364085 0.0766390 0.1240984 0.0583213 0.0726926 0.1219748 0.3001461 0.3136105 0.5043742 0.3510227 0.3167688 0.2199061 0.1504755 0.1472389 0.1594980 0.1732538 0.1505943 0.1562201 0.1555803 0.0715428 0.0017527 0.0023392 0.0000000 0.0382789 0.0656348 0.0663218 0.0740716 0.0733766 0.0743492 0.0759190 0.0712604 0.0708991 0.0541684 0.0636993 0.0634425 0.0689214 0.0749900 0.0720053 0.0753141 0.0756028 0.0754752 0.0682726 0.0714238 0.0721295 0.1033447 0.1401359 0.1324920 0.1362193 0.1295493 0.1361802 0.1363544 0.1304013 0.1304013 0.1304013 0.1334396 0.1277467 0.1231070 0.1897766 0.0628087 0.0628087 0.0777395 0.0000010 0.1143652 0.0650098 0.0640643 0.0724494 0.0674038 0.0757521 0.0761167 0.0768550 0.0773000 0.0771284 0.0751162 0.0661682 0.0743292 0.0737699 0.0714595 0.0713835 
HQ015412.1_Thalia_orientalis                0.1585012 0.2126191 0.1642973 0.0452859 0.2143740 0.1478221 0.1547402 0.0784272 0.1239559 0.0632406 0.0797962 0.1154435 0.3165747 0.3170777 0.5081264 0.3279307 0.3289650 0.2229083 0.1532062 0.1498656 0.1698149 0.1946413 0.1779310 0.1724557 0.1602200 0.0791636 0.0427507 0.0372867 0.0382789 0.0000000 0.0724650 0.0742523 0.0795268 0.0790014 0.0786136 0.0847666 0.0837707 0.0835042 0.0587145 0.0737523 0.0723473 0.0790029 0.0784451 0.0732167 0.0782172 0.0786968 0.0772270 0.0783052 0.0767046 0.0753864 0.1048971 0.1405597 0.1300708 0.1311659 0.1281687 0.1587420 0.1616595 0.1521330 0.1496875 0.1525258 0.1542207 0.1452147 0.1306568 0.2049024 0.0754265 0.0764053 0.0892038 0.0389958 0.1398809 0.0860052 0.0853045 0.0891830 0.0853597 0.0761313 0.0886650 0.0842135 0.0940688 0.0938437 0.0876191 0.0876222 0.0911671 0.0808720 0.0841698 0.0840770 
HQ015411.1_Ritteriella_retracta             0.1136759 0.1909962 0.1306257 0.0757226 0.1925217 0.1093618 0.1140499 0.0306375 0.1168308 0.0300221 0.0262889 0.1096784 0.2878868 0.2893975 0.4917535 0.3059760 0.3199887 0.1908541 0.1373785 0.1319386 0.1375197 0.1458767 0.1308415 0.1359701 0.1270354 0.0259241 0.0717096 0.0666147 0.0656348 0.0724650 0.0000000 0.0005808 0.0268784 0.0267227 0.0269374 0.0316937 0.0262639 0.0261896 0.0280245 0.0348789 0.0341720 0.0350842 0.0307456 0.0290864 0.0306674 0.0308348 0.0306077 0.0266924 0.0311447 0.0325093 0.0837776 0.1398298 0.1097747 0.1105985 0.1110439 0.1169836 0.1192522 0.1108299 0.1091850 0.1110965 0.1132450 0.1056110 0.1239154 0.1889627 0.0168936 0.0171320 0.0238783 0.0674651 0.0987709 0.0112899 0.0146855 0.0262142 0.0398966 0.0395317 0.0047858 0.0281889 0.0234845 0.0234449 0.0039863 0.0114453 0.0220976 0.0286518 0.0000010 0.0000010 
HQ015410.1_Ritteriella_retracta             0.1145239 0.1932402 0.1316576 0.0748804 0.1948081 0.1083234 0.1141279 0.0310400 0.1175679 0.0292825 0.0259450 0.1085862 0.2975560 0.2937689 0.5056624 0.3132612 0.3211560 0.1939619 0.1343879 0.1322718 0.1413367 0.1500003 0.1290714 0.1352533 0.1279729 0.0264868 0.0696732 0.0665387 0.0663218 0.0742523 0.0005808 0.0000000 0.0262039 0.0260522 0.0266005 0.0310061 0.0257085 0.0255943 0.0281115 0.0341886 0.0339141 0.0343896 0.0307626 0.0291030 0.0306843 0.0308519 0.0302769 0.0269429 0.0319353 0.0330689 0.0829287 0.1411052 0.1116441 0.1112593 0.1101061 0.1159782 0.1182617 0.1121349 0.1112589 0.1124076 0.1122813 0.1054412 0.1222384 0.1877546 0.0164616 0.0164988 0.0229848 0.0666594 0.0975523 0.0104654 0.0138457 0.0253247 0.0389416 0.0383165 0.0039813 0.0282097 0.0235014 0.0234617 0.0031835 0.0106092 0.0221137 0.0286732 0.0000010 0.0000010 
HQ015409.1_Salpa_fusiformis                 0.1219143 0.1928193 0.1266556 0.0826071 0.1928400 0.1127428 0.1206480 0.0357364 0.1079005 0.0332168 0.0083932 0.1100540 0.2821089 0.2980082 0.5064693 0.3171311 0.3434410 0.2006922 0.1361972 0.1370970 0.1424192 0.1558395 0.1253299 0.1401382 0.1319456 0.0083932 0.0742384 0.0742384 0.0740716 0.0795268 0.0268784 0.0262039 0.0000000 0.0000010 0.0005881 0.0090980 0.0330885 0.0329792 0.0305518 0.0373487 0.0373274 0.0404899 0.0354360 0.0321485 0.0351803 0.0353756 0.0351604 0.0336904 0.0375865 0.0388828 0.0846972 0.1363394 0.1072445 0.1072677 0.1057815 0.1210549 0.1204028 0.1181857 0.1178069 0.1184789 0.1181857 0.1163021 0.1080707 0.1874194 0.0247955 0.0247955 0.0048062 0.0748288 0.1063093 0.0263869 0.0292178 0.0376689 0.0471257 0.0420468 0.0301431 0.0378676 0.0358600 0.0357946 0.0292702 0.0258412 0.0336133 0.0365037 0.0278391 0.0278117 
HQ015408.1_Salpa_maxima                     0.1214148 0.1906326 0.1274165 0.0826071 0.1921858 0.1127428 0.1210392 0.0358308 0.1079784 0.0331438 0.0083874 0.1104035 0.2816957 0.2994508 0.4999152 0.3126253 0.3397260 0.2007371 0.1366551 0.1375550 0.1413597 0.1546447 0.1253299 0.1406080 0.1309736 0.0083474 0.0737568 0.0737568 0.0733766 0.0790014 0.0267227 0.0260522 0.0000010 0.0000000 0.0005850 0.0090261 0.0331743 0.0330217 0.0302885 0.0372727 0.0371339 0.0403833 0.0352718 0.0321485 0.0352718 0.0353957 0.0349536 0.0334931 0.0372655 0.0386516 0.0841334 0.1354568 0.1064964 0.1065195 0.1054550 0.1210549 0.1207980 0.1169557 0.1169557 0.1172430 0.1182732 0.1166747 0.1073020 0.1874194 0.0247328 0.0247328 0.0048062 0.0750479 0.1063093 0.0263869 0.0292178 0.0376689 0.0471257 0.0420468 0.0301431 0.0378676 0.0358600 0.0357946 0.0292702 0.0258412 0.0336133 0.0365037 0.0278391 0.0278117 
HQ015407.1_Salpa_maxima                     0.1275724 0.1865724 0.1257265 0.0836596 0.1898740 0.1140690 0.1202050 0.0371447 0.1066340 0.0339631 0.0094301 0.1110669 0.2729019 0.2955224 0.4985742 0.3088163 0.3371798 0.1987043 0.1388270 0.1363513 0.1378028 0.1517282 0.1253299 0.1404789 0.1293262 0.0092902 0.0806389 0.0745129 0.0743492 0.0786136 0.0269374 0.0266005 0.0005881 0.0005850 0.0000000 0.0096562 0.0335361 0.0334390 0.0310449 0.0379674 0.0380539 0.0410660 0.0360371 0.0329237 0.0359433 0.0361435 0.0345780 0.0341547 0.0380376 0.0386592 0.0849138 0.1312100 0.1056651 0.1053826 0.1061067 0.1223618 0.1256769 0.1181895 0.1163900 0.1184807 0.1194359 0.1161090 0.1136389 0.1890883 0.0248463 0.0253448 0.0048062 0.0757030 0.1063093 0.0263869 0.0292178 0.0376689 0.0471257 0.0420468 0.0301431 0.0378676 0.0358600 0.0357946 0.0292702 0.0258412 0.0336133 0.0365037 0.0278391 0.0278117 
HQ015405.1_Salpa_aspera                     0.1221041 0.2019332 0.1315902 0.0855822 0.2036086 0.1128422 0.1217294 0.0413023 0.1172020 0.0376859 0.0115407 0.1154627 0.2843080 0.3132519 0.5159862 0.3283446 0.3472676 0.1981546 0.1382393 0.1370752 0.1440826 0.1518109 0.1190980 0.1398786 0.1324712 0.0114849 0.0766180 0.0766180 0.0759190 0.0847666 0.0316937 0.0310061 0.0090980 0.0090261 0.0096562 0.0000000 0.0348750 0.0347129 0.0345086 0.0416760 0.0415189 0.0448425 0.0404847 0.0374470 0.0406457 0.0407909 0.0402721 0.0358687 0.0396895 0.0410964 0.0904822 0.1360082 0.1120580 0.1120812 0.1110198 0.1211558 0.1214954 0.1176116 0.1176116 0.1176116 0.1189433 0.1182936 0.1164536 0.1979735 0.0296570 0.0296570 0.0097331 0.0779993 0.1082168 0.0318985 0.0348168 0.0397136 0.0519724 0.0460727 0.0357653 0.0439025 0.0397603 0.0396863 0.0348795 0.0314129 0.0375362 0.0425836 0.0334912 0.0334580 
HQ015404.1_Brooksia_rostrata                0.1276708 0.2011801 0.1383776 0.0801487 0.2012014 0.1205487 0.1264845 0.0386801 0.1181200 0.0346505 0.0320220 0.1105637 0.2973092 0.3034148 0.5043957 0.3374666 0.3445606 0.2045516 0.1437415 0.1363299 0.1544374 0.1536854 0.1415023 0.1471923 0.1405418 0.0320220 0.0779372 0.0714468 0.0712604 0.0837707 0.0262639 0.0257085 0.0330885 0.0331743 0.0335361 0.0348750 0.0000000 0.0000010 0.0326260 0.0393595 0.0389784 0.0440238 0.0388414 0.0356095 0.0385386 0.0386454 0.0381885 0.0369321 0.0408479 0.0417542 0.0906746 0.1434804 0.1202713 0.1212255 0.1219952 0.1279787 0.1312156 0.1253506 0.1235021 0.1256639 0.1252569 0.1148821 0.1253812 0.1977383 0.0151207 0.0152280 0.0285797 0.0716042 0.1108601 0.0199171 0.0226178 0.0375113 0.0451371 0.0501801 0.0234634 0.0387318 0.0309071 0.0308526 0.0226162 0.0193095 0.0305362 0.0383924 0.0220073 0.0219861 
HQ015403.1_Brooksia_rostrata                0.1272287 0.2004252 0.1378943 0.0801487 0.2008020 0.1205487 0.1262499 0.0387463 0.1177170 0.0344775 0.0319298 0.1105637 0.2976266 0.3021486 0.5019523 0.3360160 0.3430661 0.2037753 0.1440767 0.1366424 0.1538908 0.1531352 0.1415023 0.1471923 0.1400495 0.0319298 0.0776924 0.0710873 0.0708991 0.0835042 0.0261896 0.0255943 0.0329792 0.0330217 0.0334390 0.0347129 0.0000010 0.0000000 0.0324724 0.0391774 0.0388653 0.0438170 0.0386610 0.0356095 0.0384325 0.0386454 0.0380781 0.0367632 0.0406582 0.0416328 0.0901964 0.1429790 0.1198689 0.1208197 0.1213181 0.1279787 0.1312156 0.1246357 0.1230783 0.1249456 0.1248370 0.1151326 0.1246707 0.1977383 0.0150789 0.0151621 0.0285797 0.0716042 0.1108601 0.0199171 0.0226178 0.0375113 0.0451371 0.0501801 0.0234634 0.0387318 0.0309071 0.0308526 0.0226162 0.0193095 0.0305362 0.0383924 0.0220073 0.0219861 
HQ015402.1_Iasis_cylindrica                 0.1000919 0.1640668 0.1186903 0.0644510 0.1653860 0.1053253 0.0996353 0.0346342 0.1016214 0.0012804 0.0296348 0.0902424 0.2653031 0.2799099 0.4710758 0.2647260 0.2932895 0.1778643 0.1203923 0.1133105 0.1222412 0.1367376 0.1305760 0.1192209 0.1131896 0.0293981 0.0540929 0.0548529 0.0541684 0.0587145 0.0280245 0.0281115 0.0305518 0.0302885 0.0310449 0.0345086 0.0326260 0.0324724 0.0000000 0.0000010 0.0000010 0.0048932 0.0339008 0.0345206 0.0340813 0.0342039 0.0345122 0.0300658 0.0316987 0.0330887 0.0655797 0.1261110 0.0885934 0.0894894 0.0856110 0.0994653 0.0991423 0.0957064 0.0957064 0.0957064 0.0970916 0.0965275 0.1008219 0.1692093 0.0259884 0.0259884 0.0293142 0.0557761 0.0784475 0.0281459 0.0263882 0.0322099 0.0032875 0.0413846 0.0301951 0.0341649 0.0291130 0.0292813 0.0293763 0.0283867 0.0284212 0.0353699 0.0302657 0.0302353 
HQ015401.1_Iasis_cylindrica                 0.1074689 0.1889034 0.1245853 0.0738126 0.1899407 0.1053253 0.1068034 0.0394044 0.1204398 0.0012804 0.0371150 0.1059597 0.2856690 0.2972721 0.4988828 0.2996194 0.3335149 0.1926827 0.1316593 0.1242910 0.1355681 0.1409719 0.1305760 0.1287024 0.1262187 0.0370879 0.0632079 0.0632079 0.0636993 0.0737523 0.0348789 0.0341886 0.0373487 0.0372727 0.0379674 0.0416760 0.0393595 0.0391774 0.0000010 0.0000000 0.0000010 0.0053575 0.0388878 0.0372984 0.0387861 0.0389806 0.0386062 0.0349131 0.0373439 0.0386541 0.0791901 0.1414630 0.1009835 0.1018967 0.0973155 0.1077459 0.1064033 0.1039226 0.1036738 0.1041725 0.1044235 0.1020085 0.1203364 0.1805805 0.0313027 0.0313027 0.0380929 0.0646541 0.0914841 0.0364824 0.0337440 0.0388815 0.0039893 0.0501314 0.0395417 0.0411269 0.0341214 0.0340595 0.0386486 0.0370222 0.0328227 0.0408655 0.0382773 0.0382391 
HQ015400.1_Iasis_cylindrica                 0.1094557 0.1834083 0.1217354 0.0738126 0.1866257 0.1053253 0.1052796 0.0399626 0.1178961 0.0012804 0.0370535 0.1057032 0.2754056 0.2905894 0.4935698 0.2916574 0.3269598 0.1887630 0.1328655 0.1223578 0.1306736 0.1380007 0.1305760 0.1276888 0.1232015 0.0372013 0.0688112 0.0629162 0.0634425 0.0723473 0.0341720 0.0339141 0.0373274 0.0371339 0.0380539 0.0415189 0.0389784 0.0388653 0.0000010 0.0000010 0.0000000 0.0053494 0.0388656 0.0372984 0.0387640 0.0389806 0.0373107 0.0347652 0.0372046 0.0378380 0.0788050 0.1364672 0.0989332 0.0995405 0.0969535 0.1077459 0.1101258 0.1034535 0.1019288 0.1037012 0.1044235 0.1007311 0.1253150 0.1805805 0.0305889 0.0312060 0.0380929 0.0645118 0.0914841 0.0364824 0.0337440 0.0388815 0.0039893 0.0501314 0.0395417 0.0411269 0.0341214 0.0340595 0.0386486 0.0370222 0.0328227 0.0408655 0.0382773 0.0382391 
HQ015399.1_Iasis_cylindrica                 0.1060879 0.1857650 0.1260686 0.0795601 0.1870868 0.1037137 0.1055748 0.0402139 0.1181927 0.0065121 0.0402335 0.1038168 0.2862011 0.2949365 0.5127679 0.3025121 0.3306436 0.1943390 0.1284646 0.1239251 0.1385970 0.1446367 0.1323133 0.1324297 0.1291802 0.0401578 0.0683932 0.0683932 0.0689214 0.0790029 0.0350842 0.0343896 0.0404899 0.0403833 0.0410660 0.0448425 0.0440238 0.0438170 0.0048932 0.0053575 0.0053494 0.0000000 0.0396557 0.0381068 0.0395809 0.0398029 0.0393518 0.0364721 0.0375658 0.0388614 0.0803057 0.1421546 0.1009264 0.1018389 0.0972611 0.1064601 0.1051618 0.1026452 0.1023282 0.1028045 0.1032851 0.1040213 0.1179193 0.1763596 0.0342514 0.0342514 0.0412623 0.0700686 0.0946784 0.0377081 0.0349390 0.0401517 0.0007878 0.0515785 0.0408107 0.0431569 0.0362675 0.0362006 0.0399087 0.0382714 0.0349848 0.0429263 0.0395509 0.0395111 
HQ015398.1_Cyclosalpa_sewelli               0.1182806 0.1830271 0.1214304 0.0850516 0.1841866 0.1104940 0.1167503 0.0000010 0.1170701 0.0368839 0.0381958 0.1127181 0.2890700 0.2963102 0.4938879 0.3049961 0.3317510 0.1973011 0.1282096 0.1290158 0.1332212 0.1451634 0.1301188 0.1329683 0.1228003 0.0381458 0.0756876 0.0756876 0.0749900 0.0784451 0.0307456 0.0307626 0.0354360 0.0352718 0.0360371 0.0404847 0.0388414 0.0386610 0.0339008 0.0388878 0.0388656 0.0396557 0.0000000 0.0000010 0.0000010 0.0000010 0.0000010 0.0090504 0.0096563 0.0096563 0.0778395 0.1288178 0.1018590 0.1005201 0.1032350 0.1169673 0.1164603 0.1133309 0.1133309 0.1133309 0.1140524 0.1046340 0.1168835 0.1754404 0.0376960 0.0376960 0.0369784 0.0767008 0.0941141 0.0324430 0.0308368 0.0097426 0.0450570 0.0169807 0.0319115 0.0000010 0.0182553 0.0182426 0.0310671 0.0329150 0.0176793 0.0000010 0.0285596 0.0285317 
HQ015397.1_Cyclosalpa_quadriluminis         0.1149341 0.1744988 0.1204545 0.0805362 0.1743527 0.1071654 0.1125939 0.0000010 0.1057643 0.0374722 0.0343267 0.1036017 0.2836175 0.2936009 0.4902868 0.2984494 0.3193093 0.1965934 0.1230818 0.1216123 0.1304357 0.1465695 0.1301188 0.1272914 0.1200838 0.0343267 0.0727255 0.0727255 0.0720053 0.0732167 0.0290864 0.0291030 0.0321485 0.0321485 0.0329237 0.0374470 0.0356095 0.0356095 0.0345206 0.0372984 0.0372984 0.0381068 0.0000010 0.0000000 0.0000010 0.0000010 0.0000010 0.0093680 0.0093606 0.0093606 0.0718766 0.1234142 0.0977514 0.0964020 0.0991393 0.1108707 0.1105075 0.1098848 0.1098848 0.1098848 0.1098848 0.1041751 0.1059347 0.1754404 0.0362397 0.0362397 0.0327086 0.0722190 0.0900012 0.0295402 0.0288353 0.0099545 0.0420808 0.0174831 0.0289468 0.0000010 0.0159485 0.0160370 0.0281352 0.0297896 0.0152062 0.0000010 0.0260945 0.0260688 
HQ015396.1_Cyclosalpa_polae                 0.1179031 0.1836868 0.1210246 0.0846692 0.1837068 0.1104940 0.1157219 0.0000010 0.1163272 0.0369883 0.0380463 0.1116481 0.2857924 0.2945362 0.4983007 0.3071425 0.3341644 0.1962874 0.1282381 0.1277473 0.1339041 0.1460481 0.1301188 0.1329654 0.1236588 0.0380463 0.0754711 0.0754711 0.0753141 0.0782172 0.0306674 0.0306843 0.0351803 0.0352718 0.0359433 0.0406457 0.0385386 0.0384325 0.0340813 0.0387861 0.0387640 0.0395809 0.0000010 0.0000010 0.0000000 0.0000010 0.0000010 0.0090286 0.0096563 0.0096331 0.0776128 0.1284035 0.1015462 0.1002129 0.1029166 0.1169673 0.1153368 0.1133309 0.1129734 0.1136077 0.1132485 0.1036526 0.1165121 0.1754404 0.0375988 0.0375988 0.0369784 0.0760316 0.0940095 0.0324430 0.0307842 0.0097426 0.0450570 0.0169807 0.0319115 0.0000010 0.0182553 0.0182253 0.0310369 0.0329150 0.0176793 0.0000010 0.0285596 0.0285317 
