80
AB013011.1_Pyrosoma_atlanticum              0.0000000 0.1663907 0.0792861 0.1517851 0.1692600 0.0071624 0.0065176 0.1190936 0.1594297 0.1046249 0.1191763 0.1659253 0.2568479 0.2507978 0.4731367 0.2812186 0.3127821 0.1525633 0.0804181 0.0716517 0.0728562 0.1106963 0.0617744 0.0694936 0.0719274 0.1284137 0.1496346 0.1423250 0.1405380 0.1586827 0.1137454 0.1145950 0.1220023 0.1215017 0.1276760 0.1221948 0.1277640 0.1273210 0.1001418 0.1075267 0.1095178 0.1061423 0.1183430 0.1149951 0.1179648 0.1187535 0.1193126 0.1085630 0.1085089 0.1077283 0.1029174 0.1445589 0.1396366 0.1438998 0.1400006 0.0042828 0.0066526 0.0041335 0.0052711 0.0053395 0.0053586 0.0339289 0.1687660 0.1611551 0.1202243 0.1233487 0.1137389 0.1430262 0.0745904 0.1122939 0.1149669 0.1089460 0.1062395 0.1085725 0.1192742 0.1208408 0.1041625 0.1038988 0.1181282 0.1143391 
AB013012.1_Doliolum_nationalis              0.1663907 0.0000000 0.1509223 0.2186817 0.0000010 0.1519757 0.1638959 0.1848091 0.2095623 0.1785707 0.1875297 0.2256270 0.2865690 0.3271626 0.5073041 0.3111367 0.3754964 0.2371486 0.1659716 0.1554915 0.1539293 0.1655691 0.1564686 0.1606046 0.1482126 0.1846720 0.2027783 0.1949083 0.1993988 0.2129335 0.1912378 0.1934905 0.1930583 0.1908645 0.1867925 0.2022059 0.2014560 0.2006989 0.1642002 0.1891189 0.1836063 0.1859697 0.1832485 0.1746854 0.1839103 0.1839342 0.1764077 0.1817287 0.1863857 0.1815545 0.1777259 0.2070812 0.2023655 0.2047902 0.2060531 0.1659502 0.1711320 0.1609862 0.1595730 0.1614036 0.1622266 0.1498663 0.2207077 0.0000010 0.1935259 0.1991049 0.1854009 0.2046064 0.1545810 0.1905391 0.1906529 0.1789767 0.1837133 0.1540361 0.1958830 0.1833983 0.1933429 0.1921513 0.1955164 0.1904053 
AB013017.1_Ciona_intestinalis               0.0792861 0.1509223 0.0000000 0.1594990 0.1506792 0.0667753 0.0762865 0.1209932 0.1559194 0.1296023 0.1291973 0.1691107 0.2060611 0.2366027 0.4681660 0.2609957 0.3078070 0.1338717 0.0659565 0.0599174 0.0619535 0.0791085 0.0348023 0.0547380 0.0560064 0.1287866 0.1579093 0.1505159 0.1508489 0.1644828 0.1307300 0.1317645 0.1267417 0.1275052 0.1258125 0.1316878 0.1384949 0.1380107 0.1187661 0.1246776 0.1218213 0.1261682 0.1215190 0.1205455 0.1211122 0.1219283 0.1189889 0.1185144 0.1264441 0.1216151 0.1131011 0.1324350 0.1443856 0.1476698 0.1459526 0.0726519 0.0782055 0.0741130 0.0747612 0.0759611 0.0753053 0.0684760 0.1663648 0.1455876 0.1327557 0.1352602 0.1165994 0.1521051 0.0838029 0.1151126 0.1154837 0.1058143 0.1136999 0.1001714 0.1230273 0.1097506 0.1092517 0.1089747 0.1218944 0.1157736 
D14366.1_Thalia_democratica                 0.1517851 0.2186817 0.1594990 0.0000000 0.2184879 0.1367737 0.1449768 0.0847341 0.1330555 0.0688394 0.0814132 0.1280360 0.3065851 0.3261807 0.5334723 0.3834835 0.3408481 0.2244023 0.1567892 0.1514721 0.1698250 0.1892677 0.1480216 0.1633825 0.1620093 0.0814132 0.0074276 0.0074276 0.0055690 0.0452855 0.0757210 0.0748783 0.0826166 0.0826166 0.0836703 0.0855932 0.0801535 0.0801535 0.0644517 0.0738168 0.0738168 0.0795668 0.0850592 0.0805438 0.0846766 0.0846766 0.0846766 0.0786063 0.0814910 0.0814910 0.1149489 0.1547328 0.1463663 0.1486477 0.1418138 0.1431378 0.1432329 0.1432329 0.1432329 0.1433637 0.1432329 0.1364947 0.1332786 0.2029345 0.0717989 0.0717989 0.0774315 0.0055484 0.1126975 0.0657876 0.0648450 0.0732301 0.0696628 0.0753769 0.0768962 0.0776454 0.0780803 0.0779073 0.0758985 0.0669570 
FM244861.1_Doliolum_denticulatum            0.1692600 0.0000010 0.1506792 0.2184879 0.0000000 0.1518478 0.1637668 0.1832358 0.2101538 0.1791068 0.1879386 0.2256509 0.2901841 0.3254755 0.5041890 0.3139895 0.3791747 0.2373131 0.1658394 0.1553702 0.1565037 0.1684210 0.1564686 0.1606225 0.1490670 0.1879386 0.2044316 0.1965026 0.2010503 0.2146949 0.1927681 0.1950634 0.1930789 0.1924226 0.1901042 0.2038870 0.2014772 0.2010768 0.1655222 0.1901591 0.1868328 0.1872953 0.1844115 0.1745388 0.1839301 0.1839541 0.1794902 0.1831892 0.1878991 0.1829927 0.1791456 0.2108388 0.2040096 0.2064555 0.2075549 0.1658135 0.1709929 0.1622447 0.1608031 0.1626684 0.1622447 0.1498832 0.2225543 0.0000010 0.1961376 0.2005487 0.1854009 0.2044308 0.1545810 0.1905391 0.1906529 0.1789767 0.1837133 0.1540361 0.1958830 0.1833983 0.1933429 0.1921513 0.1955164 0.1904053 
FM244862.1_Pyrosoma_godeauxi                0.0071624 0.1519757 0.0667753 0.1367737 0.1518478 0.0000000 0.0051563 0.1063975 0.1368998 0.1083657 0.1113308 0.1405257 0.2320533 0.2346175 0.4578366 0.2630435 0.2799713 0.1362370 0.0585650 0.0507512 0.0600578 0.0936980 0.0569791 0.0532444 0.0571455 0.1113308 0.1365932 0.1365932 0.1334345 0.1479707 0.1094339 0.1083932 0.1128164 0.1128164 0.1141462 0.1129183 0.1206360 0.1206360 0.1053870 0.1053870 0.1053870 0.1037690 0.1105544 0.1072183 0.1105544 0.1105544 0.1105544 0.1027869 0.1024478 0.1044361 0.0822555 0.1214808 0.1208495 0.1257073 0.1190169 0.0000010 0.0000010 0.0025501 0.0038383 0.0038383 0.0038383 0.0225863 0.1371448 0.1475211 0.1183214 0.1183214 0.0943254 0.1288886 0.0495965 0.0931768 0.0962178 0.0929868 0.0953711 0.0848226 0.1018420 0.1028684 0.0897935 0.0904335 0.1009974 0.0941648 
FM244863.1_Pyrosomella_verticillata         0.0065176 0.1638959 0.0762865 0.1449768 0.1637668 0.0051563 0.0000000 0.1162799 0.1560899 0.1061663 0.1187528 0.1607831 0.2368620 0.2448526 0.4619047 0.2755330 0.3114081 0.1435244 0.0737870 0.0687611 0.0715888 0.0995482 0.0598376 0.0667026 0.0695711 0.1187528 0.1460599 0.1383054 0.1365017 0.1549077 0.1141189 0.1141969 0.1207317 0.1211237 0.1202884 0.1218177 0.1265734 0.1263385 0.0996835 0.1068590 0.1053326 0.1056272 0.1168103 0.1126513 0.1157802 0.1165520 0.1141048 0.1072258 0.1071633 0.1071959 0.0992197 0.1357346 0.1348893 0.1395608 0.1347634 0.0018126 0.0041821 0.0023539 0.0011615 0.0011759 0.0011737 0.0303125 0.1651292 0.1527034 0.1213669 0.1228733 0.1132456 0.1363875 0.0694896 0.1100170 0.1126553 0.1072422 0.1057854 0.1047469 0.1187624 0.1190351 0.1037156 0.1034541 0.1176206 0.1120028 
FM244864.1_Cyclosalpa_quadriluminis         0.1190936 0.1848091 0.1209932 0.0847341 0.1832358 0.1063975 0.1162799 0.0000000 0.1161923 0.0375788 0.0378417 0.1125604 0.2853399 0.2983447 0.5117762 0.3090828 0.3425133 0.1979169 0.1297770 0.1239910 0.1350902 0.1472180 0.1302165 0.1337120 0.1241928 0.0392435 0.0830542 0.0767912 0.0766423 0.0784341 0.0306369 0.0310393 0.0357348 0.0358292 0.0371432 0.0413005 0.0386784 0.0387445 0.0346331 0.0394030 0.0399612 0.0402130 0.0000010 0.0000010 0.0000010 0.0000010 0.0011694 0.0091610 0.0097982 0.0096207 0.0789969 0.1295631 0.1018639 0.1002293 0.1047211 0.1171163 0.1193775 0.1155787 0.1138020 0.1158664 0.1154930 0.1038900 0.1245925 0.1757782 0.0388265 0.0381313 0.0370041 0.0759629 0.0941352 0.0324657 0.0308060 0.0097494 0.0450915 0.0169959 0.0319345 0.0000010 0.0182677 0.0182378 0.0310595 0.0329384 
FM244865.1_Ihlea_racovitzai                 0.1594297 0.2095623 0.1559194 0.1330555 0.2101538 0.1368998 0.1560899 0.1161923 0.0000000 0.1093582 0.1087975 0.0833868 0.2971305 0.3162737 0.5425766 0.3291466 0.3414522 0.2294936 0.1506207 0.1510374 0.1579340 0.1763779 0.1536459 0.1547557 0.1464063 0.1087975 0.1330287 0.1259743 0.1241632 0.1240176 0.1168926 0.1176302 0.1079624 0.1080405 0.1066941 0.1172797 0.1181894 0.1177856 0.1016591 0.1205121 0.1179635 0.1182612 0.1171325 0.1058057 0.1163883 0.1171622 0.1136676 0.1165680 0.1172281 0.1144722 0.1192630 0.1602345 0.1502052 0.1464327 0.1583487 0.1571715 0.1630582 0.1551725 0.1526516 0.1555772 0.1555772 0.1354628 0.0035190 0.2063515 0.1161999 0.1184295 0.1124856 0.1256744 0.1251424 0.1212693 0.1212940 0.1209052 0.1244534 0.1074781 0.1299092 0.1219735 0.1198156 0.1197202 0.1289823 0.1189312 
FM244866.1_Iasis_cylindrica                 0.1046249 0.1785707 0.1296023 0.0688394 0.1791068 0.1083657 0.1061663 0.0375788 0.1093582 0.0000000 0.0322625 0.0979095 0.2888729 0.2939612 0.5118316 0.2881225 0.3109366 0.1906891 0.1322273 0.1231100 0.1334799 0.1507398 0.1346874 0.1287799 0.1245471 0.0322625 0.0582319 0.0582319 0.0583193 0.0632420 0.0300222 0.0292824 0.0332162 0.0331432 0.0339626 0.0376848 0.0346499 0.0344769 0.0012804 0.0012804 0.0012804 0.0065123 0.0368827 0.0374711 0.0369871 0.0371286 0.0368827 0.0329800 0.0347660 0.0362648 0.0679990 0.1337388 0.0948349 0.0958091 0.0909381 0.1059179 0.1055499 0.1030269 0.1030269 0.1030269 0.1033780 0.1049400 0.1095444 0.1832454 0.0276561 0.0276561 0.0327952 0.0594482 0.0871629 0.0304536 0.0285545 0.0359640 0.0053348 0.0475410 0.0326946 0.0381065 0.0325507 0.0327545 0.0318152 0.0307353 
FM244867.1_Salpa_thompsoni                  0.1191763 0.1875297 0.1291973 0.0814132 0.1879386 0.1113308 0.1187528 0.0378417 0.1087975 0.0322625 0.0000000 0.1054495 0.2758137 0.2953217 0.5035899 0.3069636 0.3338687 0.2004264 0.1385116 0.1360372 0.1421206 0.1540609 0.1245660 0.1389054 0.1311231 0.0005750 0.0789824 0.0728689 0.0726938 0.0798061 0.0262881 0.0259441 0.0083933 0.0083875 0.0094303 0.0115408 0.0320204 0.0319281 0.0296341 0.0371135 0.0370523 0.0402321 0.0381939 0.0343252 0.0380444 0.0382568 0.0378407 0.0321816 0.0374128 0.0380459 0.0873202 0.1352379 0.1094202 0.1091245 0.1095101 0.1185585 0.1241628 0.1174927 0.1156990 0.1177829 0.1179722 0.1146738 0.1165773 0.1852161 0.0241693 0.0239137 0.0047982 0.0735854 0.1039915 0.0235909 0.0272556 0.0338343 0.0469330 0.0407759 0.0281613 0.0397809 0.0319746 0.0338206 0.0291555 0.0220795 
HQ015377.1_Salpidae_gen._nov._sp._nov._A    0.1659253 0.2256270 0.1691107 0.1280360 0.2256509 0.1405257 0.1607831 0.1125604 0.0833868 0.0979095 0.1054495 0.0000000 0.3048196 0.2962314 0.5723651 0.3465971 0.3492502 0.2283099 0.1627596 0.1563080 0.1751858 0.1940710 0.1697852 0.1634330 0.1680969 0.1054495 0.1216136 0.1218253 0.1220407 0.1154977 0.1097197 0.1086252 0.1101086 0.1104586 0.1111239 0.1155287 0.1106188 0.1106188 0.0902649 0.1060086 0.1057517 0.1038628 0.1127696 0.1036391 0.1116979 0.1119712 0.1115068 0.1135719 0.1158208 0.1161993 0.1060929 0.1584541 0.1407176 0.1401964 0.1432734 0.1580021 0.1579582 0.1581381 0.1572984 0.1585611 0.1580098 0.1376918 0.0835124 0.2063995 0.1060118 0.1060118 0.1051923 0.1219184 0.1303244 0.1131861 0.1137764 0.1192925 0.1068860 0.1099143 0.1183159 0.1181305 0.1201607 0.1200648 0.1174000 0.1122156 
L12426.2_Molgula_manhattensis               0.2568479 0.2865690 0.2060611 0.3065851 0.2901841 0.2320533 0.2368620 0.2853399 0.2971305 0.2888729 0.2758137 0.3048196 0.0000000 0.3092780 0.5952390 0.3193874 0.3820644 0.1510032 0.2050521 0.1971695 0.1849851 0.2020044 0.1675266 0.2061629 0.1940065 0.2656281 0.3109843 0.3037542 0.3008686 0.3173885 0.2885505 0.2982835 0.2827292 0.2823167 0.2734769 0.2849552 0.2980154 0.2983314 0.2658372 0.2863090 0.2759829 0.2868539 0.2897546 0.2842793 0.2864548 0.2872635 0.2752248 0.2828597 0.2836794 0.2745857 0.2209189 0.2496808 0.2907976 0.2973717 0.2864544 0.2392171 0.2446317 0.2332201 0.2290786 0.2338805 0.2371184 0.2131013 0.3123995 0.2827433 0.2804781 0.2895336 0.2619987 0.3088208 0.1925826 0.2795968 0.2779603 0.2684530 0.2645346 0.2299264 0.2784907 0.2729106 0.2840685 0.2795179 0.2771127 0.2710423 
M91181.1_Echinorhinus_cookei                0.2507978 0.3271626 0.2366027 0.3261807 0.3254755 0.2346175 0.2448526 0.2983447 0.3162737 0.2939612 0.2953217 0.2962314 0.3092780 0.0000000 0.3710809 0.2148462 0.4189959 0.2534840 0.2331813 0.2348140 0.2379237 0.2402564 0.2014375 0.2166246 0.2373900 0.2958432 0.3263031 0.3156955 0.3144327 0.3179281 0.2901096 0.2945102 0.2987335 0.3001912 0.2962285 0.3140851 0.3042073 0.3029336 0.2805382 0.2980099 0.2912804 0.2956560 0.2970793 0.2943512 0.2952876 0.2945830 0.2905172 0.2906050 0.3035391 0.2973502 0.2554671 0.2940854 0.3114121 0.3115094 0.3209884 0.2461761 0.2539936 0.2442824 0.2438694 0.2449890 0.2411004 0.2293650 0.3384729 0.3208481 0.2861178 0.2947663 0.2426347 0.3197851 0.1927248 0.2444663 0.2486180 0.2442622 0.2465865 0.2245846 0.2512311 0.2584181 0.2548895 0.2521643 0.2497101 0.2479218 
M97574.1_Myxine_glutinosa                   0.4731367 0.5073041 0.4681660 0.5334723 0.5041890 0.4578366 0.4619047 0.5117762 0.5425766 0.5118316 0.5035899 0.5723651 0.5952390 0.3710809 0.0000000 0.4774700 0.8212172 0.4750508 0.4632457 0.4560439 0.4644767 0.4695095 0.5004871 0.4718587 0.4715678 0.4992548 0.5239540 0.5136203 0.5034404 0.5181524 0.5028071 0.5171946 0.5131997 0.5065261 0.5050916 0.5228811 0.5135017 0.5109951 0.4797139 0.5079084 0.5023770 0.5220733 0.5052729 0.5019004 0.5097634 0.5071427 0.5006300 0.4869067 0.4896819 0.4909257 0.4690189 0.5272879 0.5457173 0.5515746 0.5638975 0.4671630 0.4821432 0.4523473 0.4513704 0.4538863 0.4584647 0.4308562 0.5640961 0.5045526 0.4998633 0.5106644 0.5182150 0.5259737 0.4714446 0.5293522 0.5319904 0.5165481 0.5457078 0.4709537 0.5288948 0.5425945 0.5295590 0.5317917 0.5308439 0.5331999 
M97571.1_Branchiostoma_floridae             0.2812186 0.3111367 0.2609957 0.3834835 0.3139895 0.2630435 0.2755330 0.3090828 0.3291466 0.2881225 0.3069636 0.3465971 0.3193874 0.2148462 0.4774700 0.0000000 0.4090637 0.2783967 0.2441563 0.2482076 0.2380033 0.2511462 0.2409996 0.2526134 0.2371349 0.3018727 0.3589548 0.3513151 0.3521570 0.3288889 0.3068437 0.3141857 0.3180290 0.3134971 0.3096606 0.3293202 0.3385234 0.3370628 0.2653228 0.3004465 0.2924331 0.3033489 0.3058786 0.2992661 0.3080336 0.3089779 0.2994699 0.2944799 0.3055295 0.3006005 0.2656903 0.3264705 0.3170172 0.3244979 0.3250867 0.2798280 0.2860742 0.2690381 0.2654925 0.2698271 0.2747536 0.2530221 0.3392976 0.3030771 0.3203634 0.3264093 0.3098373 0.3670532 0.2603425 0.3178555 0.3142290 0.2994563 0.3119863 0.3136843 0.3212384 0.3067860 0.3207979 0.3204564 0.3194839 0.3199946 
AB013014.1_Oikopleura_dioica                0.3127821 0.3754964 0.3078070 0.3408481 0.3791747 0.2799713 0.3114081 0.3425133 0.3414522 0.3109366 0.3338687 0.3492502 0.3820644 0.4189959 0.8212172 0.4090637 0.0000000 0.3325525 0.2961272 0.3004835 0.2904356 0.3077042 0.2668606 0.2925320 0.2797435 0.3325093 0.3272187 0.3163171 0.3218681 0.3295679 0.3250543 0.3262643 0.3489439 0.3451579 0.3425215 0.3528293 0.3500571 0.3485288 0.2981051 0.3388333 0.3321257 0.3359104 0.3370743 0.3245788 0.3395133 0.3424368 0.3307009 0.3298865 0.3293291 0.3246706 0.2957380 0.3217383 0.3569784 0.3568114 0.3581769 0.3156555 0.3227143 0.3069758 0.3027808 0.3079229 0.3116126 0.2885878 0.3542515 0.3627748 0.3420681 0.3468556 0.3101729 0.3308248 0.2493556 0.3051304 0.3103845 0.3061585 0.3062025 0.2799421 0.3160077 0.3130348 0.3157508 0.3146247 0.3142663 0.3122083 
AY903925.1_Halocynthia_igaboja              0.1525633 0.2371486 0.1338717 0.2244023 0.2373131 0.1362370 0.1435244 0.1979169 0.2294936 0.1906891 0.2004264 0.2283099 0.1510032 0.2534840 0.4750508 0.2783967 0.3325525 0.0000000 0.1258865 0.1238604 0.1135673 0.1433750 0.0928384 0.1246071 0.1173038 0.1986979 0.2299082 0.2230807 0.2202527 0.2233248 0.1911576 0.1942884 0.2010268 0.2010739 0.1990298 0.1984926 0.2048873 0.2041082 0.1781003 0.1929741 0.1890349 0.1946418 0.1976409 0.1969297 0.1966207 0.1980932 0.1943935 0.1897936 0.1979162 0.1939732 0.1639064 0.2000166 0.2092627 0.2162335 0.2101118 0.1479315 0.1509458 0.1442297 0.1398830 0.1424475 0.1429213 0.1330956 0.2401226 0.2295289 0.1997133 0.2023497 0.1691485 0.2252452 0.1353503 0.1684068 0.1686809 0.1637145 0.1662879 0.1658414 0.1651221 0.1714420 0.1725135 0.1719989 0.1638504 0.1717607 
FM244840.1_Clavelina_meridionalis           0.0804181 0.1659716 0.0659565 0.1567892 0.1658394 0.0585650 0.0737870 0.1297770 0.1506207 0.1322273 0.1385116 0.1627596 0.2050521 0.2331813 0.4632457 0.2441563 0.2961272 0.1258865 0.0000000 0.0167783 0.0534040 0.0779861 0.0466548 0.0460968 0.0458180 0.1385116 0.1614013 0.1523784 0.1505869 0.1533490 0.1374907 0.1344897 0.1362951 0.1367540 0.1389357 0.1383368 0.1438453 0.1441814 0.1204561 0.1317475 0.1329595 0.1285495 0.1283010 0.1231633 0.1283306 0.1286585 0.1296785 0.1223285 0.1265722 0.1265343 0.0991121 0.1197911 0.1347159 0.1396414 0.1364360 0.0707154 0.0752669 0.0721194 0.0727982 0.0739820 0.0737667 0.0576739 0.1559137 0.1554728 0.1456497 0.1441864 0.1302392 0.1487823 0.0771675 0.1318391 0.1322801 0.1196131 0.1302513 0.1151808 0.1338742 0.1278824 0.1271202 0.1267781 0.1326953 0.1327934 
FM244841.1_Pycnoclavella_aff._detorta       0.0716517 0.1554915 0.0599174 0.1514721 0.1553702 0.0507512 0.0687611 0.1239910 0.1510374 0.1231100 0.1360372 0.1563080 0.1971695 0.2348140 0.4560439 0.2482076 0.3004835 0.1238604 0.0167783 0.0000000 0.0470055 0.0681368 0.0438938 0.0438673 0.0398160 0.1360372 0.1570072 0.1491408 0.1473498 0.1500025 0.1320419 0.1323759 0.1371970 0.1376559 0.1364506 0.1371750 0.1364339 0.1367472 0.1133721 0.1243747 0.1224374 0.1240042 0.1291068 0.1216878 0.1278356 0.1281591 0.1259260 0.1209270 0.1243666 0.1211487 0.0938736 0.1166998 0.1339394 0.1386130 0.1377736 0.0640505 0.0676715 0.0661293 0.0668656 0.0679397 0.0677442 0.0516499 0.1598588 0.1469515 0.1380129 0.1398936 0.1301913 0.1436846 0.0730127 0.1317904 0.1305081 0.1208647 0.1258197 0.1186097 0.1351610 0.1304941 0.1283942 0.1280481 0.1339807 0.1327430 
AB075543.1_Megalodicopia_hians              0.0728562 0.1539293 0.0619535 0.1698250 0.1565037 0.0600578 0.0715888 0.1350902 0.1579340 0.1334799 0.1421206 0.1751858 0.1849851 0.2379237 0.4644767 0.2380033 0.2904356 0.1135673 0.0534040 0.0470055 0.0000000 0.0703456 0.0296454 0.0422578 0.0154305 0.1378774 0.1666245 0.1602933 0.1596413 0.1700094 0.1376223 0.1414493 0.1425303 0.1414685 0.1379046 0.1441926 0.1545674 0.1540196 0.1223161 0.1356709 0.1307657 0.1387017 0.1333243 0.1305286 0.1340089 0.1349252 0.1295490 0.1277476 0.1302067 0.1268380 0.1070313 0.1349741 0.1396016 0.1454796 0.1410654 0.0681287 0.0724796 0.0677137 0.0684048 0.0694606 0.0706010 0.0587046 0.1662017 0.1511190 0.1468906 0.1508346 0.1316382 0.1649125 0.0829781 0.1315750 0.1304559 0.1193724 0.1336478 0.1112374 0.1319408 0.1241551 0.1281799 0.1278348 0.1307683 0.1340299 
L12378.2_Ascidia_ceratodes                  0.1106963 0.1655691 0.0791085 0.1892677 0.1684210 0.0936980 0.0995482 0.1472180 0.1763779 0.1507398 0.1540609 0.1940710 0.2020044 0.2402564 0.4695095 0.2511462 0.3077042 0.1433750 0.0779861 0.0681368 0.0703456 0.0000000 0.0494729 0.0582759 0.0660322 0.1494976 0.1826672 0.1762021 0.1734206 0.1949155 0.1460116 0.1501478 0.1560197 0.1548212 0.1518975 0.1519789 0.1538589 0.1533072 0.1368612 0.1411108 0.1381310 0.1447855 0.1452856 0.1467050 0.1461739 0.1471924 0.1413372 0.1392519 0.1408224 0.1371041 0.1214706 0.1467125 0.1619689 0.1653619 0.1643298 0.0975078 0.1021496 0.0949912 0.0954214 0.0969948 0.0986854 0.0737542 0.1853421 0.1629775 0.1456956 0.1496465 0.1201162 0.1792662 0.0914174 0.1188910 0.1191295 0.1194763 0.1182696 0.1086468 0.1291029 0.1269637 0.1178788 0.1175719 0.1279443 0.1210544 
AJ250778.1_Ciona_intestinalis               0.0617744 0.1564686 0.0348023 0.1480216 0.1564686 0.0569791 0.0598376 0.1302165 0.1536459 0.1346874 0.1245660 0.1697852 0.1675266 0.2014375 0.5004871 0.2409996 0.2668606 0.0928384 0.0466548 0.0438938 0.0296454 0.0494729 0.0000000 0.0320735 0.0297002 0.1245660 0.1523596 0.1523596 0.1507127 0.1781706 0.1309292 0.1291552 0.1254057 0.1254057 0.1254057 0.1191562 0.1416161 0.1416161 0.1306591 0.1306591 0.1306591 0.1323960 0.1302165 0.1302165 0.1302165 0.1302165 0.1302165 0.1212466 0.1305642 0.1270840 0.0967048 0.1317847 0.1558199 0.1574735 0.1543907 0.0569791 0.0569791 0.0569791 0.0597092 0.0597092 0.0597092 0.0615920 0.1541000 0.1564686 0.1388043 0.1388043 0.1209752 0.1502667 0.0824216 0.1282760 0.1324678 0.1212466 0.1343187 0.1118186 0.1330210 0.1281215 0.1265762 0.1265762 0.1330210 0.1280802 
AB104873.1_Perophora_sagamiensis            0.0694936 0.1606046 0.0547380 0.1633825 0.1606225 0.0532444 0.0667026 0.1337120 0.1547557 0.1287799 0.1389054 0.1634330 0.2061629 0.2166246 0.4718587 0.2526134 0.2925320 0.1246071 0.0460968 0.0438673 0.0422578 0.0582759 0.0320735 0.0000000 0.0372546 0.1389054 0.1632656 0.1581177 0.1563595 0.1726683 0.1360902 0.1353716 0.1402710 0.1407420 0.1406136 0.1400053 0.1473310 0.1473310 0.1192938 0.1288041 0.1277881 0.1325399 0.1330688 0.1273763 0.1330670 0.1334049 0.1321110 0.1265461 0.1280805 0.1257715 0.0997028 0.1339176 0.1489773 0.1510844 0.1487641 0.0619079 0.0673853 0.0636014 0.0646450 0.0653697 0.0651846 0.0529444 0.1613088 0.1512883 0.1411226 0.1419031 0.1232066 0.1565736 0.0822807 0.1297633 0.1301947 0.1201962 0.1267014 0.1197224 0.1304354 0.1291106 0.1263714 0.1260333 0.1292678 0.1321731 
AF165821.2_Chelyosoma_siboja                0.0719274 0.1482126 0.0560064 0.1620093 0.1490670 0.0571455 0.0695711 0.1241928 0.1464063 0.1245471 0.1311231 0.1680969 0.1940065 0.2373900 0.4715678 0.2371349 0.2797435 0.1173038 0.0458180 0.0398160 0.0154305 0.0660322 0.0297002 0.0372546 0.0000000 0.1309149 0.1615266 0.1552116 0.1557192 0.1603893 0.1271309 0.1280697 0.1320437 0.1310695 0.1294172 0.1325658 0.1406559 0.1401626 0.1132538 0.1263065 0.1232809 0.1292701 0.1228890 0.1201665 0.1237504 0.1245897 0.1212236 0.1192714 0.1171790 0.1141939 0.0987874 0.1293253 0.1337502 0.1421668 0.1350774 0.0676271 0.0712848 0.0675427 0.0682411 0.0693028 0.0685686 0.0544707 0.1543570 0.1447246 0.1346211 0.1370660 0.1242519 0.1579105 0.0808994 0.1243151 0.1234357 0.1123104 0.1288903 0.1042959 0.1246059 0.1183523 0.1209045 0.1205845 0.1234506 0.1266105 
HQ015406.1_Salpa_thompsoni                  0.1284137 0.1846720 0.1287866 0.0814132 0.1879386 0.1113308 0.1187528 0.0392435 0.1087975 0.0322625 0.0005750 0.1054495 0.2656281 0.2958432 0.4992548 0.3018727 0.3325093 0.1986979 0.1385116 0.1360372 0.1378774 0.1494976 0.1245660 0.1389054 0.1309149 0.0000000 0.0777404 0.0725081 0.0715436 0.0791732 0.0259233 0.0264858 0.0083933 0.0083476 0.0092904 0.0114850 0.0320204 0.0319281 0.0293974 0.0370864 0.0372003 0.0401564 0.0381440 0.0343252 0.0380444 0.0382568 0.0373109 0.0317007 0.0371157 0.0383891 0.0868064 0.1317524 0.1081703 0.1094017 0.1092623 0.1185585 0.1241628 0.1154295 0.1136964 0.1157100 0.1179722 0.1146738 0.1156641 0.1852161 0.0234054 0.0238708 0.0047982 0.0735854 0.1039915 0.0235909 0.0272556 0.0338343 0.0469330 0.0407759 0.0281613 0.0397809 0.0319746 0.0338206 0.0291555 0.0220795 
HQ015415.1_Thalia_democratica               0.1496346 0.2027783 0.1579093 0.0074276 0.2044316 0.1365932 0.1460599 0.0830542 0.1330287 0.0582319 0.0789824 0.1216136 0.3109843 0.3263031 0.5239540 0.3589548 0.3272187 0.2299082 0.1614013 0.1570072 0.1666245 0.1826672 0.1523596 0.1632656 0.1615266 0.0777404 0.0000000 0.0005786 0.0017527 0.0427506 0.0717088 0.0696707 0.0742418 0.0737600 0.0806484 0.0766221 0.0779427 0.0776978 0.0540909 0.0632074 0.0688144 0.0683938 0.0756899 0.0727285 0.0754733 0.0759295 0.0817397 0.0684734 0.0718059 0.0783106 0.1033040 0.1471854 0.1394474 0.1430634 0.1291292 0.1392987 0.1375980 0.1326866 0.1400038 0.1330153 0.1356701 0.1374617 0.1240312 0.1858408 0.0689619 0.0629525 0.0775883 0.0017941 0.1168024 0.0648866 0.0629174 0.0723119 0.0662252 0.0755696 0.0759709 0.0767120 0.0771532 0.0769825 0.0749730 0.0660408 
HQ015414.1_Thalia_democratica               0.1423250 0.1949083 0.1505159 0.0074276 0.1965026 0.1365932 0.1383054 0.0767912 0.1259743 0.0582319 0.0728689 0.1218253 0.3037542 0.3156955 0.5136203 0.3513151 0.3163171 0.2230807 0.1523784 0.1491408 0.1602933 0.1762021 0.1523596 0.1581177 0.1552116 0.0725081 0.0005786 0.0000000 0.0023393 0.0372853 0.0666102 0.0665347 0.0742418 0.0737600 0.0745167 0.0766221 0.0714473 0.0710877 0.0548506 0.0632074 0.0629157 0.0683938 0.0756899 0.0727285 0.0754733 0.0759295 0.0756324 0.0692415 0.0725903 0.0730885 0.1033040 0.1399866 0.1332482 0.1369602 0.1293526 0.1392987 0.1382715 0.1336657 0.1332367 0.1339972 0.1356701 0.1296377 0.1249725 0.1858408 0.0630492 0.0630492 0.0775883 0.0017966 0.1168024 0.0648866 0.0629174 0.0723119 0.0662252 0.0755696 0.0759709 0.0767120 0.0771532 0.0769825 0.0749730 0.0660408 
HQ015413.1_Thalia_democratica               0.1405380 0.1993988 0.1508489 0.0055690 0.2010503 0.1334345 0.1365017 0.0766423 0.1241632 0.0583193 0.0726938 0.1220407 0.3008686 0.3144327 0.5034404 0.3521570 0.3218681 0.2202527 0.1505869 0.1473498 0.1596413 0.1734206 0.1507127 0.1563595 0.1557192 0.0715436 0.0017527 0.0023393 0.0000000 0.0382774 0.0656312 0.0663183 0.0740756 0.0733804 0.0743536 0.0759235 0.0712615 0.0709001 0.0541664 0.0636989 0.0634421 0.0689222 0.0749927 0.0720087 0.0753170 0.0756058 0.0754785 0.0682717 0.0714236 0.0721298 0.1033599 0.1402285 0.1325732 0.1363099 0.1296301 0.1362725 0.1364448 0.1304798 0.1304798 0.1304798 0.1335240 0.1278207 0.1231702 0.1899783 0.0628071 0.0628071 0.0777388 0.0000010 0.1144097 0.0650075 0.0640626 0.0724497 0.0674057 0.0757545 0.0761171 0.0768609 0.0773020 0.0771306 0.0751172 0.0661660 
HQ015412.1_Thalia_orientalis                0.1586827 0.2129335 0.1644828 0.0452855 0.2146949 0.1479707 0.1549077 0.0784341 0.1240176 0.0632420 0.0798061 0.1154977 0.3173885 0.3179281 0.5181524 0.3288889 0.3295679 0.2233248 0.1533490 0.1500025 0.1700094 0.1949155 0.1781706 0.1726683 0.1603893 0.0791732 0.0427506 0.0372853 0.0382774 0.0000000 0.0724690 0.0742572 0.0795381 0.0790123 0.0786247 0.0847798 0.0837772 0.0835105 0.0587152 0.0737603 0.0723547 0.0790127 0.0784519 0.0732210 0.0782239 0.0787038 0.0772337 0.0783134 0.0767103 0.0753917 0.1049191 0.1406489 0.1301420 0.1312417 0.1282376 0.1589225 0.1618468 0.1522901 0.1498372 0.1526841 0.1543839 0.1453578 0.1307327 0.2051648 0.0754296 0.0764087 0.0892212 0.0389943 0.1400056 0.0860159 0.0853162 0.0892028 0.0853768 0.0761361 0.0886845 0.0842288 0.0940912 0.0938660 0.0876390 0.0876341 
HQ015411.1_Ritteriella_retracta             0.1137454 0.1912378 0.1307300 0.0757210 0.1927681 0.1094339 0.1141189 0.0306369 0.1168926 0.0300222 0.0262881 0.1097197 0.2885505 0.2901096 0.5028071 0.3068437 0.3250543 0.1911576 0.1374907 0.1320419 0.1376223 0.1460116 0.1309292 0.1360902 0.1271309 0.0259233 0.0717088 0.0666102 0.0656312 0.0724690 0.0000000 0.0005808 0.0268778 0.0267220 0.0269368 0.0316928 0.0262632 0.0261889 0.0280246 0.0348783 0.0341716 0.0350838 0.0307449 0.0290859 0.0306667 0.0308341 0.0306072 0.0266920 0.0311442 0.0325087 0.0837844 0.1399175 0.1098181 0.1106431 0.1110971 0.1170588 0.1193313 0.1108914 0.1092437 0.1111585 0.1133109 0.1056641 0.1239923 0.1891853 0.0168937 0.0171319 0.0238777 0.0674616 0.0988107 0.0112901 0.0146854 0.0262137 0.0398963 0.0395304 0.0047860 0.0281883 0.0234842 0.0234447 0.0039865 0.0114454 
HQ015410.1_Ritteriella_retracta             0.1145950 0.1934905 0.1317645 0.0748783 0.1950634 0.1083932 0.1141969 0.0310393 0.1176302 0.0292824 0.0259441 0.1086252 0.2982835 0.2945102 0.5171946 0.3141857 0.3262643 0.1942884 0.1344897 0.1323759 0.1414493 0.1501478 0.1291552 0.1353716 0.1280697 0.0264858 0.0696707 0.0665347 0.0663183 0.0742572 0.0005808 0.0000000 0.0262032 0.0260515 0.0265997 0.0310051 0.0257078 0.0255936 0.0281114 0.0341879 0.0339134 0.0343890 0.0307619 0.0291025 0.0306836 0.0308512 0.0302762 0.0269425 0.0319348 0.0330681 0.0829347 0.1411954 0.1116906 0.1113042 0.1101576 0.1160511 0.1183386 0.1121994 0.1113217 0.1124725 0.1123453 0.1054938 0.1223117 0.1879736 0.0164616 0.0164988 0.0229841 0.0666556 0.0975901 0.0104655 0.0138456 0.0253241 0.0389411 0.0383149 0.0039814 0.0282090 0.0235011 0.0234615 0.0031837 0.0106093 
HQ015409.1_Salpa_fusiformis                 0.1220023 0.1930583 0.1267417 0.0826166 0.1930789 0.1128164 0.1207317 0.0357348 0.1079624 0.0332162 0.0083933 0.1101086 0.2827292 0.2987335 0.5131997 0.3180290 0.3489439 0.2010268 0.1362951 0.1371970 0.1425303 0.1560197 0.1254057 0.1402710 0.1320437 0.0083933 0.0742418 0.0742418 0.0740756 0.0795381 0.0268778 0.0262032 0.0000000 0.0000010 0.0005881 0.0090981 0.0330870 0.0329777 0.0305511 0.0373477 0.0373265 0.0404892 0.0354344 0.0321470 0.0351787 0.0353741 0.0351589 0.0336888 0.0375853 0.0388813 0.0847022 0.1364220 0.1072841 0.1073092 0.1058262 0.1211396 0.1204841 0.1182624 0.1178828 0.1185562 0.1182624 0.1163640 0.1081329 0.1876270 0.0247951 0.0247951 0.0048064 0.0748331 0.1063385 0.0263863 0.0292169 0.0376659 0.0471253 0.0420441 0.0301418 0.0378653 0.0358577 0.0357925 0.0292691 0.0258405 
HQ015408.1_Salpa_maxima                     0.1215017 0.1908645 0.1275052 0.0826166 0.1924226 0.1128164 0.1211237 0.0358292 0.1080405 0.0331432 0.0083875 0.1104586 0.2823167 0.3001912 0.5065261 0.3134971 0.3451579 0.2010739 0.1367540 0.1376559 0.1414685 0.1548212 0.1254057 0.1407420 0.1310695 0.0083476 0.0737600 0.0737600 0.0733804 0.0790123 0.0267220 0.0260515 0.0000010 0.0000000 0.0005850 0.0090262 0.0331728 0.0330202 0.0302879 0.0372717 0.0371330 0.0403825 0.0352702 0.0321470 0.0352702 0.0353942 0.0349521 0.0334915 0.0372643 0.0386500 0.0841381 0.1355378 0.1065350 0.1065600 0.1054993 0.1211396 0.1208802 0.1170299 0.1170299 0.1173179 0.1183502 0.1167373 0.1073628 0.1876270 0.0247324 0.0247324 0.0048064 0.0750523 0.1063385 0.0263863 0.0292169 0.0376659 0.0471253 0.0420441 0.0301418 0.0378653 0.0358577 0.0357925 0.0292691 0.0258405 
HQ015407.1_Salpa_maxima                     0.1276760 0.1867925 0.1258125 0.0836703 0.1901042 0.1141462 0.1202884 0.0371432 0.1066941 0.0339626 0.0094303 0.1111239 0.2734769 0.2962285 0.5050916 0.3096606 0.3425215 0.1990298 0.1389357 0.1364506 0.1379046 0.1518975 0.1254057 0.1406136 0.1294172 0.0092904 0.0806484 0.0745167 0.0743536 0.0786247 0.0269368 0.0265997 0.0005881 0.0005850 0.0000000 0.0096562 0.0335348 0.0334376 0.0310443 0.0379665 0.0380534 0.0410654 0.0360355 0.0329222 0.0359418 0.0361420 0.0345767 0.0341530 0.0380364 0.0386578 0.0849194 0.1312844 0.1057035 0.1054223 0.1061526 0.1224503 0.1257721 0.1182671 0.1164639 0.1185589 0.1195160 0.1161714 0.1137140 0.1893033 0.0248459 0.0253444 0.0048064 0.0757080 0.1063385 0.0263863 0.0292169 0.0376659 0.0471253 0.0420441 0.0301418 0.0378653 0.0358577 0.0357925 0.0292691 0.0258405 
HQ015405.1_Salpa_aspera                     0.1221948 0.2022059 0.1316878 0.0855932 0.2038870 0.1129183 0.1218177 0.0413005 0.1172797 0.0376848 0.0115408 0.1155287 0.2849552 0.3140851 0.5228811 0.3293202 0.3528293 0.1984926 0.1383368 0.1371750 0.1441926 0.1519789 0.1191562 0.1400053 0.1325658 0.0114850 0.0766221 0.0766221 0.0759235 0.0847798 0.0316928 0.0310051 0.0090981 0.0090262 0.0096562 0.0000000 0.0348739 0.0347118 0.0345075 0.0416745 0.0415175 0.0448413 0.0404830 0.0374452 0.0406439 0.0407892 0.0402703 0.0358673 0.0396885 0.0410950 0.0904906 0.1360990 0.1121104 0.1121356 0.1110784 0.1212431 0.1215814 0.1176893 0.1176893 0.1176893 0.1190238 0.1183593 0.1165297 0.1982175 0.0296564 0.0296564 0.0097331 0.0780047 0.1082504 0.0318976 0.0348156 0.0397111 0.0519710 0.0460704 0.0357635 0.0438997 0.0397579 0.0396841 0.0348780 0.0314119 
HQ015404.1_Brooksia_rostrata                0.1277640 0.2014560 0.1384949 0.0801535 0.2014772 0.1206360 0.1265734 0.0386784 0.1181894 0.0346499 0.0320204 0.1106188 0.2980154 0.3042073 0.5135017 0.3385234 0.3500571 0.2048873 0.1438453 0.1364339 0.1545674 0.1538589 0.1416161 0.1473310 0.1406559 0.0320204 0.0779427 0.0714473 0.0712615 0.0837772 0.0262632 0.0257078 0.0330870 0.0331728 0.0335348 0.0348739 0.0000000 0.0000010 0.0326255 0.0393587 0.0389777 0.0440236 0.0388395 0.0356078 0.0385368 0.0386436 0.0381868 0.0369300 0.0408459 0.0417519 0.0906838 0.1435776 0.1203099 0.1212656 0.1220417 0.1280710 0.1313144 0.1254353 0.1235829 0.1257492 0.1253413 0.1149485 0.1254669 0.1979887 0.0151207 0.0152279 0.0285788 0.0716053 0.1109130 0.0199168 0.0226172 0.0375095 0.0451383 0.0501795 0.0234630 0.0387302 0.0309060 0.0308516 0.0226159 0.0193091 
HQ015403.1_Brooksia_rostrata                0.1273210 0.2006989 0.1380107 0.0801535 0.2010768 0.1206360 0.1263385 0.0387445 0.1177856 0.0344769 0.0319281 0.1106188 0.2983314 0.3029336 0.5109951 0.3370628 0.3485288 0.2041082 0.1441814 0.1367472 0.1540196 0.1533072 0.1416161 0.1473310 0.1401626 0.0319281 0.0776978 0.0710877 0.0709001 0.0835105 0.0261889 0.0255936 0.0329777 0.0330202 0.0334376 0.0347118 0.0000010 0.0000000 0.0324719 0.0391766 0.0388645 0.0438168 0.0386592 0.0356078 0.0384306 0.0386436 0.0380763 0.0367611 0.0406562 0.0416305 0.0902054 0.1430754 0.1199071 0.1208594 0.1213637 0.1280710 0.1313144 0.1247189 0.1231583 0.1250294 0.1249206 0.1151994 0.1247550 0.1979887 0.0150789 0.0151620 0.0285788 0.0716053 0.1109130 0.0199168 0.0226172 0.0375095 0.0451383 0.0501795 0.0234630 0.0387302 0.0309060 0.0308516 0.0226159 0.0193091 
HQ015402.1_Iasis_cylindrica                 0.1001418 0.1642002 0.1187661 0.0644517 0.1655222 0.1053870 0.0996835 0.0346331 0.1016591 0.0012804 0.0296341 0.0902649 0.2658372 0.2805382 0.4797139 0.2653228 0.2981051 0.1781003 0.1204561 0.1133721 0.1223161 0.1368612 0.1306591 0.1192938 0.1132538 0.0293974 0.0540909 0.0548506 0.0541664 0.0587152 0.0280246 0.0281114 0.0305511 0.0302879 0.0310443 0.0345075 0.0326255 0.0324719 0.0000000 0.0000010 0.0000010 0.0048934 0.0338997 0.0345195 0.0340802 0.0342029 0.0345111 0.0300649 0.0316981 0.0330878 0.0655797 0.1261687 0.0886129 0.0895100 0.0856318 0.0995121 0.0991886 0.0957475 0.0957475 0.0957475 0.0971347 0.0965709 0.1008586 0.1693547 0.0259882 0.0259882 0.0293140 0.0557743 0.0784633 0.0281459 0.0263884 0.0322091 0.0032877 0.0413831 0.0301951 0.0341642 0.0291126 0.0292810 0.0293766 0.0283868 
HQ015401.1_Iasis_cylindrica                 0.1075267 0.1891189 0.1246776 0.0738168 0.1901591 0.1053870 0.1068590 0.0394030 0.1205121 0.0012804 0.0371135 0.1060086 0.2863090 0.2980099 0.5079084 0.3004465 0.3388333 0.1929741 0.1317475 0.1243747 0.1356709 0.1411108 0.1306591 0.1288041 0.1263065 0.0370864 0.0632074 0.0632074 0.0636989 0.0737603 0.0348783 0.0341879 0.0373477 0.0372717 0.0379665 0.0416745 0.0393587 0.0391766 0.0000010 0.0000000 0.0000010 0.0053577 0.0388864 0.0372972 0.0387847 0.0389793 0.0386048 0.0349117 0.0373428 0.0386526 0.0791952 0.1415427 0.1010186 0.1019333 0.0973511 0.1078034 0.1064569 0.1039721 0.1037229 0.1042223 0.1044738 0.1020595 0.1204085 0.1807641 0.0313019 0.0313019 0.0380921 0.0646539 0.0915097 0.0364818 0.0337438 0.0388801 0.0039894 0.0501301 0.0395408 0.0411260 0.0341210 0.0340592 0.0386480 0.0370216 
HQ015400.1_Iasis_cylindrica                 0.1095178 0.1836063 0.1218213 0.0738168 0.1868328 0.1053870 0.1053326 0.0399612 0.1179635 0.0012804 0.0370523 0.1057517 0.2759829 0.2912804 0.5023770 0.2924331 0.3321257 0.1890349 0.1329595 0.1224374 0.1307657 0.1381310 0.1306591 0.1277881 0.1232809 0.0372003 0.0688144 0.0629157 0.0634421 0.0723547 0.0341716 0.0339134 0.0373265 0.0371330 0.0380534 0.0415175 0.0389777 0.0388645 0.0000010 0.0000010 0.0000000 0.0053496 0.0388642 0.0372972 0.0387626 0.0389793 0.0373095 0.0347639 0.0372035 0.0378368 0.0788100 0.1365386 0.0989659 0.0995743 0.0969886 0.1078034 0.1101871 0.1035023 0.1019752 0.1037504 0.1044738 0.1007800 0.1253986 0.1807641 0.0305884 0.0312053 0.0380921 0.0645115 0.0915097 0.0364818 0.0337438 0.0388801 0.0039894 0.0501301 0.0395408 0.0411260 0.0341210 0.0340592 0.0386480 0.0370216 
HQ015399.1_Iasis_cylindrica                 0.1061423 0.1859697 0.1261682 0.0795668 0.1872953 0.1037690 0.1056272 0.0402130 0.1182612 0.0065123 0.0402321 0.1038628 0.2868539 0.2956560 0.5220733 0.3033489 0.3359104 0.1946418 0.1285495 0.1240042 0.1387017 0.1447855 0.1323960 0.1325399 0.1292701 0.0401564 0.0683938 0.0683938 0.0689222 0.0790127 0.0350838 0.0343890 0.0404892 0.0403825 0.0410654 0.0448413 0.0440236 0.0438168 0.0048934 0.0053577 0.0053496 0.0000000 0.0396547 0.0381060 0.0395800 0.0398020 0.0393509 0.0364713 0.0375657 0.0388611 0.0803141 0.1422457 0.1009615 0.1018754 0.0972967 0.1065143 0.1052122 0.1026917 0.1023742 0.1028512 0.1033326 0.1040743 0.1179872 0.1765306 0.0342507 0.0342507 0.0412618 0.0700696 0.0947114 0.0377081 0.0349394 0.0401510 0.0007879 0.0515776 0.0408106 0.0431560 0.0362676 0.0362008 0.0399088 0.0382715 
HQ015398.1_Cyclosalpa_sewelli               0.1183430 0.1832485 0.1215190 0.0850592 0.1844115 0.1105544 0.1168103 0.0000010 0.1171325 0.0368827 0.0381939 0.1127696 0.2897546 0.2970793 0.5052729 0.3058786 0.3370743 0.1976409 0.1283010 0.1291068 0.1333243 0.1452856 0.1302165 0.1330688 0.1228890 0.0381440 0.0756899 0.0756899 0.0749927 0.0784519 0.0307449 0.0307619 0.0354344 0.0352702 0.0360355 0.0404830 0.0388395 0.0386592 0.0338997 0.0388864 0.0388642 0.0396547 0.0000000 0.0000010 0.0000010 0.0000010 0.0000010 0.0090505 0.0096564 0.0096564 0.0778432 0.1288895 0.1018952 0.1005536 0.1032758 0.1170277 0.1165179 0.1133835 0.1133835 0.1133835 0.1141061 0.1046826 0.1169456 0.1756298 0.0376940 0.0376940 0.0369759 0.0767041 0.0941525 0.0324418 0.0308358 0.0097427 0.0450560 0.0169805 0.0319107 0.0000010 0.0182548 0.0182422 0.0310666 0.0329137 
HQ015397.1_Cyclosalpa_quadriluminis         0.1149951 0.1746854 0.1205455 0.0805438 0.1745388 0.1072183 0.1126513 0.0000010 0.1058057 0.0374711 0.0343252 0.1036391 0.2842793 0.2943512 0.5019004 0.2992661 0.3245788 0.1969297 0.1231633 0.1216878 0.1305286 0.1467050 0.1302165 0.1273763 0.1201665 0.0343252 0.0727285 0.0727285 0.0720087 0.0732210 0.0290859 0.0291025 0.0321470 0.0321470 0.0329222 0.0374452 0.0356078 0.0356078 0.0345195 0.0372972 0.0372972 0.0381060 0.0000010 0.0000000 0.0000010 0.0000010 0.0000010 0.0093681 0.0093607 0.0093607 0.0718777 0.1234784 0.0977818 0.0964300 0.0991740 0.1109235 0.1105598 0.1099361 0.1099361 0.1099361 0.1099361 0.1042270 0.1059764 0.1756298 0.0362381 0.0362381 0.0327065 0.0722225 0.0900335 0.0295394 0.0288345 0.0099545 0.0420799 0.0174829 0.0289463 0.0000010 0.0159482 0.0160368 0.0281349 0.0297888 
HQ015396.1_Cyclosalpa_polae                 0.1179648 0.1839103 0.1211122 0.0846766 0.1839301 0.1105544 0.1157802 0.0000010 0.1163883 0.0369871 0.0380444 0.1116979 0.2864548 0.2952876 0.5097634 0.3080336 0.3395133 0.1966207 0.1283306 0.1278356 0.1340089 0.1461739 0.1302165 0.1330670 0.1237504 0.0380444 0.0754733 0.0754733 0.0753170 0.0782239 0.0306667 0.0306836 0.0351787 0.0352702 0.0359418 0.0406439 0.0385368 0.0384306 0.0340802 0.0387847 0.0387626 0.0395800 0.0000010 0.0000010 0.0000000 0.0000010 0.0000010 0.0090287 0.0096564 0.0096332 0.0776164 0.1284744 0.1015821 0.1002461 0.1029570 0.1170277 0.1153926 0.1133835 0.1130255 0.1136607 0.1133010 0.1036997 0.1165735 0.1756298 0.0375968 0.0375968 0.0369759 0.0760347 0.0940477 0.0324418 0.0307833 0.0097427 0.0450560 0.0169805 0.0319107 0.0000010 0.0182548 0.0182249 0.0310364 0.0329137 
HQ015395.1_Cyclosalpa_sewelli               0.1187535 0.1839342 0.1219283 0.0846766 0.1839541 0.1105544 0.1165520 0.0000010 0.1171622 0.0371286 0.0382568 0.1119712 0.2872635 0.2945830 0.5071427 0.3089779 0.3424368 0.1980932 0.1286585 0.1281591 0.1349252 0.1471924 0.1302165 0.1334049 0.1245897 0.0382568 0.0759295 0.0759295 0.0756058 0.0787038 0.0308341 0.0308512 0.0353741 0.0353942 0.0361420 0.0407892 0.0386436 0.0386436 0.0342029 0.0389793 0.0389793 0.0398020 0.0000010 0.0000010 0.0000010 0.0000000 0.0000010 0.0090758 0.0096883 0.0096834 0.0780938 0.1293384 0.1022373 0.1008898 0.1036241 0.1170277 0.1156794 0.1138560 0.1137729 0.1141354 0.1137729 0.1039507 0.1173498 0.1756298 0.0378042 0.0378042 0.0369759 0.0762065 0.0940477 0.0324418 0.0307833 0.0097427 0.0450560 0.0169805 0.0319107 0.0000010 0.0182548 0.0182249 0.0310364 0.0329137 
HQ015394.1_Cyclosalpa_polae                 0.1193126 0.1764077 0.1189889 0.0846766 0.1794902 0.1105544 0.1141048 0.0011694 0.1136676 0.0368827 0.0378407 0.1115068 0.2752248 0.2905172 0.5006300 0.2994699 0.3307009 0.1943935 0.1296785 0.1259260 0.1295490 0.1413372 0.1302165 0.1321110 0.1212236 0.0373109 0.0817397 0.0756324 0.0754785 0.0772337 0.0306072 0.0302762 0.0351589 0.0349521 0.0345767 0.0402703 0.0381868 0.0380763 0.0345111 0.0386048 0.0373095 0.0393509 0.0000010 0.0000010 0.0000010 0.0000010 0.0000000 0.0095715 0.0101967 0.0100157 0.0768329 0.1225330 0.0999884 0.0984101 0.1020831 0.1170277 0.1192887 0.1132437 0.1115486 0.1135183 0.1133010 0.1024711 0.1219922 0.1756298 0.0365831 0.0373289 0.0369759 0.0759132 0.0940477 0.0324418 0.0307833 0.0097427 0.0450560 0.0169805 0.0319107 0.0000010 0.0182548 0.0182249 0.0310364 0.0329137 
