45
M91181.1_Echinorhinus_cookei          0.0000000 0.3267653 0.2136904 0.3042216 0.1670599 0.1898388 0.1492225 0.1582650 0.1705282 0.1674887 0.1583174 0.1595860 0.1741574 0.1694468 0.1962322 0.1962322 0.1937549 0.1912688 0.1632792 0.1632792 0.1753962 0.1753962 0.1896654 0.1797533 0.1797533 0.1690398 0.1690398 0.1654136 0.1824482 0.1824482 0.1758343 0.1895866 0.1895866 0.1618187 0.1939468 0.2081075 0.2077573 0.2050934 0.1694045 0.1694045 0.1694045 0.1694045 0.1611804 0.2302809 0.2360563 
M97574.1_Myxine_glutinosa             0.3267653 0.0000000 0.4369507 0.6050634 0.4085523 0.4773043 0.3761462 0.3878783 0.4010076 0.3942645 0.3698175 0.3869290 0.4066124 0.4104267 0.4135327 0.4135327 0.4104234 0.4313788 0.4146949 0.4146949 0.4055309 0.4055309 0.4328047 0.4202455 0.4202455 0.4327658 0.4327658 0.4338088 0.4261005 0.4261005 0.4102734 0.4152890 0.4152890 0.3841856 0.4311135 0.4739077 0.4729939 0.4799632 0.3883636 0.3883636 0.3883636 0.3883636 0.3760446 0.4572154 0.3830782 
M97571.1_Branchiostoma_floridae       0.2136904 0.4369507 0.0000000 0.3265389 0.2275063 0.2335653 0.1926834 0.2077969 0.2217602 0.2079088 0.2076411 0.2188797 0.2175254 0.2422205 0.2698905 0.2698905 0.2710612 0.2476384 0.2432085 0.2432085 0.2531249 0.2531249 0.2701795 0.2563687 0.2563687 0.2252785 0.2252785 0.2295612 0.2445009 0.2445009 0.2367386 0.2490275 0.2490275 0.2167694 0.2627918 0.2669886 0.2665192 0.2634668 0.2519214 0.2519214 0.2519214 0.2519214 0.2330379 0.2751036 0.2601424 
AB013014.1_Oikopleura_dioica          0.3042216 0.6050634 0.3265389 0.0000000 0.2010047 0.2318685 0.1878927 0.2030735 0.1938436 0.2032850 0.1900616 0.2070080 0.1879821 0.1873301 0.1958973 0.1958973 0.2000268 0.2322209 0.2002960 0.2002960 0.1935921 0.1935921 0.2038310 0.2093166 0.2093166 0.1966773 0.1966773 0.2007061 0.2054343 0.2054343 0.1983805 0.2098075 0.2098075 0.1923804 0.2156339 0.2344935 0.2340923 0.2312636 0.2068637 0.2068637 0.2068637 0.2068637 0.1898742 0.2368129 0.2743238 
AY903925.1_Halocynthia_igaboja        0.1670599 0.4085523 0.2275063 0.2010047 0.0000000 0.0937498 0.0491676 0.0520133 0.0535389 0.0557250 0.0537855 0.0519491 0.0556957 0.1008626 0.1171620 0.1171620 0.1150073 0.1221653 0.1001931 0.1001931 0.1005988 0.1005988 0.0934601 0.1030546 0.1030546 0.1001425 0.1001425 0.1030269 0.1004454 0.1004454 0.0976214 0.1055437 0.1055437 0.0826009 0.1086517 0.1152535 0.1150792 0.1160404 0.0624505 0.0624505 0.0585711 0.0585711 0.0599360 0.1323907 0.1376023 
AB921975.1_Molgula_manhattensis       0.1898388 0.4773043 0.2335653 0.2318685 0.0937498 0.0000000 0.1132624 0.1177948 0.1135106 0.1213761 0.1095229 0.1156280 0.1165095 0.1499386 0.1673006 0.1673006 0.1649392 0.1755296 0.1599172 0.1599172 0.1608654 0.1608654 0.1516982 0.1650251 0.1650251 0.1513383 0.1513383 0.1548626 0.1604597 0.1604597 0.1613376 0.1613757 0.1613757 0.1229354 0.1472184 0.1754894 0.1752042 0.1712590 0.1332432 0.1332432 0.1332432 0.1332432 0.1174389 0.1761386 0.1724978 
FM244840.1_Clavelina_meridionalis     0.1492225 0.3761462 0.1926834 0.1878927 0.0491676 0.1132624 0.0000000 0.0095237 0.0230272 0.0308510 0.0245519 0.0215148 0.0246973 0.0829857 0.0951329 0.0951329 0.0930616 0.1079494 0.0783812 0.0783812 0.0827419 0.0827419 0.0830202 0.0809722 0.0809722 0.0861473 0.0861473 0.0888571 0.0806176 0.0806176 0.0760872 0.0855698 0.0855698 0.0599420 0.0791811 0.1011102 0.1009621 0.1018284 0.0375400 0.0375400 0.0409078 0.0409078 0.0388606 0.0983214 0.1196777 
FM244841.1_Pycnoclavella_aff._detorta 0.1582650 0.3878783 0.2077969 0.2030735 0.0520133 0.1177948 0.0095237 0.0000000 0.0183610 0.0259522 0.0213917 0.0198167 0.0199584 0.0879608 0.0955231 0.0955231 0.0934450 0.1083878 0.0873360 0.0873360 0.0877098 0.0877098 0.0880059 0.0859066 0.0859066 0.0864982 0.0864982 0.0892198 0.0855299 0.0855299 0.0808895 0.0859174 0.0859174 0.0622296 0.0819601 0.1015181 0.1013689 0.1022399 0.0344706 0.0344706 0.0378072 0.0378072 0.0358019 0.1036333 0.1135861 
AB075543.1_Megalodicopia_hians        0.1705282 0.4010076 0.2217602 0.1938436 0.0535389 0.1135106 0.0230272 0.0183610 0.0000000 0.0182907 0.0139174 0.0167159 0.0039932 0.0808796 0.0947224 0.0947224 0.0926582 0.1074882 0.0802974 0.0802974 0.0806394 0.0806394 0.0789102 0.0788836 0.0788836 0.0817018 0.0817018 0.0843507 0.0763131 0.0763131 0.0740543 0.0766577 0.0766577 0.0612651 0.0838189 0.0974941 0.0973530 0.0981895 0.0342169 0.0342169 0.0375266 0.0375266 0.0340863 0.1009031 0.1093175 
L12378.2_Ascidia_ceratodes            0.1674887 0.3942645 0.2079088 0.2032850 0.0557250 0.1213761 0.0308510 0.0259522 0.0182907 0.0000000 0.0214586 0.0213549 0.0198815 0.0851807 0.1081051 0.1081051 0.1059879 0.1219682 0.0825607 0.0825607 0.0808855 0.0808855 0.0786336 0.0872377 0.0872377 0.0814332 0.0814332 0.0840768 0.0845641 0.0845641 0.0822194 0.0849450 0.0849450 0.0685127 0.0917961 0.1061474 0.1059902 0.1068905 0.0425149 0.0425149 0.0459579 0.0459579 0.0405846 0.1136803 0.1143302 
AJ250778.1_Ciona_intestinalis         0.1583174 0.3698175 0.2076411 0.1900616 0.0537855 0.1095229 0.0245519 0.0213917 0.0139174 0.0214586 0.0000000 0.0167831 0.0154516 0.0828539 0.1019629 0.1019629 0.0998651 0.1166191 0.0842864 0.0842864 0.0826114 0.0826114 0.0763850 0.0848898 0.0848898 0.0854713 0.0854713 0.0881584 0.0822516 0.0822516 0.0799371 0.0826215 0.0826215 0.0661924 0.0828414 0.1003240 0.1001778 0.1034949 0.0355682 0.0355682 0.0388769 0.0388769 0.0374090 0.1071493 0.1122730 
AB104873.1_Perophora_sagamiensis      0.1595860 0.3869290 0.2188797 0.2070080 0.0519491 0.1156280 0.0215148 0.0198167 0.0167159 0.0213549 0.0167831 0.0000000 0.0182769 0.0837094 0.0996683 0.0996683 0.0975806 0.1141899 0.0810984 0.0810984 0.0834643 0.0834643 0.0812023 0.0857628 0.0857628 0.0863521 0.0863521 0.0890646 0.0830989 0.0830989 0.0807617 0.0834747 0.0834747 0.0582706 0.0844978 0.1013219 0.1011735 0.1020406 0.0393886 0.0393886 0.0427983 0.0427983 0.0374917 0.1070462 0.1204441 
AF165821.2_Chelyosoma_siboja          0.1741574 0.4066124 0.2175254 0.1879821 0.0556957 0.1165095 0.0246973 0.0199584 0.0039932 0.0198815 0.0154516 0.0182769 0.0000000 0.0782931 0.0950886 0.0950886 0.0954353 0.1067380 0.0777279 0.0777279 0.0780578 0.0780578 0.0763426 0.0763208 0.0763208 0.0790937 0.0790937 0.0817018 0.0737916 0.0737916 0.0715673 0.0741237 0.0741237 0.0608046 0.0863881 0.0947123 0.0945763 0.0953918 0.0377830 0.0377830 0.0411715 0.0411715 0.0359057 0.1037396 0.1097253 
HQ015406.1_Salpa_thompsoni            0.1694468 0.4104267 0.2422205 0.1873301 0.1008626 0.1499386 0.0829857 0.0879608 0.0808796 0.0851807 0.0828539 0.0837094 0.0782931 0.0000000 0.0370009 0.0370009 0.0371177 0.0559717 0.0108743 0.0108743 0.0052879 0.0052879 0.0138001 0.0151791 0.0151791 0.0228475 0.0228475 0.0245168 0.0166588 0.0166588 0.0123077 0.0182899 0.0182899 0.0480404 0.0788427 0.0622970 0.0622143 0.0625519 0.0678083 0.0678083 0.0678083 0.0678083 0.0607198 0.0608356 0.1276651 
HQ015415.1_Thalia_democratica         0.1962322 0.4135327 0.2698905 0.1958973 0.1171620 0.1673006 0.0951329 0.0955231 0.0947224 0.1081051 0.1019629 0.0996683 0.0950886 0.0370009 0.0000000 0.0000010 0.0013156 0.0200916 0.0406020 0.0406020 0.0371401 0.0371401 0.0461208 0.0425843 0.0425843 0.0265080 0.0265080 0.0282648 0.0424171 0.0424171 0.0404437 0.0387866 0.0387866 0.0574250 0.0880813 0.0727943 0.0726928 0.0700666 0.0784737 0.0784737 0.0784737 0.0784737 0.0659450 0.0634561 0.1403225 
HQ015414.1_Thalia_democratica         0.1962322 0.4135327 0.2698905 0.1958973 0.1171620 0.1673006 0.0951329 0.0955231 0.0947224 0.1081051 0.1019629 0.0996683 0.0950886 0.0370009 0.0000010 0.0000000 0.0013156 0.0200916 0.0406020 0.0406020 0.0371401 0.0371401 0.0461208 0.0425843 0.0425843 0.0265080 0.0265080 0.0282648 0.0424171 0.0424171 0.0404437 0.0387866 0.0387866 0.0574250 0.0880813 0.0727943 0.0726928 0.0700666 0.0784737 0.0784737 0.0784737 0.0784737 0.0659450 0.0634561 0.1403225 
HQ015413.1_Thalia_democratica         0.1937549 0.4104234 0.2710612 0.2000268 0.1150073 0.1649392 0.0930616 0.0934450 0.0926582 0.1059879 0.0998651 0.0975806 0.0954353 0.0371177 0.0013156 0.0013156 0.0000000 0.0201513 0.0407314 0.0407314 0.0372578 0.0372578 0.0462699 0.0427212 0.0427212 0.0265886 0.0265886 0.0283515 0.0425530 0.0425530 0.0405723 0.0389096 0.0389096 0.0576204 0.0860877 0.0730496 0.0729474 0.0703100 0.0764823 0.0764823 0.0764823 0.0764823 0.0640480 0.0615801 0.1436974 
HQ015412.1_Thalia_orientalis          0.1912688 0.4313788 0.2476384 0.2322209 0.1221653 0.1755296 0.1079494 0.1083878 0.1074882 0.1219682 0.1166191 0.1141899 0.1067380 0.0559717 0.0200916 0.0200916 0.0201513 0.0000000 0.0486775 0.0486775 0.0525938 0.0525938 0.0641107 0.0604560 0.0604560 0.0389933 0.0389933 0.0409707 0.0525873 0.0525873 0.0539815 0.0502705 0.0502705 0.0607861 0.0941932 0.0714017 0.0713035 0.0687256 0.0995886 0.0995886 0.0995886 0.0995886 0.0855830 0.0690424 0.1594208 
HQ015411.1_Ritteriella_retracta       0.1632792 0.4146949 0.2432085 0.2002960 0.1001931 0.1599172 0.0783812 0.0873360 0.0802974 0.0825607 0.0842864 0.0810984 0.0777279 0.0108743 0.0406020 0.0406020 0.0407314 0.0486775 0.0000000 0.0000010 0.0109128 0.0109128 0.0229247 0.0136708 0.0136708 0.0200190 0.0200190 0.0216637 0.0123077 0.0123077 0.0136256 0.0167243 0.0167243 0.0513212 0.0894965 0.0636910 0.0636066 0.0662679 0.0673084 0.0673084 0.0673084 0.0673084 0.0602728 0.0650440 0.1308478 
HQ015410.1_Ritteriella_retracta       0.1632792 0.4146949 0.2432085 0.2002960 0.1001931 0.1599172 0.0783812 0.0873360 0.0802974 0.0825607 0.0842864 0.0810984 0.0777279 0.0108743 0.0406020 0.0406020 0.0407314 0.0486775 0.0000010 0.0000000 0.0109128 0.0109128 0.0229247 0.0136708 0.0136708 0.0200190 0.0200190 0.0216637 0.0123077 0.0123077 0.0136256 0.0167243 0.0167243 0.0513212 0.0894965 0.0636910 0.0636066 0.0662679 0.0673084 0.0673084 0.0673084 0.0673084 0.0602728 0.0650440 0.1308478 
HQ015409.1_Salpa_fusiformis           0.1753962 0.4055309 0.2531249 0.1935921 0.1005988 0.1608654 0.0827419 0.0877098 0.0806394 0.0808855 0.0826114 0.0834643 0.0780578 0.0052879 0.0371401 0.0371401 0.0372578 0.0525938 0.0109128 0.0109128 0.0000000 0.0000010 0.0109415 0.0166637 0.0166637 0.0229309 0.0229309 0.0246068 0.0166052 0.0166052 0.0150799 0.0182304 0.0182304 0.0480404 0.0808307 0.0641585 0.0640730 0.0644188 0.0675927 0.0675927 0.0675927 0.0675927 0.0605228 0.0610576 0.1273987 
HQ015408.1_Salpa_maxima               0.1753962 0.4055309 0.2531249 0.1935921 0.1005988 0.1608654 0.0827419 0.0877098 0.0806394 0.0808855 0.0826114 0.0834643 0.0780578 0.0052879 0.0371401 0.0371401 0.0372578 0.0525938 0.0109128 0.0109128 0.0000010 0.0000000 0.0109415 0.0166637 0.0166637 0.0229309 0.0229309 0.0246068 0.0166052 0.0166052 0.0150799 0.0182304 0.0182304 0.0480404 0.0808307 0.0641585 0.0640730 0.0644188 0.0675927 0.0675927 0.0675927 0.0675927 0.0605228 0.0610576 0.1273987 
HQ015405.1_Salpa_aspera               0.1896654 0.4328047 0.2701795 0.2038310 0.0934601 0.1516982 0.0830202 0.0880059 0.0789102 0.0786336 0.0763850 0.0812023 0.0763426 0.0138001 0.0461208 0.0461208 0.0462699 0.0641107 0.0229247 0.0229247 0.0109415 0.0109415 0.0000000 0.0261092 0.0261092 0.0340529 0.0340529 0.0358890 0.0244168 0.0244168 0.0243344 0.0262070 0.0262070 0.0576540 0.0820312 0.0693741 0.0692794 0.0696531 0.0682921 0.0682921 0.0682921 0.0682921 0.0630251 0.0722460 0.1423140 
HQ015404.1_Brooksia_rostrata          0.1797533 0.4202455 0.2563687 0.2093166 0.1030546 0.1650251 0.0809722 0.0859066 0.0788836 0.0872377 0.0848898 0.0857628 0.0763208 0.0151791 0.0425843 0.0425843 0.0427212 0.0604560 0.0136708 0.0136708 0.0166637 0.0166637 0.0261092 0.0000000 0.0000010 0.0216564 0.0216564 0.0233327 0.0180998 0.0180998 0.0165517 0.0197542 0.0197542 0.0558601 0.0901267 0.0679004 0.0678092 0.0705538 0.0659046 0.0659046 0.0659046 0.0659046 0.0588834 0.0655281 0.1268605 
HQ015403.1_Brooksia_rostrata          0.1797533 0.4202455 0.2563687 0.2093166 0.1030546 0.1650251 0.0809722 0.0859066 0.0788836 0.0872377 0.0848898 0.0857628 0.0763208 0.0151791 0.0425843 0.0425843 0.0427212 0.0604560 0.0136708 0.0136708 0.0166637 0.0166637 0.0261092 0.0000010 0.0000000 0.0216564 0.0216564 0.0233327 0.0180998 0.0180998 0.0165517 0.0197542 0.0197542 0.0558601 0.0901267 0.0679004 0.0678092 0.0705538 0.0659046 0.0659046 0.0659046 0.0659046 0.0588834 0.0655281 0.1268605 
HQ015402.1_Iasis_cylindrica           0.1690398 0.4327658 0.2252785 0.1966773 0.1001425 0.1513383 0.0861473 0.0864982 0.0817018 0.0814332 0.0854713 0.0863521 0.0790937 0.0228475 0.0265080 0.0265080 0.0265886 0.0389933 0.0200190 0.0200190 0.0229309 0.0229309 0.0340529 0.0216564 0.0216564 0.0000000 0.0000010 0.0013131 0.0245918 0.0245918 0.0229244 0.0231695 0.0231695 0.0445767 0.0918273 0.0582233 0.0581469 0.0584650 0.0663760 0.0663760 0.0663760 0.0663760 0.0593037 0.0640985 0.1195216 
HQ015401.1_Iasis_cylindrica           0.1690398 0.4327658 0.2252785 0.1966773 0.1001425 0.1513383 0.0861473 0.0864982 0.0817018 0.0814332 0.0854713 0.0863521 0.0790937 0.0228475 0.0265080 0.0265080 0.0265886 0.0389933 0.0200190 0.0200190 0.0229309 0.0229309 0.0340529 0.0216564 0.0216564 0.0000010 0.0000000 0.0013131 0.0245918 0.0245918 0.0229244 0.0231695 0.0231695 0.0445767 0.0918273 0.0582233 0.0581469 0.0584650 0.0663760 0.0663760 0.0663760 0.0663760 0.0593037 0.0640985 0.1195216 
HQ015399.1_Iasis_cylindrica           0.1654136 0.4338088 0.2295612 0.2007061 0.1030269 0.1548626 0.0888571 0.0892198 0.0843507 0.0840768 0.0881584 0.0890646 0.0817018 0.0245168 0.0282648 0.0282648 0.0283515 0.0409707 0.0216637 0.0216637 0.0246068 0.0246068 0.0358890 0.0233327 0.0233327 0.0013131 0.0013131 0.0000000 0.0262991 0.0262991 0.0245998 0.0248652 0.0248652 0.0466492 0.0945744 0.0605047 0.0604244 0.0607548 0.0639934 0.0639934 0.0639934 0.0639934 0.0616269 0.0665085 0.1226233 
HQ015398.1_Cyclosalpa_sewelli         0.1824482 0.4261005 0.2445009 0.2054343 0.1004454 0.1604597 0.0806176 0.0855299 0.0763131 0.0845641 0.0822516 0.0830989 0.0737916 0.0166588 0.0424171 0.0424171 0.0425530 0.0525873 0.0123077 0.0123077 0.0166052 0.0166052 0.0244168 0.0180998 0.0180998 0.0245918 0.0245918 0.0262991 0.0000000 0.0000010 0.0039644 0.0039795 0.0039795 0.0501167 0.0802323 0.0581688 0.0580926 0.0606626 0.0694341 0.0694341 0.0694341 0.0694341 0.0623108 0.0650233 0.1287156 
HQ015397.1_Cyclosalpa_quadriluminis   0.1824482 0.4261005 0.2445009 0.2054343 0.1004454 0.1604597 0.0806176 0.0855299 0.0763131 0.0845641 0.0822516 0.0830989 0.0737916 0.0166588 0.0424171 0.0424171 0.0425530 0.0525873 0.0123077 0.0123077 0.0166052 0.0166052 0.0244168 0.0180998 0.0180998 0.0245918 0.0245918 0.0262991 0.0000010 0.0000000 0.0039644 0.0039795 0.0039795 0.0501167 0.0802323 0.0581688 0.0580926 0.0606626 0.0694341 0.0694341 0.0694341 0.0694341 0.0623108 0.0650233 0.1287156 
HQ015393.1_Cyclosalpa_floridana       0.1758343 0.4102734 0.2367386 0.1983805 0.0976214 0.1613376 0.0760872 0.0808895 0.0740543 0.0822194 0.0799371 0.0807617 0.0715673 0.0123077 0.0404437 0.0404437 0.0405723 0.0539815 0.0136256 0.0136256 0.0150799 0.0150799 0.0243344 0.0165517 0.0165517 0.0229244 0.0229244 0.0245998 0.0039644 0.0039644 0.0000000 0.0053562 0.0053562 0.0480270 0.0808090 0.0577553 0.0576801 0.0602301 0.0651471 0.0651471 0.0651471 0.0651471 0.0582114 0.0645582 0.1232340 
HQ015392.1_Cyclosalpa_affinis         0.1895866 0.4152890 0.2490275 0.2098075 0.1055437 0.1613757 0.0855698 0.0859174 0.0766577 0.0849450 0.0826215 0.0834747 0.0741237 0.0182899 0.0387866 0.0387866 0.0389096 0.0502705 0.0167243 0.0167243 0.0182304 0.0182304 0.0262070 0.0197542 0.0197542 0.0231695 0.0231695 0.0248652 0.0039795 0.0039795 0.0053562 0.0000000 0.0000010 0.0522814 0.0830835 0.0584246 0.0583477 0.0609314 0.0697460 0.0697460 0.0697460 0.0697460 0.0625867 0.0647910 0.1319682 
HQ015391.1_Cyclosalpa_affinis         0.1895866 0.4152890 0.2490275 0.2098075 0.1055437 0.1613757 0.0855698 0.0859174 0.0766577 0.0849450 0.0826215 0.0834747 0.0741237 0.0182899 0.0387866 0.0387866 0.0389096 0.0502705 0.0167243 0.0167243 0.0182304 0.0182304 0.0262070 0.0197542 0.0197542 0.0231695 0.0231695 0.0248652 0.0039795 0.0039795 0.0053562 0.0000010 0.0000000 0.0522814 0.0830835 0.0584246 0.0583477 0.0609314 0.0697460 0.0697460 0.0697460 0.0697460 0.0625867 0.0647910 0.1319682 
HQ015390.1_Thetys_vagina              0.1618187 0.3841856 0.2167694 0.1923804 0.0826009 0.1229354 0.0599420 0.0622296 0.0612651 0.0685127 0.0661924 0.0582706 0.0608046 0.0480404 0.0574250 0.0574250 0.0576204 0.0607861 0.0513212 0.0513212 0.0480404 0.0480404 0.0576540 0.0558601 0.0558601 0.0445767 0.0445767 0.0466492 0.0501167 0.0501167 0.0480270 0.0522814 0.0522814 0.0000000 0.0379394 0.0506682 0.0506030 0.0507049 0.0587582 0.0587582 0.0587582 0.0587582 0.0461279 0.0672912 0.1151447 
HQ015389.1_Soestia_zonaria            0.1939468 0.4311135 0.2627918 0.2156339 0.1086517 0.1472184 0.0791811 0.0819601 0.0838189 0.0917961 0.0828414 0.0844978 0.0863881 0.0788427 0.0880813 0.0880813 0.0860877 0.0941932 0.0894965 0.0894965 0.0808307 0.0808307 0.0820312 0.0901267 0.0901267 0.0918273 0.0918273 0.0945744 0.0802323 0.0802323 0.0808090 0.0830835 0.0830835 0.0379394 0.0000000 0.0904352 0.0903059 0.0851637 0.0766016 0.0766016 0.0766016 0.0766016 0.0664146 0.0914226 0.1476180 
HQ015388.1_Pegea_bicaudata            0.2081075 0.4739077 0.2669886 0.2344935 0.1152535 0.1754894 0.1011102 0.1015181 0.0974941 0.1061474 0.1003240 0.1013219 0.0947123 0.0622970 0.0727943 0.0727943 0.0730496 0.0714017 0.0636910 0.0636910 0.0641585 0.0641585 0.0693741 0.0679004 0.0679004 0.0582233 0.0582233 0.0605047 0.0581688 0.0581688 0.0577553 0.0584246 0.0584246 0.0506682 0.0904352 0.0000000 0.0000010 0.0026410 0.0834679 0.0834679 0.0834679 0.0834679 0.0776878 0.0882101 0.1538839 
HQ015387.1_Pegea_confoederata         0.2077573 0.4729939 0.2665192 0.2340923 0.1150792 0.1752042 0.1009621 0.1013689 0.0973530 0.1059902 0.1001778 0.1011735 0.0945763 0.0622143 0.0726928 0.0726928 0.0729474 0.0713035 0.0636066 0.0636066 0.0640730 0.0640730 0.0692794 0.0678092 0.0678092 0.0581469 0.0581469 0.0604244 0.0580926 0.0580926 0.0576801 0.0583477 0.0583477 0.0506030 0.0903059 0.0000010 0.0000000 0.0026384 0.0833493 0.0833493 0.0833493 0.0833493 0.0775797 0.0880846 0.1536380 
HQ015386.1_Pegea_confoederata         0.2050934 0.4799632 0.2634668 0.2312636 0.1160404 0.1712590 0.1018284 0.1022399 0.0981895 0.1068905 0.1034949 0.1020406 0.0953918 0.0625519 0.0700666 0.0700666 0.0703100 0.0687256 0.0662679 0.0662679 0.0644188 0.0644188 0.0696531 0.0705538 0.0705538 0.0584650 0.0584650 0.0607548 0.0606626 0.0606626 0.0602301 0.0609314 0.0609314 0.0507049 0.0851637 0.0026410 0.0026384 0.0000000 0.0885015 0.0885015 0.0885015 0.0885015 0.0802753 0.0909394 0.1569574 
HQ015385.1_Pyrosoma_atlanticum        0.1694045 0.3883636 0.2519214 0.2068637 0.0624505 0.1332432 0.0375400 0.0344706 0.0342169 0.0425149 0.0355682 0.0393886 0.0377830 0.0678083 0.0784737 0.0784737 0.0764823 0.0995886 0.0673084 0.0673084 0.0675927 0.0675927 0.0682921 0.0659046 0.0659046 0.0663760 0.0663760 0.0639934 0.0694341 0.0694341 0.0651471 0.0697460 0.0697460 0.0587582 0.0766016 0.0834679 0.0833493 0.0885015 0.0000000 0.0000010 0.0026287 0.0026287 0.0096134 0.0833910 0.1047678 
HQ015384.1_Pyrosoma_godeauxi          0.1694045 0.3883636 0.2519214 0.2068637 0.0624505 0.1332432 0.0375400 0.0344706 0.0342169 0.0425149 0.0355682 0.0393886 0.0377830 0.0678083 0.0784737 0.0784737 0.0764823 0.0995886 0.0673084 0.0673084 0.0675927 0.0675927 0.0682921 0.0659046 0.0659046 0.0663760 0.0663760 0.0639934 0.0694341 0.0694341 0.0651471 0.0697460 0.0697460 0.0587582 0.0766016 0.0834679 0.0833493 0.0885015 0.0000010 0.0000000 0.0026287 0.0026287 0.0096134 0.0833910 0.1047678 
HQ015382.1_Pyrosomella_verticillata   0.1694045 0.3883636 0.2519214 0.2068637 0.0585711 0.1332432 0.0409078 0.0378072 0.0375266 0.0459579 0.0388769 0.0427983 0.0411715 0.0678083 0.0784737 0.0784737 0.0764823 0.0995886 0.0673084 0.0673084 0.0675927 0.0675927 0.0682921 0.0659046 0.0659046 0.0663760 0.0663760 0.0639934 0.0694341 0.0694341 0.0651471 0.0697460 0.0697460 0.0587582 0.0766016 0.0834679 0.0833493 0.0885015 0.0026287 0.0026287 0.0000000 0.0000010 0.0096134 0.0833910 0.1047678 
HQ015381.1_Pyrosoma_atlanticum        0.1694045 0.3883636 0.2519214 0.2068637 0.0585711 0.1332432 0.0409078 0.0378072 0.0375266 0.0459579 0.0388769 0.0427983 0.0411715 0.0678083 0.0784737 0.0784737 0.0764823 0.0995886 0.0673084 0.0673084 0.0675927 0.0675927 0.0682921 0.0659046 0.0659046 0.0663760 0.0663760 0.0639934 0.0694341 0.0694341 0.0651471 0.0697460 0.0697460 0.0587582 0.0766016 0.0834679 0.0833493 0.0885015 0.0026287 0.0026287 0.0000010 0.0000000 0.0096134 0.0833910 0.1047678 
HQ015379.1_Pyrostremma_spinosum       0.1611804 0.3760446 0.2330379 0.1898742 0.0599360 0.1174389 0.0388606 0.0358019 0.0340863 0.0405846 0.0374090 0.0374917 0.0359057 0.0607198 0.0659450 0.0659450 0.0640480 0.0855830 0.0602728 0.0602728 0.0605228 0.0605228 0.0630251 0.0588834 0.0588834 0.0593037 0.0593037 0.0616269 0.0623108 0.0623108 0.0582114 0.0625867 0.0625867 0.0461279 0.0664146 0.0776878 0.0775797 0.0802753 0.0096134 0.0096134 0.0096134 0.0096134 0.0000000 0.0706853 0.0984595 
HQ015378.1_Ihlea_racovitzai           0.2302809 0.4572154 0.2751036 0.2368129 0.1323907 0.1761386 0.0983214 0.1036333 0.1009031 0.1136803 0.1071493 0.1070462 0.1037396 0.0608356 0.0634561 0.0634561 0.0615801 0.0690424 0.0650440 0.0650440 0.0610576 0.0610576 0.0722460 0.0655281 0.0655281 0.0640985 0.0640985 0.0665085 0.0650233 0.0650233 0.0645582 0.0647910 0.0647910 0.0672912 0.0914226 0.0882101 0.0880846 0.0909394 0.0833910 0.0833910 0.0833910 0.0833910 0.0706853 0.0000000 0.1539503 
HQ015376.1_Doliolum_denticulatum      0.2360563 0.3830782 0.2601424 0.2743238 0.1376023 0.1724978 0.1196777 0.1135861 0.1093175 0.1143302 0.1122730 0.1204441 0.1097253 0.1276651 0.1403225 0.1403225 0.1436974 0.1594208 0.1308478 0.1308478 0.1273987 0.1273987 0.1423140 0.1268605 0.1268605 0.1195216 0.1195216 0.1226233 0.1287156 0.1287156 0.1232340 0.1319682 0.1319682 0.1151447 0.1476180 0.1538839 0.1536380 0.1569574 0.1047678 0.1047678 0.1047678 0.1047678 0.0984595 0.1539503 0.0000000 
