45
AB075543.1_Megalodicopia_hians        0.0000000 0.1665967 0.0718096 0.0741698 0.0763288 0.0497205 0.3219027 0.0769168 0.1804054 0.0803893 0.0763288 0.0227680 0.0711147 0.0741859 0.0880397 0.0137903 0.0392581 0.0852877 0.0945225 0.1399066 0.0713897 0.0852877 0.0867145 0.0425989 0.0153227 0.1022583 0.0337665 0.0803893 0.0769168 0.0425989 0.0856058 0.0711147 0.0167672 0.0140568 0.0392581 0.0751154 0.0741664 0.0849902 0.0751154 0.0026764 0.0678717 0.0861347 0.0776537 0.0432191 0.0913599 
AB013014.1_Oikopleura_dioica          0.1665967 0.0000000 0.1928172 0.1629437 0.1657908 0.1706735 0.5155065 0.1616961 0.2618595 0.1701022 0.1657908 0.1609232 0.1625179 0.1644864 0.1994772 0.1842115 0.1749215 0.1682738 0.1948087 0.2516950 0.1574134 0.1682738 0.1982099 0.1750515 0.1780726 0.2301362 0.1671276 0.1701022 0.1616961 0.1750515 0.1689473 0.1625179 0.1752460 0.1657995 0.1749215 0.1601786 0.1666414 0.1985282 0.1601786 0.1604772 0.1697010 0.1809404 0.1618539 0.1639203 0.1928626 
HQ015389.1_Soestia_zonaria            0.0718096 0.1928172 0.0000000 0.0763141 0.0755507 0.0324649 0.3797716 0.0833144 0.2171842 0.0868829 0.0755507 0.0647198 0.0793878 0.0779466 0.0860874 0.0684501 0.0659367 0.0856363 0.1270580 0.1754182 0.0776168 0.0856363 0.0842477 0.0659638 0.0745206 0.1369198 0.0525899 0.0868829 0.0833144 0.0659638 0.0859492 0.0793878 0.0688670 0.0735474 0.0659367 0.0834346 0.0778386 0.0862121 0.0834346 0.0718096 0.0779931 0.0845901 0.0861951 0.0919276 0.0874501 
HQ015393.1_Cyclosalpa_floridana       0.0741698 0.1629437 0.0763141 0.0000000 0.0053733 0.0409916 0.3558618 0.0152279 0.2019129 0.0211429 0.0053733 0.0715499 0.0151877 0.0040327 0.0506431 0.0790793 0.0572309 0.0343222 0.1400433 0.1569774 0.0124053 0.0343222 0.0512149 0.0572533 0.0825423 0.1219452 0.0572435 0.0211429 0.0152279 0.0572533 0.0344322 0.0151877 0.0759399 0.0750447 0.0572309 0.0197564 0.0053881 0.0512681 0.0197564 0.0741698 0.0211398 0.0411612 0.0198896 0.0862175 0.0492867 
HQ015398.1_Cyclosalpa_sewelli         0.0763288 0.1657908 0.0755507 0.0053733 0.0000000 0.0445346 0.3627268 0.0181568 0.2086300 0.0212435 0.0000010 0.0776010 0.0152569 0.0040125 0.0509426 0.0813070 0.0646892 0.0345038 0.1387051 0.1650502 0.0152975 0.0345038 0.0549748 0.0647159 0.0847821 0.1248826 0.0629159 0.0212435 0.0181568 0.0647159 0.0346150 0.0152569 0.0821161 0.0753353 0.0646892 0.0198501 0.0026686 0.0550330 0.0198501 0.0763288 0.0197461 0.0413888 0.0229398 0.0907683 0.0530011 
HQ015390.1_Thetys_vagina              0.0497205 0.1706735 0.0324649 0.0409916 0.0445346 0.0000000 0.3196086 0.0460835 0.1785633 0.0555297 0.0445346 0.0444060 0.0477753 0.0429155 0.0601487 0.0450286 0.0454508 0.0522724 0.1013240 0.1350273 0.0477807 0.0522724 0.0436882 0.0454666 0.0538451 0.1034022 0.0308859 0.0555297 0.0460835 0.0454666 0.0524549 0.0477753 0.0445949 0.0580536 0.0454508 0.0407461 0.0428566 0.0420836 0.0407461 0.0497205 0.0548765 0.0499776 0.0410640 0.0641744 0.0500080 
M97574.1_Myxine_glutinosa             0.3219027 0.5155065 0.3797716 0.3558618 0.3627268 0.3196086 0.0000000 0.3384077 0.3526819 0.3442638 0.3627268 0.3100289 0.3306968 0.3656448 0.3733738 0.3211972 0.3239641 0.3468377 0.4184565 0.2695270 0.3356255 0.3468377 0.3905527 0.3242950 0.3176766 0.3180645 0.3072441 0.3442638 0.3384077 0.3242950 0.3485957 0.3306968 0.3113473 0.3030146 0.3239641 0.3560260 0.3655385 0.3914024 0.3560260 0.3219027 0.3486797 0.3603487 0.3633049 0.3257179 0.4053083 
HQ015410.1_Ritteriella_retracta       0.0769168 0.1616961 0.0833144 0.0152279 0.0181568 0.0460835 0.3384077 0.0000000 0.2029436 0.0123311 0.0181568 0.0706621 0.0053673 0.0167779 0.0488495 0.0780553 0.0583637 0.0292055 0.1388066 0.1486723 0.0053526 0.0292055 0.0541618 0.0583864 0.0814715 0.1234517 0.0583764 0.0123311 0.0000010 0.0583864 0.0292972 0.0053673 0.0786647 0.0777442 0.0583637 0.0152955 0.0182124 0.0542181 0.0152955 0.0769168 0.0137524 0.0326665 0.0153962 0.0889158 0.0522265 
M97571.1_Branchiostoma_floridae       0.1804054 0.2618595 0.2171842 0.2019129 0.2086300 0.1785633 0.3526819 0.2029436 0.0000000 0.2155690 0.2086300 0.1625180 0.2064043 0.2085716 0.2241760 0.1849831 0.2039252 0.2177578 0.1849176 0.1839657 0.1985224 0.2177578 0.2192169 0.2040887 0.1714501 0.2124722 0.1922520 0.2155690 0.2029436 0.2040887 0.2187060 0.2064043 0.1737846 0.1680307 0.2039252 0.1856633 0.2109467 0.2171974 0.1856633 0.1804054 0.2161341 0.2073860 0.1923829 0.1826817 0.2138651 
HQ015404.1_Brooksia_rostrata          0.0803893 0.1701022 0.0868829 0.0211429 0.0212435 0.0555297 0.3442638 0.0123311 0.2155690 0.0000000 0.0212435 0.0795346 0.0109812 0.0227831 0.0511953 0.0854763 0.0630315 0.0327808 0.1465508 0.1676925 0.0095492 0.0327808 0.0564126 0.0630573 0.0889583 0.1242228 0.0630460 0.0000010 0.0123311 0.0630573 0.0328858 0.0109812 0.0840812 0.0811861 0.0630315 0.0213519 0.0242542 0.0564722 0.0213519 0.0803893 0.0168147 0.0395785 0.0244695 0.0928213 0.0544380 
HQ015395.1_Cyclosalpa_sewelli         0.0763288 0.1657908 0.0755507 0.0053733 0.0000010 0.0445346 0.3627268 0.0181568 0.2086300 0.0212435 0.0000000 0.0776010 0.0152569 0.0040125 0.0509426 0.0813070 0.0646892 0.0345038 0.1387051 0.1650502 0.0152975 0.0345038 0.0549748 0.0647159 0.0847821 0.1248826 0.0629159 0.0212435 0.0181568 0.0647159 0.0346150 0.0152569 0.0821161 0.0753353 0.0646892 0.0198501 0.0026686 0.0550330 0.0198501 0.0763288 0.0197461 0.0413888 0.0229398 0.0907683 0.0530011 
FM244840.1_Clavelina_meridionalis     0.0227680 0.1609232 0.0647198 0.0715499 0.0776010 0.0444060 0.3100289 0.0706621 0.1625180 0.0795346 0.0776010 0.0000000 0.0703934 0.0779604 0.0869985 0.0214328 0.0425640 0.0849915 0.1037454 0.1244234 0.0706621 0.0849915 0.0811295 0.0459472 0.0304980 0.1099786 0.0383706 0.0795346 0.0706621 0.0459472 0.0853074 0.0703934 0.0109888 0.0310064 0.0425640 0.0785437 0.0779398 0.0830555 0.0785437 0.0227680 0.0710876 0.0839364 0.0792436 0.0446123 0.0874405 
HQ015407.1_Salpa_maxima               0.0711147 0.1625179 0.0793878 0.0151877 0.0152569 0.0477753 0.3306968 0.0053673 0.2064043 0.0109812 0.0152569 0.0703934 0.0000000 0.0167329 0.0456786 0.0758694 0.0547070 0.0262595 0.1416861 0.1581088 0.0053673 0.0262595 0.0558669 0.0547276 0.0755508 0.1171011 0.0547186 0.0109812 0.0053673 0.0547276 0.0263421 0.0000010 0.0746876 0.0720152 0.0547070 0.0153417 0.0181631 0.0559252 0.0153417 0.0711147 0.0081589 0.0296690 0.0183318 0.0828003 0.0539174 
HQ015392.1_Cyclosalpa_affinis         0.0741859 0.1644864 0.0779466 0.0040327 0.0040125 0.0429155 0.3656448 0.0167779 0.2085716 0.0227831 0.0040125 0.0779604 0.0167329 0.0000000 0.0528543 0.0790966 0.0591495 0.0328376 0.1385815 0.1659722 0.0167779 0.0328376 0.0496392 0.0591730 0.0825604 0.1267672 0.0591627 0.0227831 0.0167779 0.0591730 0.0329430 0.0167329 0.0780458 0.0750608 0.0591495 0.0183444 0.0013283 0.0496907 0.0183444 0.0741859 0.0212711 0.0396514 0.0184677 0.0906931 0.0477193 
HQ015378.1_Ihlea_racovitzai           0.0880397 0.1994772 0.0860874 0.0506431 0.0509426 0.0601487 0.3733738 0.0488495 0.2241760 0.0511953 0.0509426 0.0869985 0.0456786 0.0528543 0.0000000 0.0931748 0.0762513 0.0454718 0.1558798 0.1905513 0.0455084 0.0454718 0.0711818 0.0762854 0.0965631 0.1346275 0.0625418 0.0511953 0.0488495 0.0762854 0.0456246 0.0456786 0.0934221 0.0978337 0.0762513 0.0474924 0.0545577 0.0730528 0.0474924 0.0880397 0.0532133 0.0488939 0.0512786 0.1116218 0.0761597 
AB104873.1_Perophora_sagamiensis      0.0137903 0.1842115 0.0684501 0.0790793 0.0813070 0.0450286 0.3211972 0.0780553 0.1849831 0.0854763 0.0813070 0.0214328 0.0758694 0.0790966 0.0931748 0.0000000 0.0448953 0.0905540 0.0985930 0.1346725 0.0761712 0.0905540 0.0899816 0.0483643 0.0212296 0.1072542 0.0373915 0.0854763 0.0780553 0.0483643 0.0908977 0.0758694 0.0183146 0.0229613 0.0448953 0.0799790 0.0790754 0.0882272 0.0799790 0.0137903 0.0740484 0.0913495 0.0826182 0.0469033 0.0967649 
HQ015383.1_Pyrosomella_verticillata   0.0392581 0.1749215 0.0659367 0.0572309 0.0646892 0.0454508 0.3239641 0.0583637 0.2039252 0.0630315 0.0646892 0.0425640 0.0547070 0.0591495 0.0762513 0.0448953 0.0000000 0.0652955 0.1201137 0.1452757 0.0549007 0.0652955 0.0700077 0.0026632 0.0478437 0.0955672 0.0140869 0.0630315 0.0583637 0.0026632 0.0655279 0.0547070 0.0378008 0.0404172 0.0000010 0.0565387 0.0609052 0.0682948 0.0565387 0.0409934 0.0573205 0.0708841 0.0527057 0.0632461 0.0721397 
HQ015415.1_Thalia_democratica         0.0852877 0.1682738 0.0856363 0.0343222 0.0345038 0.0522724 0.3468377 0.0292055 0.2177578 0.0327808 0.0345038 0.0849915 0.0262595 0.0328376 0.0454718 0.0905540 0.0652955 0.0000000 0.1474464 0.1762718 0.0261737 0.0000010 0.0587536 0.0653229 0.0980060 0.1362897 0.0609410 0.0327808 0.0292055 0.0653229 0.0000010 0.0262595 0.0850908 0.0887720 0.0652955 0.0215965 0.0343975 0.0588167 0.0215965 0.0852877 0.0328036 0.0068076 0.0247558 0.0981925 0.0542874 
AB921975.1_Molgula_manhattensis       0.0945225 0.1948087 0.1270580 0.1400433 0.1387051 0.1013240 0.4184565 0.1388066 0.1849176 0.1465508 0.1387051 0.1037454 0.1416861 0.1385815 0.1558798 0.0985930 0.1201137 0.1474464 0.0000000 0.1618762 0.1322898 0.1474464 0.1475371 0.1201854 0.1037891 0.1471244 0.1023139 0.1465508 0.1388066 0.1201854 0.1480515 0.1416861 0.1061406 0.0965868 0.1201137 0.1286071 0.1385408 0.1455931 0.1286071 0.0945225 0.1405108 0.1418815 0.1321455 0.0789724 0.1414714 
M91181.1_Echinorhinus_cookei          0.1399066 0.2516950 0.1754182 0.1569774 0.1650502 0.1350273 0.2695270 0.1486723 0.1839657 0.1676925 0.1650502 0.1244234 0.1581088 0.1659722 0.1905513 0.1346725 0.1452757 0.1762718 0.1618762 0.0000000 0.1529854 0.1762718 0.1760010 0.1453727 0.1403841 0.2022072 0.1322419 0.1676925 0.1486723 0.1453727 0.1770048 0.1581088 0.1301778 0.1403136 0.1452757 0.1542573 0.1659239 0.1740523 0.1542573 0.1399066 0.1669670 0.1730093 0.1484054 0.1443835 0.1818576 
HQ015406.1_Salpa_thompsoni            0.0713897 0.1574134 0.0776168 0.0124053 0.0152975 0.0477807 0.3356255 0.0053526 0.1985224 0.0095492 0.0152975 0.0706621 0.0053673 0.0167779 0.0455084 0.0761712 0.0549007 0.0261737 0.1322898 0.1529854 0.0000000 0.0261737 0.0541618 0.0549215 0.0795891 0.1176027 0.0549124 0.0095492 0.0053526 0.0549215 0.0262557 0.0053673 0.0749787 0.0722904 0.0549007 0.0152955 0.0182124 0.0542181 0.0152955 0.0713897 0.0109545 0.0326665 0.0182754 0.0831404 0.0522265 
HQ015414.1_Thalia_democratica         0.0852877 0.1682738 0.0856363 0.0343222 0.0345038 0.0522724 0.3468377 0.0292055 0.2177578 0.0327808 0.0345038 0.0849915 0.0262595 0.0328376 0.0454718 0.0905540 0.0652955 0.0000010 0.1474464 0.1762718 0.0261737 0.0000000 0.0587536 0.0653229 0.0980060 0.1362897 0.0609410 0.0327808 0.0292055 0.0653229 0.0000010 0.0262595 0.0850908 0.0887720 0.0652955 0.0215965 0.0343975 0.0588167 0.0215965 0.0852877 0.0328036 0.0068076 0.0247558 0.0981925 0.0542874 
HQ015387.1_Pegea_confoederata         0.0867145 0.1982099 0.0842477 0.0512149 0.0549748 0.0436882 0.3905527 0.0541618 0.2192169 0.0564126 0.0549748 0.0811295 0.0558669 0.0496392 0.0711818 0.0899816 0.0700077 0.0587536 0.1475371 0.1760010 0.0541618 0.0587536 0.0000000 0.0700375 0.0935316 0.1321969 0.0646648 0.0564126 0.0541618 0.0700375 0.0589579 0.0558669 0.0830514 0.0934073 0.0700077 0.0487055 0.0513423 0.0013237 0.0487055 0.0867145 0.0583264 0.0542472 0.0490911 0.1030686 0.0068250 
HQ015380.1_Pyrosomella_verticillata   0.0425989 0.1750515 0.0659638 0.0572533 0.0647159 0.0454666 0.3242950 0.0583864 0.2040887 0.0630573 0.0647159 0.0459472 0.0547276 0.0591730 0.0762854 0.0483643 0.0026632 0.0653229 0.1201854 0.1453727 0.0549215 0.0653229 0.0700375 0.0000000 0.0513164 0.0956137 0.0140903 0.0630573 0.0583864 0.0000010 0.0655555 0.0547276 0.0411389 0.0437316 0.0026632 0.0565604 0.0609297 0.0683236 0.0565604 0.0443649 0.0574075 0.0709148 0.0527252 0.0594512 0.0721709 
L12378.2_Ascidia_ceratodes            0.0153227 0.1780726 0.0745206 0.0825423 0.0847821 0.0538451 0.3176766 0.0814715 0.1714501 0.0889583 0.0847821 0.0304980 0.0755508 0.0825604 0.0965631 0.0212296 0.0478437 0.0980060 0.1037891 0.1403841 0.0795891 0.0980060 0.0935316 0.0513164 0.0000000 0.1016393 0.0402711 0.0889583 0.0814715 0.0513164 0.0983758 0.0755508 0.0242402 0.0246576 0.0478437 0.0752758 0.0825383 0.0917812 0.0752758 0.0153227 0.0714982 0.0979695 0.0778244 0.0487034 0.0985112 
HQ015376.1_Doliolum_denticulatum      0.1022583 0.2301362 0.1369198 0.1219452 0.1248826 0.1034022 0.3180645 0.1234517 0.2124722 0.1242228 0.1248826 0.1099786 0.1171011 0.1267672 0.1346275 0.1072542 0.0955672 0.1362897 0.1471244 0.2022072 0.1176027 0.1362897 0.1321969 0.0956137 0.1016393 0.0000000 0.0913994 0.1242228 0.1234517 0.0956137 0.1368078 0.1171011 0.1028096 0.0923655 0.0955672 0.1171649 0.1247464 0.1304134 0.1171649 0.1022583 0.1244678 0.1375944 0.1202490 0.1145016 0.1374930 
HQ015379.1_Pyrostremma_spinosum       0.0337665 0.1671276 0.0525899 0.0572435 0.0629159 0.0308859 0.3072441 0.0583764 0.1922520 0.0630460 0.0629159 0.0383706 0.0547186 0.0591627 0.0625418 0.0373915 0.0140869 0.0609410 0.1023139 0.1322419 0.0549124 0.0609410 0.0646648 0.0140903 0.0402711 0.0913994 0.0000000 0.0630460 0.0583764 0.0140903 0.0611546 0.0547186 0.0337679 0.0444109 0.0140869 0.0566137 0.0591478 0.0630057 0.0566137 0.0337665 0.0590867 0.0664072 0.0570806 0.0585062 0.0719410 
HQ015403.1_Brooksia_rostrata          0.0803893 0.1701022 0.0868829 0.0211429 0.0212435 0.0555297 0.3442638 0.0123311 0.2155690 0.0000010 0.0212435 0.0795346 0.0109812 0.0227831 0.0511953 0.0854763 0.0630315 0.0327808 0.1465508 0.1676925 0.0095492 0.0327808 0.0564126 0.0630573 0.0889583 0.1242228 0.0630460 0.0000000 0.0123311 0.0630573 0.0328858 0.0109812 0.0840812 0.0811861 0.0630315 0.0213519 0.0242542 0.0564722 0.0213519 0.0803893 0.0168147 0.0395785 0.0244695 0.0928213 0.0544380 
HQ015411.1_Ritteriella_retracta       0.0769168 0.1616961 0.0833144 0.0152279 0.0181568 0.0460835 0.3384077 0.0000010 0.2029436 0.0123311 0.0181568 0.0706621 0.0053673 0.0167779 0.0488495 0.0780553 0.0583637 0.0292055 0.1388066 0.1486723 0.0053526 0.0292055 0.0541618 0.0583864 0.0814715 0.1234517 0.0583764 0.0123311 0.0000000 0.0583864 0.0292972 0.0053673 0.0786647 0.0777442 0.0583637 0.0152955 0.0182124 0.0542181 0.0152955 0.0769168 0.0137524 0.0326665 0.0153962 0.0889158 0.0522265 
HQ015382.1_Pyrosomella_verticillata   0.0425989 0.1750515 0.0659638 0.0572533 0.0647159 0.0454666 0.3242950 0.0583864 0.2040887 0.0630573 0.0647159 0.0459472 0.0547276 0.0591730 0.0762854 0.0483643 0.0026632 0.0653229 0.1201854 0.1453727 0.0549215 0.0653229 0.0700375 0.0000010 0.0513164 0.0956137 0.0140903 0.0630573 0.0583864 0.0000000 0.0655555 0.0547276 0.0411389 0.0437316 0.0026632 0.0565604 0.0609297 0.0683236 0.0565604 0.0443649 0.0574075 0.0709148 0.0527252 0.0594512 0.0721709 
HQ015413.1_Thalia_democratica         0.0856058 0.1689473 0.0859492 0.0344322 0.0346150 0.0524549 0.3485957 0.0292972 0.2187060 0.0328858 0.0346150 0.0853074 0.0263421 0.0329430 0.0456246 0.0908977 0.0655279 0.0000010 0.1480515 0.1770048 0.0262557 0.0000010 0.0589579 0.0655555 0.0983758 0.1368078 0.0611546 0.0328858 0.0292972 0.0655555 0.0000000 0.0263421 0.0854076 0.0891016 0.0655279 0.0216636 0.0345080 0.0590215 0.0216636 0.0856058 0.0329088 0.0068277 0.0248335 0.0985718 0.0544721 
HQ015408.1_Salpa_maxima               0.0711147 0.1625179 0.0793878 0.0151877 0.0152569 0.0477753 0.3306968 0.0053673 0.2064043 0.0109812 0.0152569 0.0703934 0.0000010 0.0167329 0.0456786 0.0758694 0.0547070 0.0262595 0.1416861 0.1581088 0.0053673 0.0262595 0.0558669 0.0547276 0.0755508 0.1171011 0.0547186 0.0109812 0.0053673 0.0547276 0.0263421 0.0000000 0.0746876 0.0720152 0.0547070 0.0153417 0.0181631 0.0559252 0.0153417 0.0711147 0.0081589 0.0296690 0.0183318 0.0828003 0.0539174 
FM244841.1_Pycnoclavella_aff._detorta 0.0167672 0.1752460 0.0688670 0.0759399 0.0821161 0.0445949 0.3113473 0.0786647 0.1737846 0.0840812 0.0821161 0.0109888 0.0746876 0.0780458 0.0934221 0.0183146 0.0378008 0.0850908 0.1061406 0.1301778 0.0749787 0.0850908 0.0830514 0.0411389 0.0242402 0.1028096 0.0337679 0.0840812 0.0786647 0.0411389 0.0854076 0.0746876 0.0000000 0.0261888 0.0378008 0.0786284 0.0780251 0.0813267 0.0786284 0.0167672 0.0754369 0.0859389 0.0793304 0.0470706 0.0894479 
AJ250778.1_Ciona_intestinalis         0.0140568 0.1657995 0.0735474 0.0750447 0.0753353 0.0580536 0.3030146 0.0777442 0.1680307 0.0811861 0.0753353 0.0310064 0.0720152 0.0750608 0.0978337 0.0229613 0.0404172 0.0887720 0.0965868 0.1403136 0.0722904 0.0887720 0.0934073 0.0437316 0.0246576 0.0923655 0.0444109 0.0811861 0.0777442 0.0437316 0.0891016 0.0720152 0.0261888 0.0000000 0.0404172 0.0759672 0.0732100 0.0916616 0.0759672 0.0140568 0.0666628 0.0895726 0.0784779 0.0489378 0.0942935 
HQ015384.1_Pyrosoma_godeauxi          0.0392581 0.1749215 0.0659367 0.0572309 0.0646892 0.0454508 0.3239641 0.0583637 0.2039252 0.0630315 0.0646892 0.0425640 0.0547070 0.0591495 0.0762513 0.0448953 0.0000010 0.0652955 0.1201137 0.1452757 0.0549007 0.0652955 0.0700077 0.0026632 0.0478437 0.0955672 0.0140869 0.0630315 0.0583637 0.0026632 0.0655279 0.0547070 0.0378008 0.0404172 0.0000000 0.0565387 0.0609052 0.0682948 0.0565387 0.0409934 0.0573205 0.0708841 0.0527057 0.0632461 0.0721397 
HQ015402.1_Iasis_cylindrica           0.0751154 0.1601786 0.0834346 0.0197564 0.0198501 0.0407461 0.3560260 0.0152955 0.1856633 0.0213519 0.0198501 0.0785437 0.0153417 0.0183444 0.0474924 0.0799790 0.0565387 0.0215965 0.1286071 0.1542573 0.0152955 0.0215965 0.0487055 0.0565604 0.0752758 0.1171649 0.0566137 0.0213519 0.0152955 0.0565604 0.0216636 0.0153417 0.0786284 0.0759672 0.0565387 0.0000000 0.0197954 0.0487549 0.0000010 0.0751154 0.0243170 0.0248822 0.0026792 0.0845374 0.0468321 
HQ015391.1_Cyclosalpa_affinis         0.0741664 0.1666414 0.0778386 0.0053881 0.0026686 0.0428566 0.3655385 0.0182124 0.2109467 0.0242542 0.0026686 0.0779398 0.0181631 0.0013283 0.0545577 0.0790754 0.0609052 0.0343975 0.1385408 0.1659239 0.0182124 0.0343975 0.0513423 0.0609297 0.0825383 0.1247464 0.0591478 0.0242542 0.0182124 0.0609297 0.0345080 0.0181631 0.0780251 0.0732100 0.0609052 0.0197954 0.0000000 0.0513959 0.0197954 0.0741664 0.0227335 0.0412555 0.0199291 0.0906682 0.0494078 
HQ015388.1_Pegea_bicaudata            0.0849902 0.1985282 0.0862121 0.0512681 0.0550330 0.0420836 0.3914024 0.0542181 0.2171974 0.0564722 0.0550330 0.0830555 0.0559252 0.0496907 0.0730528 0.0882272 0.0682948 0.0588167 0.1455931 0.1740523 0.0542181 0.0588167 0.0013237 0.0683236 0.0917812 0.1304134 0.0630057 0.0564722 0.0542181 0.0683236 0.0590215 0.0559252 0.0813267 0.0916616 0.0682948 0.0487549 0.0513959 0.0000000 0.0487549 0.0849902 0.0583885 0.0560172 0.0491414 0.1032008 0.0082162 
HQ015400.1_Iasis_cylindrica           0.0751154 0.1601786 0.0834346 0.0197564 0.0198501 0.0407461 0.3560260 0.0152955 0.1856633 0.0213519 0.0198501 0.0785437 0.0153417 0.0183444 0.0474924 0.0799790 0.0565387 0.0215965 0.1286071 0.1542573 0.0152955 0.0215965 0.0487055 0.0565604 0.0752758 0.1171649 0.0566137 0.0213519 0.0152955 0.0565604 0.0216636 0.0153417 0.0786284 0.0759672 0.0565387 0.0000010 0.0197954 0.0487549 0.0000000 0.0751154 0.0243170 0.0248822 0.0026792 0.0845374 0.0468321 
AF165821.2_Chelyosoma_siboja          0.0026764 0.1604772 0.0718096 0.0741698 0.0763288 0.0497205 0.3219027 0.0769168 0.1804054 0.0803893 0.0763288 0.0227680 0.0711147 0.0741859 0.0880397 0.0137903 0.0409934 0.0852877 0.0945225 0.1399066 0.0713897 0.0852877 0.0867145 0.0443649 0.0153227 0.1022583 0.0337665 0.0803893 0.0769168 0.0443649 0.0856058 0.0711147 0.0167672 0.0140568 0.0409934 0.0751154 0.0741664 0.0849902 0.0751154 0.0000000 0.0678717 0.0861347 0.0776537 0.0432191 0.0913599 
HQ015405.1_Salpa_aspera               0.0678717 0.1697010 0.0779931 0.0211398 0.0197461 0.0548765 0.3486797 0.0137524 0.2161341 0.0168147 0.0197461 0.0710876 0.0081589 0.0212711 0.0532133 0.0740484 0.0573205 0.0328036 0.1405108 0.1669670 0.0109545 0.0328036 0.0583264 0.0574075 0.0714982 0.1244678 0.0590867 0.0168147 0.0137524 0.0574075 0.0329088 0.0081589 0.0754369 0.0666628 0.0573205 0.0243170 0.0227335 0.0583885 0.0243170 0.0678717 0.0000000 0.0379230 0.0274811 0.0817324 0.0563293 
HQ015412.1_Thalia_orientalis          0.0861347 0.1809404 0.0845901 0.0411612 0.0413888 0.0499776 0.3603487 0.0326665 0.2073860 0.0395785 0.0413888 0.0839364 0.0296690 0.0396514 0.0488939 0.0913495 0.0708841 0.0068076 0.1418815 0.1730093 0.0326665 0.0068076 0.0542472 0.0709148 0.0979695 0.1375944 0.0664072 0.0395785 0.0326665 0.0709148 0.0068277 0.0296690 0.0859389 0.0895726 0.0708841 0.0248822 0.0412555 0.0560172 0.0248822 0.0861347 0.0379230 0.0000000 0.0281332 0.1026181 0.0499825 
HQ015399.1_Iasis_cylindrica           0.0776537 0.1618539 0.0861951 0.0198896 0.0229398 0.0410640 0.3633049 0.0153962 0.1923829 0.0244695 0.0229398 0.0792436 0.0183318 0.0184677 0.0512786 0.0826182 0.0527057 0.0247558 0.1321455 0.1484054 0.0182754 0.0247558 0.0490911 0.0527252 0.0778244 0.1202490 0.0570806 0.0244695 0.0153962 0.0527252 0.0248335 0.0183318 0.0793304 0.0784779 0.0527057 0.0026792 0.0199291 0.0491414 0.0026792 0.0776537 0.0274811 0.0281332 0.0000000 0.0872572 0.0471993 
AY903925.1_Halocynthia_igaboja        0.0432191 0.1639203 0.0919276 0.0862175 0.0907683 0.0641744 0.3257179 0.0889158 0.1826817 0.0928213 0.0907683 0.0446123 0.0828003 0.0906931 0.1116218 0.0469033 0.0632461 0.0981925 0.0789724 0.1443835 0.0831404 0.0981925 0.1030686 0.0594512 0.0487034 0.1145016 0.0585062 0.0928213 0.0889158 0.0594512 0.0985718 0.0828003 0.0470706 0.0489378 0.0632461 0.0845374 0.0906682 0.1032008 0.0845374 0.0432191 0.0817324 0.1026181 0.0872572 0.0000000 0.1029084 
HQ015386.1_Pegea_confoederata         0.0913599 0.1928626 0.0874501 0.0492867 0.0530011 0.0500080 0.4053083 0.0522265 0.2138651 0.0544380 0.0530011 0.0874405 0.0539174 0.0477193 0.0761597 0.0967649 0.0721397 0.0542874 0.1414714 0.1818576 0.0522265 0.0542874 0.0068250 0.0721709 0.0985112 0.1374930 0.0719410 0.0544380 0.0522265 0.0721709 0.0544721 0.0539174 0.0894479 0.0942935 0.0721397 0.0468321 0.0494078 0.0082162 0.0468321 0.0913599 0.0563293 0.0499825 0.0471993 0.1029084 0.0000000 
