50
HQ015399.1_Iasis_cylindrica           0.0000000 0.0406099 0.1295791 0.1394889 0.0436527 0.1041787 0.0437121 0.1026764 0.3538560 0.0433639 0.1432407 0.0410993 0.1025870 0.1051659 0.3055046 0.5385242 0.0431400 0.0473770 0.0059749 0.1275571 0.0435916 0.1017707 0.0463167 0.1015142 0.1031726 0.1342400 0.0964701 0.0807214 0.0442975 0.0433996 0.1021911 0.0671475 0.0667317 0.0362995 0.0825712 0.0426704 0.3154575 0.1448664 0.0355807 0.0384524 0.2008710 0.0049003 0.1186070 0.0671475 0.1767656 0.0066062 0.0460922 0.1251872 0.0419420 0.1052537 
HQ015392.1_Cyclosalpa_affinis         0.0406099 0.0000000 0.1198058 0.1335096 0.0097177 0.1007396 0.0398597 0.1043634 0.3545999 0.0393914 0.1355239 0.0093863 0.1040940 0.1078571 0.3202976 0.5268857 0.0102263 0.0420015 0.0394016 0.1281462 0.0395104 0.1034563 0.0422747 0.1042806 0.1055357 0.1333370 0.1043129 0.0778692 0.0403101 0.0096847 0.1040210 0.0708875 0.0705419 0.0323990 0.0813155 0.0096842 0.3300794 0.1446782 0.0332097 0.0108543 0.2015397 0.0337235 0.1107701 0.0716862 0.1815121 0.0395516 0.0420725 0.1266087 0.0011657 0.1089782 
AF165821.2_Chelyosoma_siboja          0.1295791 0.1198058 0.0000000 0.0161466 0.1266420 0.0564618 0.1350192 0.1517415 0.3035131 0.1363760 0.1337266 0.1217146 0.0739954 0.0763050 0.2443845 0.4848897 0.1231214 0.1352680 0.1236413 0.0474810 0.1339934 0.1415733 0.1383001 0.0758865 0.0751870 0.0377847 0.1440993 0.1033331 0.1336512 0.1257614 0.0746737 0.1570070 0.1601271 0.1255514 0.1669138 0.1248673 0.2572730 0.0661156 0.1264188 0.1229044 0.1241244 0.1113708 0.1497202 0.1595824 0.1451008 0.1267373 0.1377982 0.0405563 0.1167778 0.0743727 
AB075543.1_Megalodicopia_hians        0.1394889 0.1335096 0.0161466 0.0000000 0.1375035 0.0607738 0.1461063 0.1553763 0.3176736 0.1437561 0.1386574 0.1324595 0.0740601 0.0774398 0.2454896 0.4789805 0.1328638 0.1475730 0.1314372 0.0561932 0.1449844 0.1478767 0.1527748 0.0759351 0.0772283 0.0429143 0.1505904 0.1121352 0.1425726 0.1365390 0.0747319 0.1624075 0.1643758 0.1365039 0.1772719 0.1357886 0.2581442 0.0698532 0.1403316 0.1318960 0.1192220 0.1206854 0.1621732 0.1650868 0.1518609 0.1365783 0.1522137 0.0479885 0.1300711 0.0747568 
HQ015395.1_Cyclosalpa_sewelli         0.0436527 0.0097177 0.1266420 0.1375035 0.0000000 0.1038603 0.0368352 0.1061979 0.3656809 0.0398410 0.1323177 0.0000010 0.1166647 0.1185811 0.3186977 0.5301190 0.0000010 0.0423904 0.0419910 0.1290730 0.0368563 0.1061481 0.0406938 0.1168840 0.1164972 0.1370448 0.1081528 0.0778646 0.0376265 0.0000010 0.1164972 0.0751964 0.0749129 0.0320921 0.0836946 0.0000010 0.3221520 0.1504729 0.0321100 0.0097178 0.2004609 0.0370351 0.1098849 0.0751964 0.1750902 0.0419910 0.0406938 0.1295212 0.0097129 0.1200105 
HQ015379.1_Pyrostremma_spinosum       0.1041787 0.1007396 0.0564618 0.0607738 0.1038603 0.0000000 0.1186564 0.1231877 0.3139477 0.1168910 0.1137007 0.1040836 0.0325169 0.0342414 0.2692238 0.4515104 0.1023446 0.1206829 0.0996743 0.0596690 0.1190476 0.1186572 0.1128852 0.0325621 0.0324743 0.0549547 0.1249426 0.0810446 0.1184407 0.1036038 0.0320904 0.1309742 0.1306175 0.1044186 0.1500522 0.1046067 0.2456522 0.0738578 0.1041983 0.0998190 0.1396641 0.0950536 0.1378193 0.1325465 0.1387113 0.1022297 0.1131338 0.0536496 0.0983533 0.0327383 
HQ015409.1_Salpa_fusiformis           0.0437121 0.0398597 0.1350192 0.1461063 0.0368352 0.1186564 0.0000000 0.1067483 0.3681159 0.0084166 0.1387117 0.0334815 0.1216760 0.1240280 0.3322074 0.5375763 0.0366036 0.0091127 0.0396213 0.1383000 0.0000010 0.1066989 0.0350587 0.1219090 0.1215925 0.1445088 0.1038283 0.0855681 0.0005883 0.0366243 0.1211916 0.0717386 0.0715993 0.0280405 0.0803862 0.0368963 0.3300019 0.1590367 0.0273428 0.0348447 0.2128041 0.0325945 0.1062793 0.0717386 0.1878583 0.0404741 0.0349395 0.1409475 0.0411899 0.1247151 
HQ015387.1_Pegea_confoederata         0.1026764 0.1043634 0.1517415 0.1553763 0.1061979 0.1231877 0.1067483 0.0000000 0.3914505 0.1100596 0.1453743 0.1013452 0.1527333 0.1587090 0.3644840 0.5747106 0.1044767 0.1127559 0.1010219 0.1493125 0.1059828 0.0034608 0.1202941 0.1530437 0.1535318 0.1592621 0.0102928 0.0927640 0.1058733 0.1054884 0.1501546 0.1317810 0.1343754 0.1105886 0.1313624 0.1058192 0.3442486 0.1727521 0.1101246 0.1003998 0.2333634 0.0891644 0.1427123 0.1349947 0.2094521 0.1036812 0.1198735 0.1471778 0.1048706 0.1581168 
AB013014.1_Oikopleura_dioica          0.3538560 0.3545999 0.3035131 0.3176736 0.3656809 0.3139477 0.3681159 0.3914505 0.0000000 0.3502220 0.3426560 0.3453812 0.3308383 0.3443940 0.4540454 0.8929055 0.3526490 0.3698358 0.3510620 0.3163422 0.3639076 0.3897171 0.3680077 0.3317926 0.3359704 0.3158660 0.3915336 0.3273422 0.3610626 0.3624132 0.3260270 0.3340437 0.3455325 0.3362495 0.3706370 0.3596080 0.4607952 0.3356214 0.3378868 0.3607185 0.3446537 0.3128455 0.3609835 0.3391499 0.4058924 0.3610914 0.3663135 0.3274723 0.3494225 0.3407230 
HQ015406.1_Salpa_thompsoni            0.0433639 0.0393914 0.1363760 0.1437561 0.0398410 0.1168910 0.0084166 0.1100596 0.3502220 0.0000000 0.1434498 0.0357372 0.1186821 0.1256028 0.3131206 0.5264230 0.0434920 0.0115242 0.0461500 0.1409382 0.0083702 0.1087393 0.0339845 0.1189036 0.1213001 0.1430764 0.1084684 0.0878112 0.0149515 0.0396116 0.1167650 0.0692181 0.0700611 0.0277256 0.0810569 0.0397153 0.3290470 0.1715685 0.0276263 0.0328286 0.2099972 0.0313822 0.1074977 0.0710074 0.1854266 0.0402017 0.0338817 0.1398706 0.0414174 0.1219388 
HQ015389.1_Soestia_zonaria            0.1432407 0.1355239 0.1337266 0.1386574 0.1323177 0.1137007 0.1387117 0.1453743 0.3426560 0.1434498 0.0000000 0.1273539 0.1413325 0.1474794 0.3367594 0.5555295 0.1338839 0.1393677 0.1452546 0.1256211 0.1377829 0.1461344 0.1429055 0.1416103 0.1426690 0.1401560 0.1425238 0.0605383 0.1446693 0.1314017 0.1389941 0.1403357 0.1417381 0.1396023 0.1420997 0.1318317 0.3228720 0.1692397 0.1408463 0.1294644 0.2209123 0.1245450 0.1652442 0.1415201 0.2030193 0.1427061 0.1423885 0.1241140 0.1311906 0.1454182 
HQ015397.1_Cyclosalpa_quadriluminis   0.0410993 0.0093863 0.1217146 0.1324595 0.0000010 0.1040836 0.0334815 0.1013452 0.3453812 0.0357372 0.1273539 0.0000000 0.1123320 0.1129828 0.3075640 0.5296335 0.0000010 0.0388987 0.0402692 0.1230409 0.0334815 0.1012947 0.0376014 0.1122511 0.1122511 0.1302611 0.1033233 0.0723354 0.0342785 0.0000010 0.1122511 0.0718265 0.0711425 0.0303229 0.0777793 0.0000010 0.3192506 0.1498421 0.0303402 0.0100285 0.2000846 0.0373846 0.1016858 0.0718265 0.1750902 0.0402692 0.0376014 0.1224281 0.0093863 0.1133700 
HQ015383.1_Pyrosomella_verticillata   0.1025870 0.1040940 0.0739954 0.0740601 0.1166647 0.0325169 0.1216760 0.1527333 0.3308383 0.1186821 0.1413325 0.1123320 0.0000000 0.0000010 0.2889929 0.4727660 0.1159969 0.1209238 0.1023688 0.0737826 0.1203698 0.1459662 0.1273518 0.0011527 0.0011699 0.0664056 0.1458981 0.1034161 0.1216633 0.1161605 0.0011505 0.1341937 0.1318619 0.1124575 0.1542622 0.1161550 0.2660324 0.0957345 0.1137898 0.1079100 0.1542894 0.0942618 0.1643000 0.1352139 0.1470042 0.1028411 0.1266013 0.0718574 0.1067851 0.0000010 
HQ015384.1_Pyrosoma_godeauxi          0.1051659 0.1078571 0.0763050 0.0774398 0.1185811 0.0342414 0.1240280 0.1587090 0.3443940 0.1256028 0.1474794 0.1129828 0.0000010 0.0000000 0.3041445 0.4961593 0.1201217 0.1250384 0.1070699 0.0752123 0.1244470 0.1534291 0.1300601 0.0011904 0.0011875 0.0677298 0.1495461 0.1064207 0.1272570 0.1182785 0.0023736 0.1420609 0.1380571 0.1190217 0.1616350 0.1194640 0.2735497 0.1011764 0.1169122 0.1123761 0.1590638 0.0977173 0.1693154 0.1400018 0.1470042 0.1066523 0.1300601 0.0715713 0.1112549 0.0000010 
M97571.1_Branchiostoma_floridae       0.3055046 0.3202976 0.2443845 0.2454896 0.3186977 0.2692238 0.3322074 0.3644840 0.4540454 0.3131206 0.3367594 0.3075640 0.2889929 0.3041445 0.0000000 0.5044563 0.3086732 0.3423761 0.2922594 0.2563342 0.3272684 0.3539655 0.3429405 0.2897673 0.2952723 0.2646580 0.3604124 0.2764404 0.3231858 0.3177490 0.2849321 0.3569993 0.3671041 0.3092662 0.3476330 0.3153154 0.2421007 0.2620355 0.3166264 0.3071362 0.2857218 0.2623718 0.3559564 0.3663422 0.3186745 0.3027529 0.3414016 0.2547860 0.3150832 0.3009185 
M97574.1_Myxine_glutinosa             0.5385242 0.5268857 0.4848897 0.4789805 0.5301190 0.4515104 0.5375763 0.5747106 0.8929055 0.5264230 0.5555295 0.5296335 0.4727660 0.4961593 0.5044563 0.0000000 0.5270214 0.5508421 0.5107584 0.4724259 0.5336364 0.5711394 0.5193825 0.4743078 0.4758313 0.4851953 0.5916078 0.4912897 0.5325083 0.5332128 0.4720215 0.5184396 0.5243226 0.5064725 0.5190361 0.5342449 0.3943204 0.4875835 0.5208401 0.5178148 0.5160933 0.4908022 0.6013239 0.5330543 0.5258525 0.5160849 0.5167585 0.4543535 0.5263256 0.4846231 
HQ015394.1_Cyclosalpa_polae           0.0431400 0.0102263 0.1231214 0.1328638 0.0000010 0.1023446 0.0366036 0.1044767 0.3526490 0.0434920 0.1338839 0.0000010 0.1159969 0.1201217 0.3086732 0.5270214 0.0000000 0.0418359 0.0463443 0.1314826 0.0363826 0.1036945 0.0402009 0.1162121 0.1159942 0.1356698 0.1064787 0.0765738 0.0414379 0.0000010 0.1141294 0.0747190 0.0747883 0.0318229 0.0820189 0.0000010 0.3198536 0.1503829 0.0314933 0.0102070 0.1971918 0.0373174 0.1082318 0.0749010 0.1750902 0.0424080 0.0400792 0.1272025 0.0100446 0.1200105 
HQ015405.1_Salpa_aspera               0.0473770 0.0420015 0.1352680 0.1475730 0.0423904 0.1206829 0.0091127 0.1127559 0.3698358 0.0115242 0.1393677 0.0388987 0.1209238 0.1250384 0.3423761 0.5508421 0.0418359 0.0000000 0.0439298 0.1401225 0.0090402 0.1127058 0.0369536 0.1208411 0.1222509 0.1438675 0.1102140 0.0915704 0.0096719 0.0422330 0.1208411 0.0751879 0.0745254 0.0329827 0.0868885 0.0420590 0.3471761 0.1566498 0.0322693 0.0370814 0.2092599 0.0366355 0.1148478 0.0751879 0.1990039 0.0440991 0.0367761 0.1406187 0.0434507 0.1246695 
HQ015400.1_Iasis_cylindrica           0.0059749 0.0394016 0.1236413 0.1314372 0.0419910 0.0996743 0.0396213 0.1010219 0.3510620 0.0461500 0.1452546 0.0402692 0.1023688 0.1070699 0.2922594 0.5107584 0.0463443 0.0439298 0.0000000 0.1323202 0.0394089 0.0994071 0.0402951 0.1025518 0.1032796 0.1280749 0.0958725 0.0781298 0.0442794 0.0417489 0.1007544 0.0607074 0.0612284 0.0346214 0.0746317 0.0418585 0.3105827 0.1481583 0.0343509 0.0359115 0.1938380 0.0000010 0.1158448 0.0607135 0.1774130 0.0005865 0.0401729 0.1224797 0.0400143 0.1066936 
FM244840.1_Clavelina_meridionalis     0.1275571 0.1281462 0.0474810 0.0561932 0.1290730 0.0596690 0.1383000 0.1493125 0.3163422 0.1409382 0.1256211 0.1230409 0.0737826 0.0752123 0.2563342 0.4724259 0.1314826 0.1401225 0.1323202 0.0000000 0.1387776 0.1438773 0.1403593 0.0757245 0.0754961 0.0476809 0.1469488 0.1037543 0.1424440 0.1287372 0.0744815 0.1540000 0.1533348 0.1363740 0.1582754 0.1287026 0.2493613 0.0779106 0.1318548 0.1260828 0.1297585 0.1173984 0.1516012 0.1552578 0.1528382 0.1311339 0.1406899 0.0175475 0.1295180 0.0723369 
HQ015408.1_Salpa_maxima               0.0435916 0.0395104 0.1339934 0.1449844 0.0368563 0.1190476 0.0000010 0.1059828 0.3639076 0.0083702 0.1377829 0.0334815 0.1203698 0.1244470 0.3272684 0.5336364 0.0363826 0.0090402 0.0394089 0.1387776 0.0000000 0.1059337 0.0351512 0.1205978 0.1216848 0.1450073 0.1034966 0.0849830 0.0005852 0.0367215 0.1202877 0.0712650 0.0709164 0.0278741 0.0798400 0.0367195 0.3315306 0.1577811 0.0271807 0.0346368 0.2129085 0.0323067 0.1055097 0.0712650 0.1878583 0.0395590 0.0349844 0.1414327 0.0409381 0.1247151 
HQ015388.1_Pegea_bicaudata            0.1017707 0.1034563 0.1415733 0.1478767 0.1061481 0.1186572 0.1066989 0.0034608 0.3897171 0.1087393 0.1461344 0.1012947 0.1459662 0.1534291 0.3539655 0.5711394 0.1036945 0.1127058 0.0994071 0.1438773 0.1059337 0.0000000 0.1193548 0.1462591 0.1483950 0.1569895 0.0090250 0.0931456 0.1050929 0.1054389 0.1435135 0.1281248 0.1305256 0.1086668 0.1301666 0.1057695 0.3415998 0.1691136 0.1105304 0.0979305 0.2253208 0.0882785 0.1460524 0.1311704 0.2058808 0.1027730 0.1189376 0.1421833 0.1031411 0.1527363 
HQ015404.1_Brooksia_rostrata          0.0463167 0.0422747 0.1383001 0.1527748 0.0406938 0.1128852 0.0350587 0.1202941 0.3680077 0.0339845 0.1429055 0.0376014 0.1273518 0.1300601 0.3429405 0.5193825 0.0402009 0.0369536 0.0402951 0.1403593 0.0351512 0.1193548 0.0000000 0.1275983 0.1271691 0.1477564 0.1205916 0.0886614 0.0355033 0.0405777 0.1253360 0.0677169 0.0681924 0.0272084 0.0850814 0.0409019 0.3275911 0.1524609 0.0266465 0.0372974 0.2129615 0.0337916 0.1147670 0.0683567 0.1905278 0.0415251 0.0000010 0.1352606 0.0431860 0.1300563 
HQ015381.1_Pyrosoma_atlanticum        0.1015142 0.1042806 0.0758865 0.0759351 0.1168840 0.0325621 0.1219090 0.1530437 0.3317926 0.1189036 0.1416103 0.1122511 0.0011527 0.0011904 0.2897673 0.4743078 0.1162121 0.1208411 0.1025518 0.0757245 0.1205978 0.1462591 0.1275983 0.0000000 0.0000010 0.0682697 0.1461925 0.1035998 0.1218946 0.1163779 0.0000010 0.1344534 0.1317752 0.1126633 0.1545813 0.1160750 0.2667258 0.0978508 0.1140006 0.1081038 0.1523575 0.0941924 0.1646479 0.1354762 0.1469077 0.1030259 0.1268448 0.0737967 0.1069774 0.0012045 
HQ015380.1_Pyrosomella_verticillata   0.1031726 0.1055357 0.0751870 0.0772283 0.1164972 0.0324743 0.1215925 0.1535318 0.3359704 0.1213001 0.1426690 0.1122511 0.0011699 0.0011875 0.2952723 0.4758313 0.1159942 0.1222509 0.1032796 0.0754961 0.1216848 0.1483950 0.1271691 0.0000010 0.0000000 0.0680674 0.1468068 0.1044168 0.1229027 0.1159942 0.0000010 0.1372111 0.1349383 0.1149054 0.1563404 0.1168404 0.2624182 0.0996147 0.1138738 0.1102270 0.1528858 0.0955832 0.1663920 0.1372111 0.1469077 0.1032796 0.1267284 0.0735731 0.1073581 0.0012045 
AB104873.1_Perophora_sagamiensis      0.1342400 0.1333370 0.0377847 0.0429143 0.1370448 0.0549547 0.1445088 0.1592621 0.3158660 0.1430764 0.1401560 0.1302611 0.0664056 0.0677298 0.2646580 0.4851953 0.1356698 0.1438675 0.1280749 0.0476809 0.1450073 0.1569895 0.1477564 0.0682697 0.0680674 0.0000000 0.1590222 0.1047985 0.1448479 0.1366873 0.0674840 0.1617897 0.1610017 0.1363732 0.1791769 0.1367062 0.2282036 0.0571932 0.1355913 0.1327042 0.1320618 0.1186806 0.1598312 0.1628900 0.1512278 0.1305553 0.1477564 0.0446332 0.1309555 0.0646352 
HQ015386.1_Pegea_confoederata         0.0964701 0.1043129 0.1440993 0.1505904 0.1081528 0.1249426 0.1038283 0.0102928 0.3915336 0.1084684 0.1425238 0.1033233 0.1458981 0.1495461 0.3604124 0.5916078 0.1064787 0.1102140 0.0958725 0.1469488 0.1034966 0.0090250 0.1205916 0.1461925 0.1468068 0.1590222 0.0000000 0.0967837 0.1041679 0.1074287 0.1450420 0.1276154 0.1280723 0.1083771 0.1274109 0.1077665 0.3548049 0.1766615 0.1073859 0.1007821 0.2305386 0.0837841 0.1542043 0.1277314 0.2089681 0.0974508 0.1199013 0.1485732 0.1046610 0.1510674 
HQ015390.1_Thetys_vagina              0.0807214 0.0778692 0.1033331 0.1121352 0.0778646 0.0810446 0.0855681 0.0927640 0.3273422 0.0878112 0.0605383 0.0723354 0.1034161 0.1064207 0.2764404 0.4912897 0.0765738 0.0915704 0.0781298 0.1037543 0.0849830 0.0931456 0.0886614 0.1035998 0.1044168 0.1047985 0.0967837 0.0000000 0.0857894 0.0773729 0.1030213 0.1028393 0.1029560 0.0828349 0.1036476 0.0775997 0.2735914 0.1243291 0.0819480 0.0733854 0.1794669 0.0641852 0.1196084 0.1028393 0.1655367 0.0795988 0.0881848 0.0983839 0.0768553 0.1056397 
HQ015407.1_Salpa_maxima               0.0442975 0.0403101 0.1336512 0.1425726 0.0376265 0.1184407 0.0005883 0.1058733 0.3610626 0.0149515 0.1446693 0.0342785 0.1216633 0.1272570 0.3231858 0.5325083 0.0414379 0.0096719 0.0442794 0.1424440 0.0005852 0.1050929 0.0355033 0.1218946 0.1229027 0.1448479 0.1041679 0.0857894 0.0000000 0.0374106 0.1196692 0.0718893 0.0718998 0.0280764 0.0794313 0.0375080 0.3293395 0.1664083 0.0277344 0.0353102 0.2110768 0.0330878 0.1055753 0.0720358 0.1895912 0.0411067 0.0353955 0.1401372 0.0409099 0.1260861 
HQ015396.1_Cyclosalpa_polae           0.0433996 0.0096847 0.1257614 0.1365390 0.0000010 0.1036038 0.0366243 0.1054884 0.3624132 0.0396116 0.1314017 0.0000010 0.1161605 0.1182785 0.3177490 0.5332128 0.0000010 0.0422330 0.0417489 0.1287372 0.0367215 0.1054389 0.0405777 0.1163779 0.1159942 0.1366873 0.1074287 0.0773729 0.0374106 0.0000000 0.1157041 0.0747318 0.0746168 0.0319118 0.0831609 0.0000010 0.3229576 0.1493939 0.0319294 0.0096663 0.1989296 0.0368966 0.1091480 0.0747318 0.1750902 0.0426134 0.0404623 0.1291860 0.0096614 0.1200105 
HQ015382.1_Pyrosomella_verticillata   0.1021911 0.1040210 0.0746737 0.0747319 0.1164972 0.0320904 0.1211916 0.1501546 0.3260270 0.1167650 0.1389941 0.1122511 0.0011505 0.0023736 0.2849321 0.4720215 0.1141294 0.1208411 0.1007544 0.0744815 0.1202877 0.1435135 0.1253360 0.0000010 0.0000010 0.0674840 0.1450420 0.1030213 0.1196692 0.1157041 0.0000000 0.1321071 0.1317752 0.1106641 0.1516167 0.1160750 0.2654339 0.0962035 0.1127927 0.1074969 0.1494937 0.0941924 0.1622718 0.1346821 0.1469077 0.1037725 0.1248878 0.0725805 0.1050981 0.0012045 
HQ015415.1_Thalia_democratica         0.0671475 0.0708875 0.1570070 0.1624075 0.0751964 0.1309742 0.0717386 0.1317810 0.3340437 0.0692181 0.1403357 0.0718265 0.1341937 0.1420609 0.3569993 0.5184396 0.0747190 0.0751879 0.0607074 0.1540000 0.0712650 0.1281248 0.0677169 0.1344534 0.1372111 0.1617897 0.1276154 0.1028393 0.0718893 0.0747318 0.1321071 0.0000000 0.0017527 0.0636396 0.0366884 0.0749458 0.3435888 0.1783418 0.0641111 0.0682311 0.2348660 0.0515995 0.1192430 0.0005783 0.1951286 0.0619526 0.0675001 0.1522821 0.0712840 0.1410223 
HQ015413.1_Thalia_democratica         0.0667317 0.0705419 0.1601271 0.1643758 0.0749129 0.1306175 0.0715993 0.1343754 0.3455325 0.0700611 0.1417381 0.0711425 0.1318619 0.1380571 0.3671041 0.5243226 0.0747883 0.0745254 0.0612284 0.1533348 0.0709164 0.1305256 0.0681924 0.1317752 0.1349383 0.1610017 0.1280723 0.1029560 0.0718998 0.0746168 0.1317752 0.0017527 0.0000000 0.0634861 0.0381845 0.0742846 0.3470225 0.1797381 0.0641412 0.0680695 0.2358303 0.0516732 0.1191177 0.0023394 0.1996610 0.0614772 0.0678405 0.1526899 0.0712821 0.1378302 
HQ015411.1_Ritteriella_retracta       0.0362995 0.0323990 0.1255514 0.1365039 0.0320921 0.1044186 0.0280405 0.1105886 0.3362495 0.0277256 0.1396023 0.0303229 0.1124575 0.1190217 0.3092662 0.5064725 0.0318229 0.0329827 0.0346214 0.1363740 0.0278741 0.1086668 0.0272084 0.1126633 0.1149054 0.1363732 0.1083771 0.0828349 0.0280764 0.0319118 0.1106641 0.0636396 0.0634861 0.0000000 0.0735786 0.0319929 0.3138378 0.1460619 0.0005810 0.0276501 0.1995317 0.0283546 0.1141342 0.0644472 0.1856780 0.0361386 0.0271281 0.1319174 0.0337822 0.1188870 
HQ015412.1_Thalia_orientalis          0.0825712 0.0813155 0.1669138 0.1772719 0.0836946 0.1500522 0.0803862 0.1313624 0.3706370 0.0810569 0.1420997 0.0777793 0.1542622 0.1616350 0.3476330 0.5190361 0.0820189 0.0868885 0.0746317 0.1582754 0.0798400 0.1301666 0.0850814 0.1545813 0.1563404 0.1791769 0.1274109 0.1036476 0.0794313 0.0831609 0.1516167 0.0366884 0.0381845 0.0735786 0.0000000 0.0834077 0.3458141 0.1995398 0.0754226 0.0817631 0.2400419 0.0600810 0.1195597 0.0371487 0.2145059 0.0771951 0.0847995 0.1561952 0.0798641 0.1610955 
HQ015398.1_Cyclosalpa_sewelli         0.0426704 0.0096842 0.1248673 0.1357886 0.0000010 0.1046067 0.0368963 0.1058192 0.3596080 0.0397153 0.1318317 0.0000010 0.1161550 0.1194640 0.3153154 0.5342449 0.0000010 0.0420590 0.0418585 0.1287026 0.0367195 0.1057695 0.0409019 0.1160750 0.1168404 0.1367062 0.1077665 0.0775997 0.0375080 0.0000010 0.1160750 0.0749458 0.0742846 0.0319929 0.0834077 0.0000000 0.3248600 0.1484665 0.0320106 0.0096891 0.2000254 0.0366952 0.1094919 0.0749458 0.1750902 0.0418827 0.0407062 0.1305015 0.0096842 0.1200105 
M91181.1_Echinorhinus_cookei          0.3154575 0.3300794 0.2572730 0.2581442 0.3221520 0.2456522 0.3300019 0.3442486 0.4607952 0.3290470 0.3228720 0.3192506 0.2660324 0.2735497 0.2421007 0.3943204 0.3198536 0.3471761 0.3105827 0.2493613 0.3315306 0.3415998 0.3275911 0.2667258 0.2624182 0.2282036 0.3548049 0.2735914 0.3293395 0.3229576 0.2654339 0.3435888 0.3470225 0.3138378 0.3458141 0.3248600 0.0000000 0.2625675 0.3163330 0.3165068 0.2760306 0.2950683 0.3586989 0.3484977 0.3561672 0.3161851 0.3261406 0.2494267 0.3256815 0.2683816 
L12378.2_Ascidia_ceratodes            0.1448664 0.1446782 0.0661156 0.0698532 0.1504729 0.0738578 0.1590367 0.1727521 0.3356214 0.1715685 0.1692397 0.1498421 0.0957345 0.1011764 0.2620355 0.4875835 0.1503829 0.1566498 0.1481583 0.0779106 0.1577811 0.1691136 0.1524609 0.0978508 0.0996147 0.0571932 0.1766615 0.1243291 0.1664083 0.1493939 0.0962035 0.1783418 0.1797381 0.1460619 0.1995398 0.1484665 0.2625675 0.0000000 0.1490001 0.1418593 0.1469240 0.1350695 0.1833203 0.1827399 0.1708001 0.1412722 0.1518951 0.0684579 0.1420478 0.0982948 
HQ015410.1_Ritteriella_retracta       0.0355807 0.0332097 0.1264188 0.1403316 0.0321100 0.1041983 0.0273428 0.1101246 0.3378868 0.0276263 0.1408463 0.0303402 0.1137898 0.1169122 0.3166264 0.5208401 0.0314933 0.0322693 0.0343509 0.1318548 0.0271807 0.1105304 0.0266465 0.1140006 0.1138738 0.1355913 0.1073859 0.0819480 0.0277344 0.0319294 0.1127927 0.0641111 0.0641412 0.0005810 0.0754226 0.0320106 0.3163330 0.1490001 0.0000000 0.0279063 0.2023746 0.0284330 0.1147541 0.0643327 0.1843855 0.0354234 0.0265251 0.1322092 0.0343605 0.1178090 
HQ015393.1_Cyclosalpa_floridana       0.0384524 0.0108543 0.1229044 0.1318960 0.0097178 0.0998190 0.0348447 0.1003998 0.3607185 0.0328286 0.1294644 0.0100285 0.1079100 0.1123761 0.3071362 0.5178148 0.0102070 0.0370814 0.0359115 0.1260828 0.0346368 0.0979305 0.0372974 0.1081038 0.1102270 0.1327042 0.1007821 0.0733854 0.0353102 0.0096663 0.1074969 0.0682311 0.0680695 0.0276501 0.0817631 0.0096891 0.3165068 0.1418593 0.0279063 0.0000000 0.1965815 0.0310982 0.1138245 0.0690134 0.1765682 0.0368625 0.0371230 0.1239958 0.0126653 0.1139615 
AY903925.1_Halocynthia_igaboja        0.2008710 0.2015397 0.1241244 0.1192220 0.2004609 0.1396641 0.2128041 0.2333634 0.3446537 0.2099972 0.2209123 0.2000846 0.1542894 0.1590638 0.2857218 0.5160933 0.1971918 0.2092599 0.1938380 0.1297585 0.2129085 0.2253208 0.2129615 0.1523575 0.1528858 0.1320618 0.2305386 0.1794669 0.2110768 0.1989296 0.1494937 0.2348660 0.2358303 0.1995317 0.2400419 0.2000254 0.2760306 0.1469240 0.2023746 0.1965815 0.0000000 0.1824676 0.2425751 0.2389681 0.2398803 0.1993411 0.2121142 0.1302867 0.1980156 0.1584802 
HQ015402.1_Iasis_cylindrica           0.0049003 0.0337235 0.1113708 0.1206854 0.0370351 0.0950536 0.0325945 0.0891644 0.3128455 0.0313822 0.1245450 0.0373846 0.0942618 0.0977173 0.2623718 0.4908022 0.0373174 0.0366355 0.0000010 0.1173984 0.0323067 0.0882785 0.0337916 0.0941924 0.0955832 0.1186806 0.0837841 0.0641852 0.0330878 0.0368966 0.0941924 0.0515995 0.0516732 0.0283546 0.0600810 0.0366952 0.2950683 0.1350695 0.0284330 0.0310982 0.1824676 0.0000000 0.1001257 0.0523627 0.1653127 0.0000010 0.0336282 0.1125284 0.0351508 0.0980471 
HQ015378.1_Ihlea_racovitzai           0.1186070 0.1107701 0.1497202 0.1621732 0.1098849 0.1378193 0.1062793 0.1427123 0.3609835 0.1074977 0.1652442 0.1016858 0.1643000 0.1693154 0.3559564 0.6013239 0.1082318 0.1148478 0.1158448 0.1516012 0.1055097 0.1460524 0.1147670 0.1646479 0.1663920 0.1598312 0.1542043 0.1196084 0.1055753 0.1091480 0.1622718 0.1192430 0.1191177 0.1141342 0.1195597 0.1094919 0.3586989 0.1833203 0.1147541 0.1138245 0.2425751 0.1001257 0.0000000 0.1200534 0.2157584 0.1187128 0.1141105 0.1594605 0.1095896 0.1683297 
HQ015414.1_Thalia_democratica         0.0671475 0.0716862 0.1595824 0.1650868 0.0751964 0.1325465 0.0717386 0.1349947 0.3391499 0.0710074 0.1415201 0.0718265 0.1352139 0.1400018 0.3663422 0.5330543 0.0749010 0.0751879 0.0607135 0.1552578 0.0712650 0.1311704 0.0683567 0.1354762 0.1372111 0.1628900 0.1277314 0.1028393 0.0720358 0.0747318 0.1346821 0.0005783 0.0023394 0.0644472 0.0371487 0.0749458 0.3484977 0.1827399 0.0643327 0.0690134 0.2389681 0.0523627 0.1200534 0.0000000 0.1951286 0.0619526 0.0680068 0.1546049 0.0722176 0.1410223 
HQ015376.1_Doliolum_denticulatum      0.1767656 0.1815121 0.1451008 0.1518609 0.1750902 0.1387113 0.1878583 0.2094521 0.4058924 0.1854266 0.2030193 0.1750902 0.1470042 0.1470042 0.3186745 0.5258525 0.1750902 0.1990039 0.1774130 0.1528382 0.1878583 0.2058808 0.1905278 0.1469077 0.1469077 0.1512278 0.2089681 0.1655367 0.1895912 0.1750902 0.1469077 0.1951286 0.1996610 0.1856780 0.2145059 0.1750902 0.3561672 0.1708001 0.1843855 0.1765682 0.2398803 0.1653127 0.2157584 0.1951286 0.0000000 0.1774130 0.1905278 0.1489047 0.1790227 0.1475277 
HQ015401.1_Iasis_cylindrica           0.0066062 0.0395516 0.1267373 0.1365783 0.0419910 0.1022297 0.0404741 0.1036812 0.3610914 0.0402017 0.1427061 0.0402692 0.1028411 0.1066523 0.3027529 0.5160849 0.0424080 0.0440991 0.0005865 0.1311339 0.0395590 0.1027730 0.0415251 0.1030259 0.1032796 0.1305553 0.0974508 0.0795988 0.0411067 0.0426134 0.1037725 0.0619526 0.0614772 0.0361386 0.0771951 0.0418827 0.3161851 0.1412722 0.0354234 0.0368625 0.1993411 0.0000010 0.1187128 0.0619526 0.1774130 0.0000000 0.0413268 0.1258785 0.0417284 0.1066936 
HQ015403.1_Brooksia_rostrata          0.0460922 0.0420725 0.1377982 0.1522137 0.0406938 0.1131338 0.0349395 0.1198735 0.3663135 0.0338817 0.1423885 0.0376014 0.1266013 0.1300601 0.3414016 0.5167585 0.0400792 0.0367761 0.0401729 0.1406899 0.0349844 0.1189376 0.0000010 0.1268448 0.1267284 0.1477564 0.1199013 0.0881848 0.0353955 0.0404623 0.1248878 0.0675001 0.0678405 0.0271281 0.0847995 0.0407062 0.3261406 0.1518951 0.0265251 0.0371230 0.2121142 0.0336282 0.1141105 0.0680068 0.1905278 0.0413268 0.0000000 0.1355748 0.0430547 0.1300563 
FM244841.1_Pycnoclavella_aff._detorta 0.1251872 0.1266087 0.0405563 0.0479885 0.1295212 0.0536496 0.1409475 0.1471778 0.3274723 0.1398706 0.1241140 0.1224281 0.0718574 0.0715713 0.2547860 0.4543535 0.1272025 0.1406187 0.1224797 0.0175475 0.1414327 0.1421833 0.1352606 0.0737967 0.0735731 0.0446332 0.1485732 0.0983839 0.1401372 0.1291860 0.0725805 0.1522821 0.1526899 0.1319174 0.1561952 0.1305015 0.2494267 0.0684579 0.1322092 0.1239958 0.1302867 0.1125284 0.1594605 0.1546049 0.1489047 0.1258785 0.1355748 0.0000000 0.1233253 0.0696389 
HQ015391.1_Cyclosalpa_affinis         0.0419420 0.0011657 0.1167778 0.1300711 0.0097129 0.0983533 0.0411899 0.1048706 0.3494225 0.0414174 0.1311906 0.0093863 0.1067851 0.1112549 0.3150832 0.5263256 0.0100446 0.0434507 0.0400143 0.1295180 0.0409381 0.1031411 0.0431860 0.1069774 0.1073581 0.1309555 0.1046610 0.0768553 0.0409099 0.0096614 0.1050981 0.0712840 0.0712821 0.0337822 0.0798641 0.0096842 0.3256815 0.1420478 0.0343605 0.0126653 0.1980156 0.0351508 0.1095896 0.0722176 0.1790227 0.0417284 0.0430547 0.1233253 0.0000000 0.1109622 
HQ015385.1_Pyrosoma_atlanticum        0.1052537 0.1089782 0.0743727 0.0747568 0.1200105 0.0327383 0.1247151 0.1581168 0.3407230 0.1219388 0.1454182 0.1133700 0.0000010 0.0000010 0.3009185 0.4846231 0.1200105 0.1246695 0.1066936 0.0723369 0.1247151 0.1527363 0.1300563 0.0012045 0.0012045 0.0646352 0.1510674 0.1056397 0.1260861 0.1200105 0.0012045 0.1410223 0.1378302 0.1188870 0.1610955 0.1200105 0.2683816 0.0982948 0.1178090 0.1139615 0.1584802 0.0980471 0.1683297 0.1410223 0.1475277 0.1066936 0.1300563 0.0696389 0.1109622 0.0000000 
