52
AB075543.1_Megalodicopia_hians        0.0000000 0.3173641 0.1371867 0.1317614 0.1356450 0.1120219 0.4809201 0.1401765 0.2452518 0.1526009 0.1373548 0.0561358 0.1410597 0.1333661 0.1620125 0.0428814 0.1323167 0.0739918 0.1622294 0.1477739 0.2561425 0.1422530 0.1649138 0.1552157 0.0771550 0.0697909 0.1517229 0.0607205 0.1520414 0.1363489 0.0746611 0.1642036 0.1448349 0.1363924 0.0479423 0.0340441 0.0773661 0.1205417 0.1299251 0.1477289 0.1299838 0.0155346 0.1474231 0.1317184 0.1770864 0.1364194 0.1393254 0.1191051 0.1504284 0.0758641 0.0746884 0.1459554 
AB013014.1_Oikopleura_dioica          0.3173641 0.0000000 0.3422209 0.3602989 0.3591747 0.3270341 0.8921632 0.3375141 0.4536185 0.3675698 0.3652284 0.3160592 0.3605969 0.3541329 0.3606360 0.3156456 0.3449894 0.3305645 0.3336625 0.3034292 0.4573347 0.3497708 0.3387598 0.3907945 0.3356874 0.3353594 0.4054780 0.3136851 0.3658797 0.3358758 0.3257553 0.3451402 0.3634436 0.3619683 0.3271626 0.2755404 0.3440935 0.3125947 0.3489642 0.3890677 0.3507308 0.3032225 0.3693857 0.3522245 0.3701882 0.3607354 0.3534852 0.3443695 0.3909005 0.3315187 0.3404606 0.3676389 
HQ015389.1_Soestia_zonaria            0.1371867 0.3422209 0.0000000 0.1293315 0.1316908 0.0604872 0.5575598 0.1406968 0.3364673 0.1427580 0.1321754 0.1254958 0.1431562 0.1353744 0.1651293 0.1400221 0.1272216 0.1412032 0.1401769 0.2069129 0.3226891 0.1419408 0.1413646 0.1452164 0.1425380 0.1676029 0.2028672 0.1135819 0.1422423 0.1394488 0.1388634 0.1415850 0.1376423 0.1312613 0.1239936 0.1321979 0.1473430 0.1244212 0.1310418 0.1459854 0.1437487 0.1335837 0.1392304 0.1324339 0.1419448 0.1425672 0.1430895 0.2207394 0.1423752 0.1414797 0.1452915 0.1385702 
HQ015393.1_Cyclosalpa_floridana       0.1317614 0.3602989 0.1293315 0.0000000 0.0096853 0.0733300 0.5197526 0.0278876 0.3067948 0.0372719 0.0097139 0.1259758 0.0352875 0.0108495 0.1137307 0.1325807 0.0100246 0.1078215 0.0681722 0.2598954 0.3137886 0.0328079 0.0689544 0.1003022 0.1101349 0.1417464 0.1763950 0.0997303 0.0370978 0.0276316 0.1074079 0.0680103 0.0346149 0.0096625 0.1238803 0.1244342 0.1122832 0.0310768 0.0126595 0.0978394 0.0358860 0.1227932 0.0370553 0.0102029 0.0816931 0.0368362 0.0384216 0.1963924 0.1006776 0.1080142 0.1138673 0.0348225 
HQ015398.1_Cyclosalpa_sewelli         0.1356450 0.3591747 0.1316908 0.0096853 0.0000000 0.0775379 0.5360321 0.0319872 0.3148943 0.0408703 0.0000010 0.1285839 0.0374804 0.0096802 0.1093879 0.1365728 0.0000010 0.1160546 0.0748732 0.2544856 0.3220229 0.0396862 0.0748732 0.1057138 0.1167386 0.1483399 0.1749031 0.1045083 0.0406749 0.0319694 0.1159738 0.0742123 0.0366929 0.0000010 0.1303754 0.1312566 0.1193608 0.0366669 0.0096802 0.1056677 0.0418252 0.1247466 0.0420263 0.0000010 0.0833356 0.0418495 0.0426341 0.1998105 0.1076518 0.1159738 0.1199067 0.0368695 
HQ015390.1_Thetys_vagina              0.1120219 0.3270341 0.0604872 0.0733300 0.0775379 0.0000000 0.4934412 0.0818786 0.2762257 0.0885875 0.0778019 0.1036682 0.0857247 0.0778072 0.1195338 0.1047062 0.0722820 0.1033306 0.1027586 0.1664322 0.2711349 0.0877510 0.1027586 0.0926737 0.1043295 0.1242233 0.1654084 0.0809720 0.0881116 0.0827630 0.1029354 0.1028748 0.0849196 0.0773114 0.0982919 0.0976982 0.1063327 0.0641412 0.0767939 0.0930549 0.0780707 0.1032409 0.0915042 0.0765131 0.1035626 0.0795389 0.0806544 0.1793188 0.0966897 0.1035133 0.1055563 0.0855040 
M97574.1_Myxine_glutinosa             0.4809201 0.8921632 0.5575598 0.5197526 0.5360321 0.4934412 0.0000000 0.5228278 0.5063517 0.5213983 0.5319387 0.4744235 0.5343489 0.5287445 0.6028468 0.4871175 0.5315199 0.4747534 0.5203628 0.6382682 0.3963311 0.5282671 0.5349906 0.5764277 0.4778482 0.4893589 0.5277805 0.4535231 0.5187720 0.5084594 0.4740240 0.5262333 0.5354866 0.5350442 0.4562941 0.4917306 0.4982201 0.4928599 0.5281919 0.5728763 0.5127284 0.4868102 0.5526306 0.5288028 0.5207654 0.5180505 0.5404172 0.5179920 0.5933274 0.4763009 0.4867017 0.5394657 
HQ015410.1_Ritteriella_retracta       0.1401765 0.3375141 0.1406968 0.0278876 0.0319872 0.0818786 0.5228278 0.0000000 0.3162106 0.0266297 0.0320861 0.1317291 0.0277168 0.0331838 0.1146452 0.1354361 0.0303178 0.1136756 0.0640619 0.2477863 0.3136073 0.0276104 0.0642833 0.1100101 0.1137586 0.1488467 0.1841969 0.1040895 0.0265086 0.0005808 0.1126786 0.0640917 0.0271638 0.0319061 0.1320701 0.1222625 0.1167942 0.0284107 0.0343342 0.1104197 0.0343240 0.1262905 0.0322477 0.0314706 0.0753576 0.0353954 0.0355519 0.2021480 0.1072684 0.1138852 0.1176901 0.0273256 
M97571.1_Branchiostoma_floridae       0.2452518 0.4536185 0.3364673 0.3067948 0.3148943 0.2762257 0.5063517 0.3162106 0.0000000 0.3425471 0.3182647 0.2561199 0.3228024 0.3198583 0.3556744 0.2644448 0.3072054 0.2887575 0.3566040 0.2966798 0.2400585 0.3127561 0.3659349 0.3640809 0.2950215 0.2618228 0.3183217 0.2690062 0.3410117 0.3088780 0.2847074 0.3666701 0.3268702 0.3173294 0.2545505 0.2458492 0.3038889 0.2621137 0.3146637 0.3536015 0.2919207 0.2441565 0.3419597 0.3082717 0.3472774 0.3023893 0.3051555 0.2855385 0.3600850 0.2895316 0.3006551 0.3318087 
HQ015404.1_Brooksia_rostrata          0.1526009 0.3675698 0.1427580 0.0372719 0.0408703 0.0885875 0.5213983 0.0266297 0.3425471 0.0000000 0.0406622 0.1402391 0.0354784 0.0422408 0.1146567 0.1475903 0.0375742 0.1272184 0.0676578 0.2539149 0.3248307 0.0339629 0.0682981 0.1201807 0.1270347 0.1522961 0.1903381 0.1127614 0.0000010 0.0271905 0.1252021 0.0681335 0.0351275 0.0405465 0.1351257 0.1326265 0.1299237 0.0337645 0.0431514 0.1192455 0.0402597 0.1381530 0.0369260 0.0401694 0.0850135 0.0414889 0.0462721 0.2127333 0.1204727 0.1274635 0.1299222 0.0350351 
HQ015395.1_Cyclosalpa_sewelli         0.1373548 0.3652284 0.1321754 0.0097139 0.0000010 0.0778019 0.5319387 0.0320861 0.3182647 0.0406622 0.0000000 0.1289535 0.0375984 0.0097137 0.1097796 0.1369107 0.0000010 0.1165633 0.0751228 0.2544856 0.3193231 0.0398114 0.0751228 0.1060913 0.1163949 0.1503433 0.1749031 0.1037625 0.0406622 0.0320682 0.1163949 0.0748393 0.0368293 0.0000010 0.1293959 0.1312566 0.1184785 0.0370062 0.0097088 0.1060452 0.0419572 0.1265184 0.0423571 0.0000010 0.0836216 0.0419572 0.0436146 0.2002418 0.1080368 0.1167814 0.1199067 0.0368082 
FM244840.1_Clavelina_meridionalis     0.0561358 0.3160592 0.1254958 0.1259758 0.1285839 0.1036682 0.4744235 0.1317291 0.2561199 0.1402391 0.1289535 0.0000000 0.1423298 0.1280255 0.1514739 0.0476430 0.1229285 0.0737144 0.1538764 0.1532213 0.2470720 0.1408251 0.1551371 0.1491772 0.0754254 0.0778430 0.1527396 0.0596197 0.1405702 0.1362368 0.0744109 0.1532134 0.1386722 0.1286183 0.0175394 0.0521040 0.0751408 0.1172928 0.1293906 0.1437520 0.1321949 0.0474390 0.1400206 0.1313567 0.1581429 0.1310147 0.1274353 0.1296360 0.1468184 0.0756535 0.0722719 0.1381949 
HQ015407.1_Salpa_maxima               0.1410597 0.3605969 0.1431562 0.0352875 0.0374804 0.0857247 0.5343489 0.0277168 0.3228024 0.0354784 0.0375984 0.1423298 0.0000000 0.0402784 0.1054660 0.1446918 0.0342544 0.1215449 0.0718212 0.2460338 0.3290592 0.0143032 0.0719702 0.1057650 0.1227819 0.1647355 0.1894139 0.1183301 0.0353711 0.0280572 0.1195501 0.0718339 0.0005850 0.0373831 0.1400197 0.1252177 0.1271297 0.0330633 0.0408775 0.1049911 0.0434450 0.1335262 0.0096677 0.0406200 0.0793569 0.0410743 0.0442604 0.2108418 0.1040582 0.1217750 0.1259651 0.0005881 
HQ015392.1_Cyclosalpa_affinis         0.1333661 0.3541329 0.1353744 0.0108495 0.0096802 0.0778072 0.5287445 0.0331838 0.3198583 0.0422408 0.0097137 0.1280255 0.0402784 0.0000000 0.1106620 0.1332056 0.0093824 0.1040039 0.0708221 0.2593797 0.3272153 0.0393612 0.0716207 0.1042607 0.1054431 0.1445551 0.1813224 0.1006456 0.0420390 0.0323742 0.1039303 0.0704765 0.0394800 0.0096808 0.1264876 0.1317024 0.1077631 0.0336967 0.0011654 0.1033573 0.0393698 0.1196887 0.0419672 0.0102220 0.0812465 0.0395199 0.0405728 0.2013284 0.1041990 0.1041894 0.1088832 0.0398287 
HQ015378.1_Ihlea_racovitzai           0.1620125 0.3606360 0.1651293 0.1137307 0.1093879 0.1195338 0.6028468 0.1146452 0.3556744 0.1146567 0.1097796 0.1514739 0.1054660 0.1106620 0.0000000 0.1596588 0.1015882 0.1641532 0.1191268 0.2599903 0.3557240 0.1073970 0.1199381 0.1425924 0.1662421 0.1831489 0.2155806 0.1376907 0.1140011 0.1140227 0.1621242 0.1190038 0.1054022 0.1090444 0.1593301 0.1598296 0.1691640 0.1000295 0.1094814 0.1459311 0.1157326 0.1495742 0.1147314 0.1081274 0.1194498 0.1185999 0.1184886 0.2423564 0.1540691 0.1644997 0.1681813 0.1061706 
AB104873.1_Perophora_sagamiensis      0.0428814 0.3156456 0.1400221 0.1325807 0.1365728 0.1047062 0.4871175 0.1354361 0.2644448 0.1475903 0.1369107 0.0476430 0.1446918 0.1332056 0.1596588 0.0000000 0.1301376 0.0663478 0.1616298 0.1491715 0.2260299 0.1429260 0.1627303 0.1590967 0.0680073 0.0571482 0.1511141 0.0549096 0.1475903 0.1362136 0.0674242 0.1608413 0.1448525 0.1365538 0.0445970 0.0342010 0.0676709 0.1185595 0.1308247 0.1568267 0.1279359 0.0377579 0.1437239 0.1355364 0.1789894 0.1304147 0.1340948 0.1319287 0.1588484 0.0682093 0.0645810 0.1443546 
HQ015397.1_Cyclosalpa_quadriluminis   0.1323167 0.3449894 0.1272216 0.0100246 0.0000010 0.0722820 0.5315199 0.0303178 0.3072054 0.0375742 0.0000010 0.1229285 0.0342544 0.0093824 0.1015882 0.1301376 0.0000000 0.1122314 0.0717568 0.2544856 0.3163730 0.0357112 0.0717568 0.1012437 0.1121498 0.1497056 0.1749031 0.1039832 0.0375742 0.0303004 0.1121498 0.0710732 0.0334585 0.0000010 0.1223136 0.1312566 0.1128818 0.0373553 0.0093824 0.1011967 0.0402369 0.1215933 0.0388698 0.0000010 0.0777106 0.0402369 0.0410639 0.1998690 0.1032124 0.1121498 0.1132687 0.0334585 
HQ015383.1_Pyrosomella_verticillata   0.0739918 0.3305645 0.1412032 0.1078215 0.1160546 0.1033306 0.4747534 0.1136756 0.2887575 0.1272184 0.1165633 0.0737144 0.1215449 0.1040039 0.1641532 0.0663478 0.1122314 0.0000000 0.1340875 0.1811159 0.2636401 0.1185705 0.1351089 0.1525769 0.0011696 0.0956562 0.1468848 0.0324972 0.1264689 0.1123436 0.0011502 0.1317563 0.1202534 0.1160602 0.0717879 0.0598451 0.0000010 0.0941668 0.1066932 0.1458204 0.1022662 0.0739302 0.1208016 0.1158963 0.1541209 0.1027384 0.1024814 0.1541317 0.1457490 0.0011523 0.0000010 0.1215579 
HQ015415.1_Thalia_democratica         0.1622294 0.3336625 0.1401769 0.0681722 0.0748732 0.1027586 0.5203628 0.0640619 0.3566040 0.0676578 0.0751228 0.1538764 0.0718212 0.0708221 0.1191268 0.1616298 0.0717568 0.1340875 0.0000000 0.2494429 0.3408046 0.0691599 0.0005781 0.1316524 0.1371010 0.1781959 0.1949723 0.1308477 0.0674418 0.0635882 0.1319992 0.0017521 0.0712007 0.0746595 0.1521595 0.1474569 0.1419451 0.0515586 0.0712143 0.1280072 0.0606525 0.1568595 0.0751172 0.0746439 0.0366609 0.0618988 0.0670877 0.2346789 0.1274856 0.1343460 0.1409134 0.0716735 
AB921975.1_Molgula_manhattensis       0.1477739 0.3034292 0.2069129 0.2598954 0.2544856 0.1664322 0.6382682 0.2477863 0.2966798 0.2539149 0.2544856 0.1532213 0.2460338 0.2593797 0.2599903 0.1491715 0.2544856 0.1811159 0.2494429 0.0000000 0.2672157 0.2397015 0.2494429 0.2777346 0.1808990 0.1570228 0.2396413 0.1583015 0.2539149 0.2507457 0.1808990 0.2440077 0.2460338 0.2544856 0.1510059 0.1496174 0.1811159 0.2303145 0.2596273 0.2750069 0.2303145 0.1506596 0.2383340 0.2544856 0.2841219 0.2303145 0.2327367 0.1221100 0.2597198 0.1808990 0.1811159 0.2460338 
M91181.1_Echinorhinus_cookei          0.2561425 0.4573347 0.3226891 0.3137886 0.3220229 0.2711349 0.3963311 0.3136073 0.2400585 0.3248307 0.3193231 0.2470720 0.3290592 0.3272153 0.3557240 0.2260299 0.3163730 0.2636401 0.3408046 0.2672157 0.0000000 0.3287947 0.3456580 0.3414394 0.2600394 0.2617218 0.3530939 0.2434151 0.3233961 0.3111497 0.2630861 0.3441579 0.3287155 0.3201535 0.2471430 0.2209386 0.2710949 0.2924273 0.3229058 0.3387964 0.3103022 0.2550103 0.3442466 0.3171329 0.3429714 0.3134558 0.3127328 0.2737075 0.3518872 0.2643248 0.2659018 0.3272104 
HQ015406.1_Salpa_thompsoni            0.1422530 0.3497708 0.1419408 0.0328079 0.0396862 0.0877510 0.5282671 0.0276104 0.3127561 0.0339629 0.0398114 0.1408251 0.0143032 0.0393612 0.1073970 0.1429260 0.0357112 0.1185705 0.0691599 0.2397015 0.3287947 0.0000000 0.0709497 0.1099509 0.1211840 0.1698951 0.1852463 0.1167848 0.0338606 0.0277084 0.1166527 0.0700030 0.0083669 0.0395826 0.1397508 0.1241508 0.1254804 0.0313606 0.0413835 0.1086374 0.0453107 0.1362530 0.0115190 0.0426641 0.0809848 0.0401728 0.0433306 0.2097778 0.1083573 0.1187909 0.1218226 0.0084132 
HQ015414.1_Thalia_democratica         0.1649138 0.3387598 0.1413646 0.0689544 0.0748732 0.1027586 0.5349906 0.0642833 0.3659349 0.0682981 0.0751228 0.1551371 0.0719702 0.0716207 0.1199381 0.1627303 0.0717568 0.1351089 0.0005781 0.2494429 0.3456580 0.0709497 0.0000000 0.1348673 0.1371010 0.1825975 0.1949723 0.1324208 0.0679488 0.0643980 0.1345765 0.0023386 0.0712007 0.0746595 0.1544831 0.1474569 0.1398911 0.0523216 0.0721501 0.1310541 0.0606609 0.1594404 0.0751172 0.0748283 0.0371214 0.0618988 0.0670877 0.2387883 0.1276013 0.1353699 0.1409134 0.0716735 
HQ015387.1_Pegea_confoederata         0.1552157 0.3907945 0.1452164 0.1003022 0.1057138 0.0926737 0.5764277 0.1100101 0.3640809 0.1201807 0.1060913 0.1491772 0.1057650 0.1042607 0.1425924 0.1590967 0.1012437 0.1525769 0.1316524 0.2777346 0.3414394 0.1099509 0.1348673 0.0000000 0.1533753 0.1726023 0.2093044 0.1230645 0.1197613 0.1104668 0.1499978 0.1342457 0.1058786 0.1053834 0.1470469 0.1685961 0.1585447 0.0890803 0.1047639 0.0034596 0.1009185 0.1515903 0.1126412 0.1043689 0.1312460 0.1035793 0.1025739 0.2331429 0.0102877 0.1528858 0.1579587 0.1066430 
HQ015380.1_Pyrosomella_verticillata   0.0771550 0.3356874 0.1425380 0.1101349 0.1167386 0.1043295 0.4778482 0.1137586 0.2950215 0.1270347 0.1163949 0.0754254 0.1227819 0.1054431 0.1662421 0.0680073 0.1121498 0.0011696 0.1371010 0.1808990 0.2600394 0.1211840 0.1371010 0.1533753 0.0000000 0.0995316 0.1467873 0.0324544 0.1265950 0.1147867 0.0000010 0.1348288 0.1215660 0.1158930 0.0735010 0.0627010 0.0011871 0.0954853 0.1072664 0.1482454 0.1031752 0.0751199 0.1221263 0.1158930 0.1561957 0.1031752 0.1030655 0.1527258 0.1466559 0.0000010 0.0012042 0.1214737 
L12378.2_Ascidia_ceratodes            0.0697909 0.3353594 0.1676029 0.1417464 0.1483399 0.1242233 0.4893589 0.1488467 0.2618228 0.1522961 0.1503433 0.0778430 0.1647355 0.1445551 0.1831489 0.0571482 0.1497056 0.0956562 0.1781959 0.1570228 0.2617218 0.1698951 0.1825975 0.1726023 0.0995316 0.0000000 0.1706668 0.0738008 0.1517320 0.1459047 0.0961225 0.1795913 0.1576267 0.1492662 0.0683988 0.0539131 0.1010902 0.1349311 0.1419171 0.1689705 0.1465976 0.0660622 0.1565078 0.1502488 0.1993456 0.1411283 0.1447177 0.1467922 0.1765042 0.0977698 0.0982132 0.1588806 
HQ015376.1_Doliolum_denticulatum      0.1517229 0.4054780 0.2028672 0.1763950 0.1749031 0.1654084 0.5277805 0.1841969 0.3183217 0.1903381 0.1749031 0.1527396 0.1894139 0.1813224 0.2155806 0.1511141 0.1749031 0.1468848 0.1949723 0.2396413 0.3530939 0.1852463 0.1949723 0.2093044 0.1467873 0.1706668 0.0000000 0.1386014 0.1903381 0.1854851 0.1467873 0.1995078 0.1876831 0.1749031 0.1487932 0.1461009 0.1468848 0.1651422 0.1788283 0.2057357 0.1772401 0.1449749 0.1988246 0.1749031 0.2143474 0.1772401 0.1765866 0.2397003 0.2088283 0.1467873 0.1474081 0.1876831 
HQ015379.1_Pyrostremma_spinosum       0.0607205 0.3136851 0.1135819 0.0997303 0.1045083 0.0809720 0.4535231 0.1040895 0.2690062 0.1127614 0.1037625 0.0596197 0.1183301 0.1006456 0.1376907 0.0549096 0.1039832 0.0324972 0.1308477 0.1583015 0.2434151 0.1167848 0.1324208 0.1230645 0.0324544 0.0738008 0.1386014 0.0000000 0.1130104 0.1043058 0.0320703 0.1304923 0.1189390 0.1035064 0.0536018 0.0666068 0.0342197 0.0949517 0.0982595 0.1185400 0.0995688 0.0564157 0.1205701 0.1022468 0.1498978 0.1021233 0.1040683 0.1395201 0.1248230 0.0325421 0.0327188 0.1185482 
HQ015403.1_Brooksia_rostrata          0.1520414 0.3658797 0.1422423 0.0370978 0.0406749 0.0881116 0.5187720 0.0265086 0.3410117 0.0000010 0.0406622 0.1405702 0.0353711 0.0420390 0.1140011 0.1475903 0.0375742 0.1264689 0.0674418 0.2539149 0.3233961 0.0338606 0.0679488 0.1197613 0.1265950 0.1517320 0.1903381 0.1130104 0.0000000 0.0271106 0.1247554 0.0677822 0.0349610 0.0404315 0.1354403 0.1326265 0.1299237 0.0336014 0.0430208 0.1188294 0.0401381 0.1376526 0.0367488 0.0400483 0.0847326 0.0412910 0.0460481 0.2118878 0.1197833 0.1267111 0.1299222 0.0349162 
HQ015411.1_Ritteriella_retracta       0.1363489 0.3358758 0.1394488 0.0276316 0.0319694 0.0827630 0.5084594 0.0005808 0.3088780 0.0271905 0.0320682 0.1362368 0.0280572 0.0323742 0.1140227 0.1362136 0.0303004 0.1123436 0.0635882 0.2507457 0.3111497 0.0277084 0.0643980 0.1104668 0.1147867 0.1459047 0.1854851 0.1043058 0.0271106 0.0000000 0.1105495 0.0634368 0.0278561 0.0318884 0.1317744 0.1241083 0.1188967 0.0283322 0.0337554 0.1085549 0.0345927 0.1254192 0.0329598 0.0317987 0.0735145 0.0361092 0.0362692 0.1993082 0.1082563 0.1125481 0.1187646 0.0280222 
HQ015382.1_Pyrosomella_verticillata   0.0746611 0.3257553 0.1388634 0.1074079 0.1159738 0.1029354 0.4740240 0.1126786 0.2847074 0.1252021 0.1163949 0.0744109 0.1195501 0.1039303 0.1621242 0.0674242 0.1121498 0.0011502 0.1319992 0.1808990 0.2630861 0.1166527 0.1345765 0.1499978 0.0000010 0.0961225 0.1467873 0.0320703 0.1247554 0.1105495 0.0000000 0.1316688 0.1201704 0.1156033 0.0725085 0.0627010 0.0023728 0.0940967 0.1050052 0.1433672 0.1006513 0.0746061 0.1207181 0.1140276 0.1514748 0.1036684 0.1020852 0.1493386 0.1448932 0.0000010 0.0012042 0.1210732 
HQ015413.1_Thalia_democratica         0.1642036 0.3451402 0.1415850 0.0680103 0.0742123 0.1028748 0.5262333 0.0640917 0.3666701 0.0681335 0.0748393 0.1532134 0.0718339 0.0704765 0.1190038 0.1608413 0.0710732 0.1317563 0.0017521 0.2440077 0.3441579 0.0700030 0.0023386 0.1342457 0.1348288 0.1795913 0.1995078 0.1304923 0.0677822 0.0634368 0.1316688 0.0000000 0.0708520 0.0745441 0.1525677 0.1458725 0.1379466 0.0516322 0.0712144 0.1304071 0.0611751 0.1599823 0.0744550 0.0747152 0.0381568 0.0614239 0.0666727 0.2356396 0.1279409 0.1316688 0.1377221 0.0715339 
HQ015408.1_Salpa_maxima               0.1448349 0.3634436 0.1376423 0.0346149 0.0366929 0.0849196 0.5354866 0.0271638 0.3268702 0.0351275 0.0368293 0.1386722 0.0005850 0.0394800 0.1054022 0.1448525 0.0334585 0.1202534 0.0712007 0.2460338 0.3287155 0.0083669 0.0712007 0.1058786 0.1215660 0.1576267 0.1876831 0.1189390 0.0349610 0.0278561 0.1201704 0.0708520 0.0000000 0.0366950 0.1413170 0.1252177 0.1243263 0.0322832 0.0409071 0.1058331 0.0393785 0.1338687 0.0090364 0.0363564 0.0797668 0.0395285 0.0435557 0.2126757 0.1033877 0.1204801 0.1245961 0.0000010 
HQ015396.1_Cyclosalpa_polae           0.1363924 0.3619683 0.1312613 0.0096625 0.0000010 0.0773114 0.5350442 0.0319061 0.3173294 0.0405465 0.0000010 0.1286183 0.0373831 0.0096808 0.1090444 0.1365538 0.0000010 0.1160602 0.0746595 0.2544856 0.3201535 0.0395826 0.0746595 0.1053834 0.1158930 0.1492662 0.1749031 0.1035064 0.0404315 0.0318884 0.1156033 0.0745441 0.0366950 0.0000000 0.1290612 0.1312566 0.1181764 0.0368681 0.0096574 0.1053375 0.0417158 0.1256397 0.0422002 0.0000010 0.0830892 0.0425794 0.0433623 0.1987136 0.1073145 0.1162764 0.1199067 0.0365979 
FM244841.1_Pycnoclavella_aff._detorta 0.0479423 0.3271626 0.1239936 0.1238803 0.1303754 0.0982919 0.4562941 0.1320701 0.2545505 0.1351257 0.1293959 0.0175394 0.1400197 0.1264876 0.1593301 0.0445970 0.1223136 0.0717879 0.1521595 0.1510059 0.2471430 0.1397508 0.1544831 0.1470469 0.0735010 0.0683988 0.1487932 0.0536018 0.1354403 0.1317744 0.0725085 0.1525677 0.1413170 0.1290612 0.0000000 0.0492788 0.0715000 0.1124222 0.1232048 0.1420580 0.1223576 0.0405207 0.1405040 0.1270779 0.1560621 0.1257551 0.1250615 0.1301562 0.1484438 0.0737243 0.0695727 0.1408322 
AJ250778.1_Ciona_intestinalis         0.0340441 0.2755404 0.1321979 0.1244342 0.1312566 0.0976982 0.4917306 0.1222625 0.2458492 0.1326265 0.1312566 0.0521040 0.1252177 0.1317024 0.1598296 0.0342010 0.1312566 0.0598451 0.1474569 0.1496174 0.2209386 0.1241508 0.1474569 0.1685961 0.0627010 0.0539131 0.1461009 0.0666068 0.1326265 0.1241083 0.0627010 0.1458725 0.1252177 0.1312566 0.0492788 0.0000000 0.0598451 0.1150665 0.1280833 0.1668171 0.1150665 0.0340910 0.1187137 0.1312566 0.1727828 0.1150665 0.1164969 0.0956032 0.1636097 0.0627010 0.0598451 0.1252177 
HQ015384.1_Pyrosoma_godeauxi          0.0773661 0.3440935 0.1473430 0.1122832 0.1193608 0.1063327 0.4982201 0.1167942 0.3038889 0.1299237 0.1184785 0.0751408 0.1271297 0.1077631 0.1691640 0.0676709 0.1128818 0.0000010 0.1419451 0.1811159 0.2710949 0.1254804 0.1398911 0.1585447 0.0011871 0.1010902 0.1468848 0.0342197 0.1299237 0.1188967 0.0023728 0.1379466 0.1243263 0.1181764 0.0715000 0.0598451 0.0000000 0.0976175 0.1111581 0.1532719 0.1069597 0.0762353 0.1249116 0.1200151 0.1614824 0.1065455 0.1050574 0.1588973 0.1493940 0.0011900 0.0000010 0.1239078 
HQ015402.1_Iasis_cylindrica           0.1205417 0.3125947 0.1244212 0.0310768 0.0366669 0.0641412 0.4928599 0.0284107 0.2621137 0.0337645 0.0370062 0.1172928 0.0330633 0.0336967 0.1000295 0.1185595 0.0373553 0.0941668 0.0515586 0.2303145 0.2924273 0.0313606 0.0523216 0.0890803 0.0954853 0.1349311 0.1651422 0.0949517 0.0336014 0.0283322 0.0940967 0.0516322 0.0322832 0.0368681 0.1124222 0.1150665 0.0976175 0.0000000 0.0351234 0.0881978 0.0000010 0.1112529 0.0366081 0.0372883 0.0600297 0.0000010 0.0048984 0.1822804 0.0836978 0.0940967 0.0979469 0.0325706 
HQ015391.1_Cyclosalpa_affinis         0.1299251 0.3489642 0.1310418 0.0126595 0.0096802 0.0767939 0.5281919 0.0343342 0.3146637 0.0431514 0.0097088 0.1293906 0.0408775 0.0011654 0.1094814 0.1308247 0.0093824 0.1066932 0.0712143 0.2596273 0.3229058 0.0413835 0.0721501 0.1047639 0.1072664 0.1419171 0.1788283 0.0982595 0.0430208 0.0337554 0.1050052 0.0712144 0.0409071 0.0096574 0.1232048 0.1280833 0.1111581 0.0351234 0.0000000 0.1030396 0.0399818 0.1166581 0.0434159 0.0100401 0.0797953 0.0416953 0.0419045 0.1977984 0.1045479 0.1068844 0.1108684 0.0411585 
HQ015388.1_Pegea_bicaudata            0.1477289 0.3890677 0.1459854 0.0978394 0.1056677 0.0930549 0.5728763 0.1104197 0.3536015 0.1192455 0.1060452 0.1437520 0.1049911 0.1033573 0.1459311 0.1568267 0.1011967 0.1458204 0.1280072 0.2750069 0.3387964 0.1086374 0.1310541 0.0034596 0.1482454 0.1689705 0.2057357 0.1185400 0.1188294 0.1085549 0.1433672 0.1304071 0.1058331 0.1053375 0.1420580 0.1668171 0.1532719 0.0881978 0.1030396 0.0000000 0.0993102 0.1414383 0.1125950 0.1035932 0.1300578 0.1026748 0.1016720 0.2251211 0.0090210 0.1461119 0.1525853 0.1065972 
HQ015400.1_Iasis_cylindrica           0.1299838 0.3507308 0.1437487 0.0358860 0.0418252 0.0780707 0.5127284 0.0343240 0.2919207 0.0402597 0.0419572 0.1321949 0.0434450 0.0393698 0.1157326 0.1279359 0.0402369 0.1022662 0.0606525 0.2303145 0.3103022 0.0453107 0.0606609 0.1009185 0.1031752 0.1465976 0.1772401 0.0995688 0.0401381 0.0345927 0.1006513 0.0611751 0.0393785 0.0417158 0.1223576 0.1150665 0.1069597 0.0000010 0.0399818 0.0993102 0.0000000 0.1235156 0.0438950 0.0455009 0.0745634 0.0005863 0.0059724 0.1936341 0.0957704 0.1024481 0.1065860 0.0395905 
AF165821.2_Chelyosoma_siboja          0.0155346 0.3032225 0.1335837 0.1227932 0.1247466 0.1032409 0.4868102 0.1262905 0.2441565 0.1381530 0.1265184 0.0474390 0.1335262 0.1196887 0.1495742 0.0377579 0.1215933 0.0739302 0.1568595 0.1506596 0.2550103 0.1362530 0.1594404 0.1515903 0.0751199 0.0660622 0.1449749 0.0564157 0.1376526 0.1254192 0.0746061 0.1599823 0.1338687 0.1256397 0.0405207 0.0340910 0.0762353 0.1112529 0.1166581 0.1414383 0.1235156 0.0000000 0.1351462 0.1230018 0.1667587 0.1266090 0.1294464 0.1240027 0.1439510 0.0758187 0.0743071 0.1348933 
HQ015405.1_Salpa_aspera               0.1474231 0.3693857 0.1392304 0.0370553 0.0420263 0.0915042 0.5526306 0.0322477 0.3419597 0.0369260 0.0423571 0.1400206 0.0096677 0.0419672 0.1147314 0.1437239 0.0388698 0.1208016 0.0751172 0.2383340 0.3442466 0.0115190 0.0751172 0.1126412 0.1221263 0.1565078 0.1988246 0.1205701 0.0367488 0.0329598 0.1207181 0.0744550 0.0090364 0.0422002 0.1405040 0.1187137 0.1249116 0.0366081 0.0434159 0.1125950 0.0438950 0.1351462 0.0000000 0.0418036 0.0868085 0.0440643 0.0473376 0.2090219 0.1100942 0.1207181 0.1245450 0.0091089 
HQ015394.1_Cyclosalpa_polae           0.1317184 0.3522245 0.1324339 0.0102029 0.0000010 0.0765131 0.5288028 0.0314706 0.3082717 0.0401694 0.0000010 0.1313567 0.0406200 0.0102220 0.1081274 0.1355364 0.0000010 0.1158963 0.0746439 0.2544856 0.3171329 0.0426641 0.0748283 0.1043689 0.1158930 0.1502488 0.1749031 0.1022468 0.0400483 0.0317987 0.1140276 0.0747152 0.0363564 0.0000010 0.1270779 0.1312566 0.1200151 0.0372883 0.0100401 0.1035932 0.0455009 0.1230018 0.0418036 0.0000000 0.0819468 0.0423744 0.0431030 0.1969733 0.1063658 0.1161103 0.1199067 0.0365771 
HQ015412.1_Thalia_orientalis          0.1770864 0.3701882 0.1419448 0.0816931 0.0833356 0.1035626 0.5207654 0.0753576 0.3472774 0.0850135 0.0836216 0.1581429 0.0793569 0.0812465 0.1194498 0.1789894 0.0777106 0.1541209 0.0366609 0.2841219 0.3429714 0.0809848 0.0371214 0.1312460 0.1561957 0.1993456 0.2143474 0.1498978 0.0847326 0.0735145 0.1514748 0.0381568 0.0797668 0.0830892 0.1560621 0.1727828 0.1614824 0.0600297 0.0797953 0.1300578 0.0745634 0.1667587 0.0868085 0.0819468 0.0000000 0.0771256 0.0824956 0.2397847 0.1272920 0.1544386 0.1609493 0.0803122 
HQ015401.1_Iasis_cylindrica           0.1364194 0.3607354 0.1425672 0.0368362 0.0418495 0.0795389 0.5180505 0.0353954 0.3023893 0.0414889 0.0419572 0.1310147 0.0410743 0.0395199 0.1185999 0.1304147 0.0402369 0.1027384 0.0618988 0.2303145 0.3134558 0.0401728 0.0618988 0.1035793 0.1031752 0.1411283 0.1772401 0.1021233 0.0412910 0.0361092 0.1036684 0.0614239 0.0395285 0.0425794 0.1257551 0.1150665 0.1065455 0.0000010 0.0416953 0.1026748 0.0005863 0.1266090 0.0440643 0.0423744 0.0771256 0.0000000 0.0066034 0.1991343 0.0973472 0.1029220 0.1065860 0.0404424 
HQ015399.1_Iasis_cylindrica           0.1393254 0.3534852 0.1430895 0.0384216 0.0426341 0.0806544 0.5404172 0.0355519 0.3051555 0.0462721 0.0436146 0.1274353 0.0442604 0.0405728 0.1184886 0.1340948 0.0410639 0.1024814 0.0670877 0.2327367 0.3127328 0.0433306 0.0670877 0.1025739 0.1030655 0.1447177 0.1765866 0.1040683 0.0460481 0.0362692 0.1020852 0.0666727 0.0435557 0.0433623 0.1250615 0.1164969 0.1050574 0.0048984 0.0419045 0.1016720 0.0059724 0.1294464 0.0473376 0.0431030 0.0824956 0.0066034 0.0000000 0.2006520 0.0963660 0.1014092 0.1051451 0.0436760 
AY903925.1_Halocynthia_igaboja        0.1191051 0.3443695 0.2207394 0.1963924 0.1998105 0.1793188 0.5179920 0.2021480 0.2855385 0.2127333 0.2002418 0.1296360 0.2108418 0.2013284 0.2423564 0.1319287 0.1998690 0.1541317 0.2346789 0.1221100 0.2737075 0.2097778 0.2387883 0.2331429 0.1527258 0.1467922 0.2397003 0.1395201 0.2118878 0.1993082 0.1493386 0.2356396 0.2126757 0.1987136 0.1301562 0.0956032 0.1588973 0.1822804 0.1977984 0.2251211 0.1936341 0.1240027 0.2090219 0.1969733 0.2397847 0.1991343 0.2006520 0.0000000 0.2303035 0.1522017 0.1583198 0.2125721 
HQ015386.1_Pegea_confoederata         0.1504284 0.3909005 0.1423752 0.1006776 0.1076518 0.0966897 0.5933274 0.1072684 0.3600850 0.1204727 0.1080368 0.1468184 0.1040582 0.1041990 0.1540691 0.1588484 0.1032124 0.1457490 0.1274856 0.2597198 0.3518872 0.1083573 0.1276013 0.0102877 0.1466559 0.1765042 0.2088283 0.1248230 0.1197833 0.1082563 0.1448932 0.1279409 0.1033877 0.1073145 0.1484438 0.1636097 0.1493940 0.0836978 0.1045479 0.0090210 0.0957704 0.1439510 0.1100942 0.1063658 0.1272920 0.0973472 0.0963660 0.2303035 0.0000000 0.1460420 0.1509151 0.1037191 
HQ015381.1_Pyrosoma_atlanticum        0.0758641 0.3315187 0.1414797 0.1080142 0.1159738 0.1035133 0.4763009 0.1138852 0.2895316 0.1274635 0.1167814 0.0756535 0.1217750 0.1041894 0.1644997 0.0682093 0.1121498 0.0011523 0.1343460 0.1808990 0.2643248 0.1187909 0.1353699 0.1528858 0.0000010 0.0977698 0.1467873 0.0325421 0.1267111 0.1125481 0.0000010 0.1316688 0.1204801 0.1162764 0.0737243 0.0627010 0.0011900 0.0940967 0.1068844 0.1461119 0.1024481 0.0758187 0.1207181 0.1161103 0.1544386 0.1029220 0.1014092 0.1522017 0.1460420 0.0000000 0.0012042 0.1217897 
HQ015385.1_Pyrosoma_atlanticum        0.0746884 0.3404606 0.1452915 0.1138673 0.1199067 0.1055563 0.4867017 0.1176901 0.3006551 0.1299222 0.1199067 0.0722719 0.1259651 0.1088832 0.1681813 0.0645810 0.1132687 0.0000010 0.1409134 0.1811159 0.2659018 0.1218226 0.1409134 0.1579587 0.0012042 0.0982132 0.1474081 0.0327188 0.1299222 0.1187646 0.0012042 0.1377221 0.1245961 0.1199067 0.0695727 0.0598451 0.0000010 0.0979469 0.1108684 0.1525853 0.1065860 0.0743071 0.1245450 0.1199067 0.1609493 0.1065860 0.1051451 0.1583198 0.1509151 0.0012042 0.0000000 0.1245961 
HQ015409.1_Salpa_fusiformis           0.1459554 0.3676389 0.1385702 0.0348225 0.0368695 0.0855040 0.5394657 0.0273256 0.3318087 0.0350351 0.0368082 0.1381949 0.0005881 0.0398287 0.1061706 0.1443546 0.0334585 0.1215579 0.0716735 0.2460338 0.3272104 0.0084132 0.0716735 0.1066430 0.1214737 0.1588806 0.1876831 0.1185482 0.0349162 0.0280222 0.1210732 0.0715339 0.0000010 0.0365979 0.1408322 0.1252177 0.1239078 0.0325706 0.0411585 0.1065972 0.0395905 0.1348933 0.0091089 0.0365771 0.0803122 0.0404424 0.0436760 0.2125721 0.1037191 0.1217897 0.1245961 0.0000000 
