53
AB013011.1_Pyrosoma_atlanticum           0.0000000 0.1086183 0.0384701 0.0759738 0.1086183 0.0013795 0.0041801 0.0737955 0.0878598 0.0702901 0.0719918 0.0041801 0.0924407 0.1398622 0.1787008 0.4162713 0.2686825 0.2235213 0.0689722 0.1372058 0.0421000 0.0385720 0.0380905 0.0475049 0.0380370 0.0439414 0.0420268 0.0719918 0.0809711 0.0809711 0.0788814 0.1018637 0.0718469 0.0718469 0.0717863 0.0717863 0.0729161 0.0701897 0.0701897 0.0702901 0.0675984 0.0737955 0.0692647 0.0740272 0.0740272 0.0644133 0.0821708 0.0884719 0.0883147 0.0936604 0.0013795 0.0117110 0.0881660 
AB013012.1_Doliolum_nationalis           0.1086183 0.0000000 0.1097110 0.1499728 0.0000010 0.1054069 0.1057726 0.1341210 0.1605592 0.1243207 0.1333184 0.1057726 0.1654970 0.1746378 0.2474561 0.4074206 0.2744488 0.2821866 0.1388997 0.1716126 0.1212616 0.1137680 0.1094236 0.1153140 0.1151723 0.1211325 0.1101138 0.1333184 0.1436399 0.1436399 0.1471635 0.1628112 0.1370361 0.1370361 0.1330695 0.1330695 0.1486446 0.1324449 0.1324449 0.1243207 0.1278972 0.1341210 0.1283592 0.1369582 0.1369582 0.1225810 0.1551523 0.1599696 0.1596545 0.1631071 0.1054069 0.0988840 0.1611824 
AB013017.1_Ciona_intestinalis            0.0384701 0.1097110 0.0000000 0.0906712 0.1097110 0.0364260 0.0399657 0.0760370 0.1040476 0.0747039 0.0783841 0.0399657 0.1102302 0.1207174 0.1737198 0.4283935 0.2319625 0.2039158 0.0566314 0.1182511 0.0296285 0.0244070 0.0178624 0.0297081 0.0193811 0.0243412 0.0195179 0.0783841 0.0959203 0.0959203 0.0937846 0.1117978 0.0782331 0.0782331 0.0781724 0.0781724 0.0794327 0.0765946 0.0765946 0.0747039 0.0775025 0.0760370 0.0715557 0.0762711 0.0762711 0.0640964 0.0891751 0.0984771 0.0983013 0.1015184 0.0364260 0.0399246 0.1044170 
D14366.1_Thalia_democratica              0.0759738 0.1499728 0.0906712 0.0000000 0.1499728 0.0731647 0.0734419 0.0427159 0.0600508 0.0282269 0.0371187 0.0734419 0.0651030 0.1575404 0.2016041 0.4233862 0.2817626 0.2037283 0.1121250 0.1547028 0.0899300 0.0898660 0.0886642 0.1031176 0.0946935 0.0946245 0.0913839 0.0371187 0.0027694 0.0027694 0.0013797 0.0226134 0.0410007 0.0410007 0.0372223 0.0372223 0.0467405 0.0430237 0.0430237 0.0282269 0.0301790 0.0427159 0.0407090 0.0388132 0.0388132 0.0565025 0.0812700 0.0722371 0.0721122 0.0690380 0.0731647 0.0602805 0.0602481 
FM244861.1_Doliolum_denticulatum         0.1086183 0.0000010 0.1097110 0.1499728 0.0000000 0.1054069 0.1057726 0.1341210 0.1605592 0.1243207 0.1333184 0.1057726 0.1654970 0.1746378 0.2474561 0.4074206 0.2744488 0.2821866 0.1388997 0.1716126 0.1212616 0.1137680 0.1094236 0.1153140 0.1151723 0.1211325 0.1101138 0.1333184 0.1436399 0.1436399 0.1471635 0.1628112 0.1370361 0.1370361 0.1330695 0.1330695 0.1486446 0.1324449 0.1324449 0.1243207 0.1278972 0.1341210 0.1283592 0.1369582 0.1369582 0.1225810 0.1551523 0.1599696 0.1596545 0.1631071 0.1054069 0.0988840 0.1611824 
FM244862.1_Pyrosoma_godeauxi             0.0013795 0.1054069 0.0364260 0.0731647 0.1054069 0.0000000 0.0027547 0.0710691 0.0849094 0.0675984 0.0692839 0.0027547 0.0893930 0.1361630 0.1745497 0.4100866 0.2636156 0.2188436 0.0663399 0.1335431 0.0399931 0.0365195 0.0360680 0.0453151 0.0360180 0.0418046 0.0399251 0.0692839 0.0780802 0.0780802 0.0760132 0.0986568 0.0691440 0.0691440 0.0690845 0.0690845 0.0701730 0.0675013 0.0675013 0.0675984 0.0649615 0.0710691 0.0666138 0.0712908 0.0712908 0.0618445 0.0793266 0.0855032 0.0853525 0.0906106 0.0000010 0.0101285 0.0852027 
FM244863.1_Pyrosomella_verticillata      0.0041801 0.1057726 0.0399657 0.0734419 0.1057726 0.0027547 0.0000000 0.0713342 0.0852208 0.0678535 0.0695439 0.0000010 0.0897215 0.1366061 0.1750450 0.4105454 0.2641372 0.2193703 0.0622031 0.1339809 0.0436020 0.0400728 0.0395745 0.0490091 0.0395190 0.0454452 0.0435259 0.0695439 0.0783744 0.0783744 0.0763015 0.0990149 0.0694031 0.0694031 0.0693435 0.0693435 0.0704380 0.0677559 0.0677559 0.0678535 0.0652062 0.0713342 0.0668630 0.0715573 0.0715573 0.0620762 0.0796180 0.0858175 0.0856659 0.0909410 0.0027547 0.0101628 0.0855159 
FM244864.1_Cyclosalpa_quadriluminis      0.0737955 0.1341210 0.0760370 0.0427159 0.1341210 0.0710691 0.0713342 0.0000000 0.0685284 0.0258372 0.0174501 0.0713342 0.0770193 0.1610298 0.1894429 0.4502982 0.2545119 0.2136257 0.1034918 0.1581689 0.0826550 0.0873480 0.0778368 0.0871501 0.0823718 0.0855036 0.0752969 0.0174501 0.0431305 0.0431305 0.0431186 0.0530271 0.0129371 0.0129371 0.0173987 0.0173987 0.0256962 0.0190298 0.0190298 0.0258372 0.0277009 0.0000010 0.0041550 0.0041658 0.0041658 0.0527675 0.0804871 0.0614061 0.0613047 0.0639100 0.0710691 0.0636012 0.0687574 
FM244865.1_Ihlea_racovitzai              0.0878598 0.1605592 0.1040476 0.0600508 0.1605592 0.0849094 0.0852208 0.0685284 0.0000000 0.0675333 0.0643960 0.0852208 0.0469238 0.1764302 0.2387039 0.4869210 0.2898657 0.2460133 0.1368004 0.1734244 0.1007302 0.1057546 0.1026553 0.1165421 0.1072186 0.1095069 0.1055122 0.0643960 0.0645656 0.0645656 0.0626150 0.0700444 0.0690783 0.0690783 0.0645656 0.0645656 0.0767667 0.0694778 0.0694778 0.0675333 0.0702612 0.0685284 0.0681371 0.0683127 0.0683127 0.0708334 0.0921729 0.0944152 0.0942466 0.0968666 0.0849094 0.0713778 0.0000010 
FM244866.1_Iasis_cylindrica              0.0702901 0.1243207 0.0747039 0.0282269 0.1243207 0.0675984 0.0678535 0.0258372 0.0675333 0.0000000 0.0240500 0.0678535 0.0638076 0.1511813 0.1754961 0.4570754 0.2337907 0.2048889 0.1025486 0.1484050 0.0881736 0.0881103 0.0826271 0.0829638 0.0851678 0.0883585 0.0800249 0.0240500 0.0265188 0.0265188 0.0265099 0.0390898 0.0210996 0.0210996 0.0241155 0.0241155 0.0359687 0.0228036 0.0228036 0.0000010 0.0013792 0.0258372 0.0241085 0.0243038 0.0243038 0.0472579 0.0930669 0.0616514 0.0615490 0.0618310 0.0675984 0.0602161 0.0677609 
FM244867.1_Salpa_thompsoni               0.0719918 0.1333184 0.0783841 0.0371187 0.1333184 0.0692839 0.0695439 0.0174501 0.0643960 0.0240500 0.0000000 0.0695439 0.0727503 0.1498504 0.1759163 0.4339796 0.2522823 0.1948208 0.1038782 0.1470935 0.0851267 0.0898750 0.0822957 0.0873853 0.0825974 0.0857365 0.0797000 0.0000010 0.0374774 0.0374774 0.0374660 0.0566725 0.0114334 0.0114334 0.0055500 0.0055500 0.0144954 0.0159580 0.0159580 0.0240500 0.0258724 0.0174501 0.0128939 0.0191221 0.0191221 0.0508098 0.0791633 0.0659866 0.0658760 0.0661739 0.0692839 0.0618628 0.0646097 
HQ015280.1_Pyrosomella_verticillata      0.0041801 0.1057726 0.0399657 0.0734419 0.1057726 0.0027547 0.0000010 0.0713342 0.0852208 0.0678535 0.0695439 0.0000000 0.0897215 0.1366061 0.1750450 0.4105454 0.2641372 0.2193703 0.0622031 0.1339809 0.0436020 0.0400728 0.0395745 0.0490091 0.0395190 0.0454452 0.0435259 0.0695439 0.0783744 0.0783744 0.0763015 0.0990149 0.0694031 0.0694031 0.0693435 0.0693435 0.0704380 0.0677559 0.0677559 0.0678535 0.0652062 0.0713342 0.0668630 0.0715573 0.0715573 0.0620762 0.0796180 0.0858175 0.0856659 0.0909410 0.0027547 0.0101628 0.0855159 
HQ015377.1_Salpidae_gen._nov._sp._nov._A 0.0924407 0.1654970 0.1102302 0.0651030 0.1654970 0.0893930 0.0897215 0.0770193 0.0469238 0.0638076 0.0727503 0.0897215 0.0000000 0.1891711 0.2175378 0.4868558 0.3020866 0.2771844 0.1356688 0.1860345 0.1139608 0.1119456 0.1159234 0.1243054 0.1171441 0.1170612 0.1153144 0.0727503 0.0677872 0.0677872 0.0677804 0.0732512 0.0745985 0.0745985 0.0749997 0.0749997 0.0834743 0.0704611 0.0704611 0.0638076 0.0664342 0.0770193 0.0745160 0.0797718 0.0797718 0.0622340 0.1001811 0.0907592 0.0905973 0.0904491 0.0893930 0.0733172 0.0470716 
L12426.2_Molgula_manhattensis            0.1398622 0.1746378 0.1207174 0.1575404 0.1746378 0.1361630 0.1366061 0.1610298 0.1764302 0.1511813 0.1498504 0.1366061 0.1891711 0.0000000 0.2034229 0.5057538 0.2433701 0.2447005 0.0941804 0.0013700 0.1151188 0.1193275 0.1142885 0.1235594 0.1138220 0.1173950 0.1173073 0.1498504 0.1642578 0.1642578 0.1617924 0.1720276 0.1607267 0.1607267 0.1613568 0.1613568 0.1528029 0.1659521 0.1659521 0.1511813 0.1551648 0.1610298 0.1617391 0.1612572 0.1612572 0.1273797 0.1552411 0.1769161 0.1765652 0.1717733 0.1361630 0.1190433 0.1771248 
M91181.1_Echinorhinus_cookei             0.1787008 0.2474561 0.1737198 0.2016041 0.2474561 0.1745497 0.1750450 0.1894429 0.2387039 0.1754961 0.1759163 0.1750450 0.2175378 0.2034229 0.0000000 0.3488242 0.2276023 0.3132852 0.1726436 0.2001453 0.1532321 0.1621427 0.1744663 0.1721491 0.1651029 0.1637210 0.1781595 0.1759163 0.2011175 0.2011175 0.1985157 0.1945543 0.1694880 0.1694880 0.1821950 0.1821950 0.1973925 0.1870585 0.1870585 0.1754961 0.1713756 0.1894429 0.1825325 0.1966963 0.1966963 0.1731040 0.2059699 0.2153589 0.2149182 0.2115040 0.1745497 0.1660184 0.2397078 
M97574.1_Myxine_glutinosa                0.4162713 0.4074206 0.4283935 0.4233862 0.4074206 0.4100866 0.4105454 0.4502982 0.4869210 0.4570754 0.4339796 0.4105454 0.4868558 0.5057538 0.3488242 0.0000000 0.4705566 0.6367802 0.4329101 0.4998903 0.3969101 0.4085584 0.4231647 0.4158892 0.3949677 0.4084506 0.4291136 0.4339796 0.4296350 0.4296350 0.4262595 0.4479029 0.4388742 0.4388742 0.4284712 0.4284712 0.4579851 0.4452214 0.4452214 0.4570754 0.4583155 0.4502982 0.4333860 0.4383099 0.4383099 0.4150277 0.4620111 0.5006811 0.4994947 0.5067164 0.4100866 0.3971339 0.4834302 
M97571.1_Branchiostoma_floridae          0.2686825 0.2744488 0.2319625 0.2817626 0.2744488 0.2636156 0.2641372 0.2545119 0.2898657 0.2337907 0.2522823 0.2641372 0.3020866 0.2433701 0.2276023 0.4705566 0.0000000 0.3383446 0.2367774 0.2396311 0.1996584 0.2151902 0.2295287 0.2152630 0.2185831 0.2268763 0.2252108 0.2522823 0.2775776 0.2775776 0.2783337 0.2533596 0.2535554 0.2535554 0.2639458 0.2639458 0.2828646 0.2675968 0.2675968 0.2337907 0.2386811 0.2545119 0.2463160 0.2585612 0.2585612 0.2325409 0.2805197 0.2782551 0.2776550 0.2737822 0.2636156 0.2431001 0.2868859 
AB013014.1_Oikopleura_dioica             0.2235213 0.2821866 0.2039158 0.2037283 0.2821866 0.2188436 0.2193703 0.2136257 0.2460133 0.2048889 0.1948208 0.2193703 0.2771844 0.2447005 0.3132852 0.6367802 0.3383446 0.0000000 0.2114571 0.2409312 0.1965691 0.2127667 0.2026283 0.2138348 0.1959943 0.2174590 0.1967104 0.1948208 0.1992900 0.1992900 0.2036008 0.2361734 0.2082950 0.2082950 0.2014852 0.2014852 0.2133660 0.2182655 0.2182655 0.2048889 0.2095229 0.2136257 0.2061819 0.2179410 0.2179410 0.2022838 0.2247186 0.2430574 0.2425454 0.2389035 0.2188436 0.2000430 0.2470557 
AY903925.1_Halocynthia_igaboja           0.0689722 0.1388997 0.0566314 0.1121250 0.1388997 0.0663399 0.0622031 0.1034918 0.1368004 0.1025486 0.1038782 0.0622031 0.1356688 0.0941804 0.1726436 0.4329101 0.2367774 0.2114571 0.0000000 0.0919749 0.0521733 0.0549608 0.0560810 0.0589095 0.0551921 0.0547577 0.0582943 0.1038782 0.1178553 0.1178553 0.1156084 0.1220416 0.1036964 0.1036964 0.1036334 0.1036334 0.0964953 0.1065995 0.1065995 0.1025486 0.1058203 0.1034918 0.1006346 0.1083952 0.1083952 0.0865751 0.1138339 0.1192131 0.1189907 0.1194294 0.0663399 0.0633254 0.1373150 
AB921975.1_Molgula_manhattensis          0.1372058 0.1716126 0.1182511 0.1547028 0.1716126 0.1335431 0.1339809 0.1581689 0.1734244 0.1484050 0.1470935 0.1339809 0.1860345 0.0013700 0.2001453 0.4998903 0.2396311 0.2409312 0.0919749 0.0000000 0.1127059 0.1168688 0.1118816 0.1210520 0.1114054 0.1149473 0.1148704 0.1470935 0.1613568 0.1613568 0.1589057 0.1690407 0.1578591 0.1578591 0.1584864 0.1584864 0.1500157 0.1630373 0.1630373 0.1484050 0.1523504 0.1581689 0.1588739 0.1583960 0.1583960 0.1248202 0.1524240 0.1739003 0.1735566 0.1688044 0.1335431 0.1165983 0.1741044 
FM244840.1_Clavelina_meridionalis        0.0421000 0.1212616 0.0296285 0.0899300 0.1212616 0.0399931 0.0436020 0.0826550 0.1007302 0.0881736 0.0851267 0.0436020 0.1139608 0.1151188 0.1532321 0.3969101 0.1996584 0.1965691 0.0521733 0.1127059 0.0000000 0.0099870 0.0241825 0.0327456 0.0244441 0.0226681 0.0259165 0.0851267 0.0952145 0.0952145 0.0930620 0.1076219 0.0806602 0.0806602 0.0849011 0.0849011 0.0857593 0.0832703 0.0832703 0.0881736 0.0912329 0.0826550 0.0779506 0.0876862 0.0876862 0.0628142 0.0824339 0.1041756 0.1039869 0.1043789 0.0399931 0.0410562 0.1010869 
FM244841.1_Pycnoclavella_aff._detorta    0.0385720 0.1137680 0.0244070 0.0898660 0.1137680 0.0365195 0.0400728 0.0873480 0.1057546 0.0881103 0.0898750 0.0400728 0.1119456 0.1193275 0.1621427 0.4085584 0.2151902 0.2127667 0.0549608 0.1168688 0.0099870 0.0000000 0.0192233 0.0274568 0.0209821 0.0208335 0.0208808 0.0898750 0.0951504 0.0951504 0.0929977 0.1075592 0.0897068 0.0897068 0.0896435 0.0896435 0.0905447 0.0879954 0.0879954 0.0881103 0.0911693 0.0873480 0.0825493 0.0876231 0.0876231 0.0649055 0.0849150 0.1041130 0.1039244 0.1043163 0.0365195 0.0376160 0.1061321 
AB075543.1_Megalodicopia_hians           0.0380905 0.1094236 0.0178624 0.0886642 0.1094236 0.0360680 0.0395745 0.0778368 0.1026553 0.0826271 0.0822957 0.0395745 0.1159234 0.1142885 0.1744663 0.4231647 0.2295287 0.2026283 0.0560810 0.1118816 0.0241825 0.0192233 0.0000000 0.0192877 0.0131201 0.0175418 0.0041757 0.0822957 0.0938840 0.0938840 0.0917525 0.1061558 0.0821373 0.0821373 0.0820751 0.0820751 0.0807573 0.0804624 0.0804624 0.0826271 0.0855801 0.0778368 0.0752456 0.0780806 0.0780806 0.0638828 0.0869396 0.0999507 0.0997723 0.1001483 0.0360680 0.0357154 0.1030180 
L12378.2_Ascidia_ceratodes               0.0475049 0.1153140 0.0297081 0.1031176 0.1153140 0.0453151 0.0490091 0.0871501 0.1165421 0.0829638 0.0873853 0.0490091 0.1243054 0.1235594 0.1721491 0.4158892 0.2152630 0.2138348 0.0589095 0.1210520 0.0327456 0.0274568 0.0192877 0.0000000 0.0211743 0.0225983 0.0209503 0.0873853 0.1086532 0.1086532 0.1064495 0.1217469 0.0850475 0.0850475 0.0828284 0.0828284 0.0805138 0.0899029 0.0899029 0.0829638 0.0859312 0.0871501 0.0844230 0.0874242 0.0874242 0.0719280 0.0960231 0.1097245 0.1095237 0.1099330 0.0453151 0.0428569 0.1169652 
AJ250778.1_Ciona_intestinalis            0.0380370 0.1151723 0.0193811 0.0946935 0.1151723 0.0360180 0.0395190 0.0823718 0.1072186 0.0851678 0.0825974 0.0395190 0.1171441 0.1138220 0.1651029 0.3949677 0.2185831 0.1959943 0.0551921 0.1114054 0.0244441 0.0209821 0.0131201 0.0211743 0.0000000 0.0161889 0.0147025 0.0825974 0.1000747 0.1000747 0.0979014 0.1138769 0.0845840 0.0845840 0.0823763 0.0823763 0.0764014 0.0850554 0.0850554 0.0851678 0.0881643 0.0823718 0.0797184 0.0826301 0.0826301 0.0695793 0.0884396 0.1009081 0.1007271 0.1039842 0.0360180 0.0377784 0.1076030 
AB104873.1_Perophora_sagamiensis         0.0439414 0.1211325 0.0243412 0.0946245 0.1211325 0.0418046 0.0454452 0.0855036 0.1095069 0.0883585 0.0857365 0.0454452 0.1170612 0.1173950 0.1637210 0.4084506 0.2268763 0.2174590 0.0547577 0.1149473 0.0226681 0.0208335 0.0175418 0.0225983 0.0161889 0.0000000 0.0191654 0.0857365 0.1000024 0.1000024 0.0978301 0.1137959 0.0834060 0.0834060 0.0855099 0.0855099 0.0837617 0.0882435 0.0882435 0.0883585 0.0914206 0.0855036 0.0827907 0.0857734 0.0857734 0.0608057 0.0878553 0.1043673 0.1041783 0.1045706 0.0418046 0.0394235 0.1099008 
AF165821.2_Chelyosoma_siboja             0.0420268 0.1101138 0.0195179 0.0913839 0.1101138 0.0399251 0.0435259 0.0752969 0.1055122 0.0800249 0.0797000 0.0435259 0.1153144 0.1173073 0.1781595 0.4291136 0.2252108 0.1967104 0.0582943 0.1148704 0.0259165 0.0208808 0.0041757 0.0209503 0.0147025 0.0191654 0.0000000 0.0797000 0.0945040 0.0945040 0.0945224 0.1055779 0.0795453 0.0795453 0.0794837 0.0794837 0.0781651 0.0778828 0.0778828 0.0800249 0.0829307 0.0752969 0.0727476 0.0755319 0.0755319 0.0635097 0.0895787 0.0971491 0.0969768 0.0973434 0.0399251 0.0375926 0.1058873 
HQ015406.1_Salpa_thompsoni               0.0719918 0.1333184 0.0783841 0.0371187 0.1333184 0.0692839 0.0695439 0.0174501 0.0643960 0.0240500 0.0000010 0.0695439 0.0727503 0.1498504 0.1759163 0.4339796 0.2522823 0.1948208 0.1038782 0.1470935 0.0851267 0.0898750 0.0822957 0.0873853 0.0825974 0.0857365 0.0797000 0.0000000 0.0374774 0.0374774 0.0374660 0.0566725 0.0114334 0.0114334 0.0055500 0.0055500 0.0144954 0.0159580 0.0159580 0.0240500 0.0258724 0.0174501 0.0128939 0.0191221 0.0191221 0.0508098 0.0791633 0.0659866 0.0658760 0.0661739 0.0692839 0.0618628 0.0646097 
HQ015415.1_Thalia_democratica            0.0809711 0.1436399 0.0959203 0.0027694 0.1436399 0.0780802 0.0783744 0.0431305 0.0645656 0.0265188 0.0374774 0.0783744 0.0677872 0.1642578 0.2011175 0.4296350 0.2775776 0.1992900 0.1178553 0.1613568 0.0952145 0.0951504 0.0938840 0.1086532 0.1000747 0.1000024 0.0945040 0.0374774 0.0000000 0.0000010 0.0013770 0.0209972 0.0413995 0.0413995 0.0375827 0.0375827 0.0471961 0.0434438 0.0434438 0.0265188 0.0284400 0.0431305 0.0411026 0.0391876 0.0391876 0.0590428 0.0862553 0.0750520 0.0749210 0.0717750 0.0780802 0.0648131 0.0647802 
HQ015414.1_Thalia_democratica            0.0809711 0.1436399 0.0959203 0.0027694 0.1436399 0.0780802 0.0783744 0.0431305 0.0645656 0.0265188 0.0374774 0.0783744 0.0677872 0.1642578 0.2011175 0.4296350 0.2775776 0.1992900 0.1178553 0.1613568 0.0952145 0.0951504 0.0938840 0.1086532 0.1000747 0.1000024 0.0945040 0.0374774 0.0000010 0.0000000 0.0013770 0.0209972 0.0413995 0.0413995 0.0375827 0.0375827 0.0471961 0.0434438 0.0434438 0.0265188 0.0284400 0.0431305 0.0411026 0.0391876 0.0391876 0.0590428 0.0862553 0.0750520 0.0749210 0.0717750 0.0780802 0.0648131 0.0647802 
HQ015413.1_Thalia_democratica            0.0788814 0.1471635 0.0937846 0.0013797 0.1471635 0.0760132 0.0763015 0.0431186 0.0626150 0.0265099 0.0374660 0.0763015 0.0677804 0.1617924 0.1985157 0.4262595 0.2783337 0.2036008 0.1156084 0.1589057 0.0930620 0.0929977 0.0917525 0.1064495 0.0979014 0.0978301 0.0945224 0.0374660 0.0013770 0.0013770 0.0000000 0.0209901 0.0413877 0.0413877 0.0375713 0.0375713 0.0471841 0.0434318 0.0434318 0.0265099 0.0284304 0.0431186 0.0410908 0.0391760 0.0391760 0.0590324 0.0841905 0.0750499 0.0749188 0.0717706 0.0760132 0.0628558 0.0628230 
HQ015412.1_Thalia_orientalis             0.1018637 0.1628112 0.1117978 0.0226134 0.1628112 0.0986568 0.0990149 0.0530271 0.0700444 0.0390898 0.0566725 0.0990149 0.0732512 0.1720276 0.1945543 0.4479029 0.2533596 0.2361734 0.1220416 0.1690407 0.1076219 0.1075592 0.1061558 0.1217469 0.1138769 0.1137959 0.1055779 0.0566725 0.0209972 0.0209972 0.0209901 0.0000000 0.0490382 0.0490382 0.0530417 0.0530417 0.0655397 0.0614326 0.0614326 0.0390898 0.0412466 0.0530271 0.0545997 0.0507059 0.0507059 0.0620682 0.0920944 0.0731100 0.0729846 0.0699227 0.0986568 0.0838866 0.0702777 
HQ015411.1_Ritteriella_retracta          0.0718469 0.1370361 0.0782331 0.0410007 0.1370361 0.0691440 0.0694031 0.0129371 0.0690783 0.0210996 0.0114334 0.0694031 0.0745985 0.1607267 0.1694880 0.4388742 0.2535554 0.2082950 0.1036964 0.1578591 0.0806602 0.0897068 0.0821373 0.0850475 0.0845840 0.0834060 0.0795453 0.0114334 0.0413995 0.0413995 0.0413877 0.0490382 0.0000000 0.0000010 0.0114637 0.0114637 0.0241276 0.0144340 0.0144340 0.0210996 0.0228913 0.0129371 0.0143477 0.0175618 0.0175618 0.0544047 0.0907214 0.0678511 0.0677372 0.0704560 0.0691440 0.0617369 0.0693105 
HQ015410.1_Ritteriella_retracta          0.0718469 0.1370361 0.0782331 0.0410007 0.1370361 0.0691440 0.0694031 0.0129371 0.0690783 0.0210996 0.0114334 0.0694031 0.0745985 0.1607267 0.1694880 0.4388742 0.2535554 0.2082950 0.1036964 0.1578591 0.0806602 0.0897068 0.0821373 0.0850475 0.0845840 0.0834060 0.0795453 0.0114334 0.0413995 0.0413995 0.0413877 0.0490382 0.0000010 0.0000000 0.0114637 0.0114637 0.0241276 0.0144340 0.0144340 0.0210996 0.0228913 0.0129371 0.0143477 0.0175618 0.0175618 0.0544047 0.0907214 0.0678511 0.0677372 0.0704560 0.0691440 0.0617369 0.0693105 
HQ015409.1_Salpa_fusiformis              0.0717863 0.1330695 0.0781724 0.0372223 0.1330695 0.0690845 0.0693435 0.0173987 0.0645656 0.0241155 0.0055500 0.0693435 0.0749997 0.1613568 0.1821950 0.4284712 0.2639458 0.2014852 0.1036334 0.1584864 0.0849011 0.0896435 0.0820751 0.0828284 0.0823763 0.0855099 0.0794837 0.0055500 0.0375827 0.0375827 0.0375713 0.0530417 0.0114637 0.0114637 0.0000000 0.0000010 0.0114862 0.0175124 0.0175124 0.0241155 0.0259433 0.0173987 0.0158156 0.0190654 0.0190654 0.0506224 0.0809778 0.0677365 0.0676230 0.0679265 0.0690845 0.0616808 0.0647802 
HQ015408.1_Salpa_maxima                  0.0717863 0.1330695 0.0781724 0.0372223 0.1330695 0.0690845 0.0693435 0.0173987 0.0645656 0.0241155 0.0055500 0.0693435 0.0749997 0.1613568 0.1821950 0.4284712 0.2639458 0.2014852 0.1036334 0.1584864 0.0849011 0.0896435 0.0820751 0.0828284 0.0823763 0.0855099 0.0794837 0.0055500 0.0375827 0.0375827 0.0375713 0.0530417 0.0114637 0.0114637 0.0000010 0.0000000 0.0114862 0.0175124 0.0175124 0.0241155 0.0259433 0.0173987 0.0158156 0.0190654 0.0190654 0.0506224 0.0809778 0.0677365 0.0676230 0.0679265 0.0690845 0.0616808 0.0647802 
HQ015405.1_Salpa_aspera                  0.0729161 0.1486446 0.0794327 0.0467405 0.1486446 0.0701730 0.0704380 0.0256962 0.0767667 0.0359687 0.0144954 0.0704380 0.0834743 0.1528029 0.1973925 0.4579851 0.2828646 0.2133660 0.0964953 0.1500157 0.0857593 0.0905447 0.0807573 0.0805138 0.0764014 0.0837617 0.0781651 0.0144954 0.0471961 0.0471961 0.0471841 0.0655397 0.0241276 0.0241276 0.0114862 0.0114862 0.0000000 0.0274684 0.0274684 0.0359687 0.0380067 0.0256962 0.0255468 0.0275276 0.0275276 0.0611832 0.0828121 0.0737924 0.0736654 0.0739959 0.0701730 0.0646494 0.0770301 
HQ015404.1_Brooksia_rostrata             0.0701897 0.1324449 0.0765946 0.0430237 0.1324449 0.0675013 0.0677559 0.0190298 0.0694778 0.0228036 0.0159580 0.0677559 0.0704611 0.1659521 0.1870585 0.4452214 0.2675968 0.2182655 0.1065995 0.1630373 0.0832703 0.0879954 0.0804624 0.0899029 0.0850554 0.0882435 0.0778828 0.0159580 0.0434438 0.0434438 0.0434318 0.0614326 0.0144340 0.0144340 0.0175124 0.0175124 0.0274684 0.0000000 0.0000010 0.0228036 0.0246315 0.0190298 0.0174184 0.0207314 0.0207314 0.0592540 0.0912186 0.0722960 0.0721733 0.0749702 0.0675013 0.0601287 0.0697123 
HQ015403.1_Brooksia_rostrata             0.0701897 0.1324449 0.0765946 0.0430237 0.1324449 0.0675013 0.0677559 0.0190298 0.0694778 0.0228036 0.0159580 0.0677559 0.0704611 0.1659521 0.1870585 0.4452214 0.2675968 0.2182655 0.1065995 0.1630373 0.0832703 0.0879954 0.0804624 0.0899029 0.0850554 0.0882435 0.0778828 0.0159580 0.0434438 0.0434438 0.0434318 0.0614326 0.0144340 0.0144340 0.0175124 0.0175124 0.0274684 0.0000010 0.0000000 0.0228036 0.0246315 0.0190298 0.0174184 0.0207314 0.0207314 0.0592540 0.0912186 0.0722960 0.0721733 0.0749702 0.0675013 0.0601287 0.0697123 
HQ015402.1_Iasis_cylindrica              0.0702901 0.1243207 0.0747039 0.0282269 0.1243207 0.0675984 0.0678535 0.0258372 0.0675333 0.0000010 0.0240500 0.0678535 0.0638076 0.1511813 0.1754961 0.4570754 0.2337907 0.2048889 0.1025486 0.1484050 0.0881736 0.0881103 0.0826271 0.0829638 0.0851678 0.0883585 0.0800249 0.0240500 0.0265188 0.0265188 0.0265099 0.0390898 0.0210996 0.0210996 0.0241155 0.0241155 0.0359687 0.0228036 0.0228036 0.0000000 0.0013792 0.0258372 0.0241085 0.0243038 0.0243038 0.0472579 0.0930669 0.0616514 0.0615490 0.0618310 0.0675984 0.0602161 0.0677609 
HQ015399.1_Iasis_cylindrica              0.0675984 0.1278972 0.0775025 0.0301790 0.1278972 0.0649615 0.0652062 0.0277009 0.0702612 0.0013792 0.0258724 0.0652062 0.0664342 0.1551648 0.1713756 0.4583155 0.2386811 0.2095229 0.1058203 0.1523504 0.0912329 0.0911693 0.0855801 0.0859312 0.0881643 0.0914206 0.0829307 0.0258724 0.0284400 0.0284400 0.0284304 0.0412466 0.0228913 0.0228913 0.0259433 0.0259433 0.0380067 0.0246315 0.0246315 0.0013792 0.0000000 0.0277009 0.0259358 0.0261483 0.0261483 0.0495896 0.0961782 0.0642421 0.0641343 0.0644271 0.0649615 0.0627958 0.0705001 
HQ015398.1_Cyclosalpa_sewelli            0.0737955 0.1341210 0.0760370 0.0427159 0.1341210 0.0710691 0.0713342 0.0000010 0.0685284 0.0258372 0.0174501 0.0713342 0.0770193 0.1610298 0.1894429 0.4502982 0.2545119 0.2136257 0.1034918 0.1581689 0.0826550 0.0873480 0.0778368 0.0871501 0.0823718 0.0855036 0.0752969 0.0174501 0.0431305 0.0431305 0.0431186 0.0530271 0.0129371 0.0129371 0.0173987 0.0173987 0.0256962 0.0190298 0.0190298 0.0258372 0.0277009 0.0000000 0.0041550 0.0041658 0.0041658 0.0527675 0.0804871 0.0614061 0.0613047 0.0639100 0.0710691 0.0636012 0.0687574 
HQ015393.1_Cyclosalpa_floridana          0.0692647 0.1283592 0.0715557 0.0407090 0.1283592 0.0666138 0.0668630 0.0041550 0.0681371 0.0241085 0.0128939 0.0668630 0.0745160 0.1617391 0.1825325 0.4333860 0.2463160 0.2061819 0.1006346 0.1588739 0.0779506 0.0825493 0.0752456 0.0844230 0.0797184 0.0827907 0.0727476 0.0128939 0.0411026 0.0411026 0.0410908 0.0545997 0.0143477 0.0143477 0.0158156 0.0158156 0.0255468 0.0174184 0.0174184 0.0241085 0.0259358 0.0041550 0.0000000 0.0056026 0.0056026 0.0506073 0.0809541 0.0610556 0.0609553 0.0635448 0.0666138 0.0593424 0.0683638 
HQ015392.1_Cyclosalpa_affinis            0.0740272 0.1369582 0.0762711 0.0388132 0.1369582 0.0712908 0.0715573 0.0041658 0.0683127 0.0243038 0.0191221 0.0715573 0.0797718 0.1612572 0.1966963 0.4383099 0.2585612 0.2179410 0.1083952 0.1583960 0.0876862 0.0876231 0.0780806 0.0874242 0.0826301 0.0857734 0.0755319 0.0191221 0.0391876 0.0391876 0.0391760 0.0507059 0.0175618 0.0175618 0.0190654 0.0190654 0.0275276 0.0207314 0.0207314 0.0243038 0.0261483 0.0041658 0.0056026 0.0000000 0.0000010 0.0549774 0.0832699 0.0615935 0.0614915 0.0641065 0.0712908 0.0637962 0.0685402 
HQ015391.1_Cyclosalpa_affinis            0.0740272 0.1369582 0.0762711 0.0388132 0.1369582 0.0712908 0.0715573 0.0041658 0.0683127 0.0243038 0.0191221 0.0715573 0.0797718 0.1612572 0.1966963 0.4383099 0.2585612 0.2179410 0.1083952 0.1583960 0.0876862 0.0876231 0.0780806 0.0874242 0.0826301 0.0857734 0.0755319 0.0191221 0.0391876 0.0391876 0.0391760 0.0507059 0.0175618 0.0175618 0.0190654 0.0190654 0.0275276 0.0207314 0.0207314 0.0243038 0.0261483 0.0041658 0.0056026 0.0000010 0.0000000 0.0549774 0.0832699 0.0615935 0.0614915 0.0641065 0.0712908 0.0637962 0.0685402 
HQ015390.1_Thetys_vagina                 0.0644133 0.1225810 0.0640964 0.0565025 0.1225810 0.0618445 0.0620762 0.0527675 0.0708334 0.0472579 0.0508098 0.0620762 0.0622340 0.1273797 0.1731040 0.4150277 0.2325409 0.2022838 0.0865751 0.1248202 0.0628142 0.0649055 0.0638828 0.0719280 0.0695793 0.0608057 0.0635097 0.0508098 0.0590428 0.0590428 0.0590324 0.0620682 0.0544047 0.0544047 0.0506224 0.0506224 0.0611832 0.0592540 0.0592540 0.0472579 0.0495896 0.0527675 0.0506073 0.0549774 0.0549774 0.0000000 0.0398850 0.0536125 0.0535250 0.0534264 0.0618445 0.0482571 0.0710723 
HQ015389.1_Soestia_zonaria               0.0821708 0.1551523 0.0891751 0.0812700 0.1551523 0.0793266 0.0796180 0.0804871 0.0921729 0.0930669 0.0791633 0.0796180 0.1001811 0.1552411 0.2059699 0.4620111 0.2805197 0.2247186 0.1138339 0.1524240 0.0824339 0.0849150 0.0869396 0.0960231 0.0884396 0.0878553 0.0895787 0.0791633 0.0862553 0.0862553 0.0841905 0.0920944 0.0907214 0.0907214 0.0809778 0.0809778 0.0828121 0.0912186 0.0912186 0.0930669 0.0961782 0.0804871 0.0809541 0.0832699 0.0832699 0.0398850 0.0000000 0.0917053 0.0915424 0.0860236 0.0793266 0.0682606 0.0924926 
HQ015388.1_Pegea_bicaudata               0.0884719 0.1599696 0.0984771 0.0722371 0.1599696 0.0855032 0.0858175 0.0614061 0.0944152 0.0616514 0.0659866 0.0858175 0.0907592 0.1769161 0.2153589 0.5006811 0.2782551 0.2430574 0.1192131 0.1739003 0.1041756 0.1041130 0.0999507 0.1097245 0.1009081 0.1043673 0.0971491 0.0659866 0.0750520 0.0750520 0.0750499 0.0731100 0.0678511 0.0678511 0.0677365 0.0677365 0.0737924 0.0722960 0.0722960 0.0616514 0.0642421 0.0614061 0.0610556 0.0615935 0.0615935 0.0536125 0.0917053 0.0000000 0.0000010 0.0027621 0.0855032 0.0794946 0.0947471 
HQ015387.1_Pegea_confoederata            0.0883147 0.1596545 0.0983013 0.0721122 0.1596545 0.0853525 0.0856659 0.0613047 0.0942466 0.0615490 0.0658760 0.0856659 0.0905973 0.1765652 0.2149182 0.4994947 0.2776550 0.2425454 0.1189907 0.1735566 0.1039869 0.1039244 0.0997723 0.1095237 0.1007271 0.1041783 0.0969768 0.0658760 0.0749210 0.0749210 0.0749188 0.0729846 0.0677372 0.0677372 0.0676230 0.0676230 0.0736654 0.0721733 0.0721733 0.0615490 0.0641343 0.0613047 0.0609553 0.0614915 0.0614915 0.0535250 0.0915424 0.0000010 0.0000000 0.0027596 0.0853525 0.0793572 0.0945773 
HQ015386.1_Pegea_confoederata            0.0936604 0.1631071 0.1015184 0.0690380 0.1631071 0.0906106 0.0909410 0.0639100 0.0968666 0.0618310 0.0661739 0.0909410 0.0904491 0.1717733 0.2115040 0.5067164 0.2737822 0.2389035 0.1194294 0.1688044 0.1043789 0.1043163 0.1001483 0.1099330 0.1039842 0.1045706 0.0973434 0.0661739 0.0717750 0.0717750 0.0717706 0.0699227 0.0704560 0.0704560 0.0679265 0.0679265 0.0739959 0.0749702 0.0749702 0.0618310 0.0644271 0.0639100 0.0635448 0.0641065 0.0641065 0.0534264 0.0860236 0.0027621 0.0027596 0.0000000 0.0906106 0.0817867 0.0972085 
HQ015385.1_Pyrosoma_atlanticum           0.0013795 0.1054069 0.0364260 0.0731647 0.1054069 0.0000010 0.0027547 0.0710691 0.0849094 0.0675984 0.0692839 0.0027547 0.0893930 0.1361630 0.1745497 0.4100866 0.2636156 0.2188436 0.0663399 0.1335431 0.0399931 0.0365195 0.0360680 0.0453151 0.0360180 0.0418046 0.0399251 0.0692839 0.0780802 0.0780802 0.0760132 0.0986568 0.0691440 0.0691440 0.0690845 0.0690845 0.0701730 0.0675013 0.0675013 0.0675984 0.0649615 0.0710691 0.0666138 0.0712908 0.0712908 0.0618445 0.0793266 0.0855032 0.0853525 0.0906106 0.0000000 0.0101285 0.0852027 
HQ015379.1_Pyrostremma_spinosum          0.0117110 0.0988840 0.0399246 0.0602805 0.0988840 0.0101285 0.0101628 0.0636012 0.0713778 0.0602161 0.0618628 0.0101628 0.0733172 0.1190433 0.1660184 0.3971339 0.2431001 0.2000430 0.0633254 0.1165983 0.0410562 0.0376160 0.0357154 0.0428569 0.0377784 0.0394235 0.0375926 0.0618628 0.0648131 0.0648131 0.0628558 0.0838866 0.0617369 0.0617369 0.0616808 0.0616808 0.0646494 0.0601287 0.0601287 0.0602161 0.0627958 0.0636012 0.0593424 0.0637962 0.0637962 0.0482571 0.0682606 0.0794946 0.0793572 0.0817867 0.0101285 0.0000000 0.0716144 
HQ015378.1_Ihlea_racovitzai              0.0881660 0.1611824 0.1044170 0.0602481 0.1611824 0.0852027 0.0855159 0.0687574 0.0000010 0.0677609 0.0646097 0.0855159 0.0470716 0.1771248 0.2397078 0.4834302 0.2868859 0.2470557 0.1373150 0.1741044 0.1010869 0.1061321 0.1030180 0.1169652 0.1076030 0.1099008 0.1058873 0.0646097 0.0647802 0.0647802 0.0628230 0.0702777 0.0693105 0.0693105 0.0647802 0.0647802 0.0770301 0.0697123 0.0697123 0.0677609 0.0705001 0.0687574 0.0683638 0.0685402 0.0685402 0.0710723 0.0924926 0.0947471 0.0945773 0.0972085 0.0852027 0.0716144 0.0000000 
