62
AB013011.1_Pyrosoma_atlanticum           0.0000000 0.1570666 0.2488979 0.0879643 0.0757539 0.0635165 0.0810237 0.1439956 0.0758741 0.0699379 0.1520165 0.0180949 0.0158327 0.1063240 0.1367620 0.1262584 0.1411683 0.0114122 0.1397399 0.1413955 0.1417438 0.0441546 0.0147044 0.0145168 0.0140553 0.0155172 0.0152142 0.1230491 0.1303005 0.1302454 0.1338198 0.1013289 0.1752338 0.1346681 0.1134677 0.1191744 0.1382592 0.1327508 0.1015064 0.1111977 0.1041918 0.1129109 0.1175820 0.1103511 0.1469750 0.1530386 0.1228525 0.1215700 0.1277826 0.1231455 0.1486424 0.1186660 0.1045560 0.1380663 0.1282078 0.1296688 0.1326467 0.1065115 0.2147268 0.2143841 0.2265111 0.3432120 
AB013012.1_Doliolum_nationalis           0.1570666 0.0000000 0.3056325 0.1653402 0.1562806 0.1602793 0.1592376 0.2064368 0.1580560 0.1509040 0.0284009 0.1484648 0.1573911 0.1719889 0.1934340 0.1998084 0.1956663 0.1554604 0.0254199 0.2020581 0.2002088 0.1484050 0.1559937 0.1544345 0.1555503 0.1659725 0.1580123 0.1868945 0.1986860 0.1880808 0.1849784 0.1697762 0.2759927 0.2138394 0.1803706 0.1739533 0.2087526 0.2048730 0.1613537 0.1764638 0.1771729 0.1755761 0.1912225 0.1770994 0.2118211 0.2234192 0.1851176 0.1697506 0.1730818 0.1764097 0.2142879 0.1836886 0.1745368 0.1972174 0.1850169 0.1814947 0.1841887 0.1649946 0.2483247 0.2580400 0.2588254 0.4101350 
AB013014.1_Oikopleura_dioica             0.2488979 0.3056325 0.0000000 0.2502219 0.2380382 0.2262233 0.2393249 0.2703597 0.2355915 0.2331188 0.3055120 0.2316796 0.2507760 0.2623112 0.2722699 0.2816439 0.2840684 0.2472311 0.2936364 0.2655725 0.2780286 0.2328410 0.2517717 0.2497971 0.2509667 0.2565998 0.2568700 0.2764194 0.3062501 0.2961346 0.2582813 0.2478692 0.3958342 0.3134935 0.2682673 0.2714382 0.3005864 0.2950370 0.2445021 0.2662948 0.2643352 0.2751299 0.2800344 0.2670327 0.3029827 0.3145975 0.2847896 0.2648697 0.2795844 0.2796289 0.3124131 0.2766062 0.2550168 0.2612135 0.2510332 0.2472879 0.2496986 0.2541285 0.3125998 0.3129840 0.3266941 0.5350049 
AB013017.1_Ciona_intestinalis            0.0879643 0.1653402 0.2502219 0.0000000 0.0730407 0.0611599 0.0727084 0.1542011 0.0697301 0.0680348 0.1445605 0.0707741 0.0804705 0.1072063 0.1331905 0.1345837 0.1293955 0.0771848 0.1446901 0.1433582 0.1438659 0.0723620 0.0823051 0.0810526 0.0805783 0.0835957 0.0730582 0.1335803 0.1408652 0.1391137 0.1156646 0.1165814 0.2184733 0.1676491 0.1266012 0.1284602 0.1371503 0.1303787 0.1082385 0.1186426 0.1188350 0.1237999 0.1132487 0.1382417 0.1421676 0.1561081 0.1346957 0.1240733 0.1303760 0.1320063 0.1430967 0.1404936 0.1218025 0.1491384 0.1403654 0.1400307 0.1430044 0.0859065 0.1902255 0.2090592 0.2189023 0.3573800 
AB075543.1_Megalodicopia_hians           0.0757539 0.1562806 0.2380382 0.0730407 0.0000000 0.0438515 0.0225690 0.1550568 0.0531496 0.0474908 0.1489167 0.0620123 0.0704246 0.1111167 0.1354365 0.1409808 0.1486300 0.0662627 0.1378114 0.1392069 0.1381482 0.0583760 0.0679060 0.0684350 0.0670568 0.0697250 0.0643572 0.1263694 0.1398436 0.1381088 0.1258136 0.1034869 0.2099565 0.1600883 0.1257855 0.1278122 0.1432531 0.1385579 0.1091849 0.1187528 0.1223793 0.1223289 0.1364766 0.1294587 0.1681218 0.1688794 0.1312522 0.1259857 0.1279027 0.1289720 0.1520124 0.1418001 0.1228811 0.1497723 0.1379160 0.1384584 0.1405108 0.0709964 0.1726952 0.1908665 0.2028026 0.3396235 
AB104873.1_Perophora_sagamiensis         0.0635165 0.1602793 0.2262233 0.0611599 0.0438515 0.0000000 0.0454125 0.1452548 0.0459619 0.0437435 0.1488245 0.0497051 0.0596672 0.1039635 0.1346407 0.1357505 0.1419948 0.0567408 0.1371242 0.1334135 0.1375136 0.0489372 0.0609636 0.0603224 0.0593702 0.0616880 0.0563506 0.1230416 0.1345092 0.1328388 0.1177695 0.0914583 0.2037224 0.1504556 0.1194446 0.1222306 0.1422436 0.1357728 0.1036491 0.1115206 0.1131904 0.1140376 0.1277783 0.1226424 0.1572958 0.1596825 0.1244545 0.1206724 0.1247757 0.1249373 0.1542957 0.1283789 0.1132041 0.1413195 0.1332589 0.1347082 0.1358345 0.0599304 0.1829155 0.1731425 0.2103569 0.3493874 
AF165821.2_Chelyosoma_siboja             0.0810237 0.1592376 0.2393249 0.0727084 0.0225690 0.0454125 0.0000000 0.1561066 0.0533457 0.0470663 0.1503785 0.0633196 0.0738858 0.1090599 0.1326686 0.1407418 0.1464801 0.0688818 0.1393608 0.1418397 0.1334927 0.0594490 0.0721684 0.0734099 0.0712964 0.0724637 0.0678265 0.1278563 0.1441914 0.1406016 0.1271079 0.1013621 0.2080141 0.1550226 0.1247666 0.1279795 0.1432412 0.1385190 0.1070447 0.1148690 0.1210076 0.1231956 0.1350830 0.1281141 0.1664230 0.1671774 0.1281799 0.1272262 0.1280696 0.1268309 0.1520525 0.1379289 0.1211339 0.1500155 0.1382135 0.1378222 0.1408214 0.0738126 0.1872686 0.2004179 0.2103176 0.3585278 
D14366.1_Thalia_democratica              0.1439956 0.2064368 0.2703597 0.1542011 0.1550568 0.1452548 0.1561066 0.0000000 0.1434935 0.1427663 0.1983042 0.1334754 0.1369118 0.0881263 0.1245110 0.0974655 0.1101917 0.1334242 0.1909040 0.1171461 0.1251045 0.1261174 0.1342962 0.1342962 0.1342303 0.1366309 0.1294784 0.1308550 0.1459391 0.1413269 0.1431079 0.1133716 0.1849726 0.1325935 0.0876931 0.1041854 0.1190665 0.1115166 0.0779299 0.0901561 0.0842766 0.0866340 0.0967851 0.0968092 0.1183774 0.1246723 0.0962515 0.0851589 0.0952360 0.0942987 0.1217198 0.0993233 0.0761745 0.0609920 0.0179670 0.0212151 0.0212151 0.1710938 0.2584969 0.2596561 0.3078022 0.4031848 
FM244840.1_Clavelina_meridionalis        0.0758741 0.1580560 0.2355915 0.0697301 0.0531496 0.0459619 0.0533457 0.1434935 0.0000000 0.0231816 0.1467730 0.0581725 0.0696606 0.1015388 0.1234982 0.1383485 0.1385378 0.0686451 0.1433121 0.1378518 0.1348394 0.0581404 0.0719101 0.0708270 0.0702402 0.0702237 0.0681082 0.1226343 0.1310208 0.1276938 0.1088854 0.0998241 0.2262545 0.1700169 0.1232380 0.1280976 0.1372372 0.1346891 0.1047248 0.1191933 0.1151045 0.1221896 0.1324584 0.1357662 0.1580531 0.1569486 0.1293565 0.1212181 0.1263533 0.1279318 0.1451897 0.1365121 0.1166284 0.1379137 0.1363155 0.1377591 0.1407786 0.0751723 0.1760992 0.1907159 0.2032234 0.3529513 
FM244841.1_Pycnoclavella_aff._detorta    0.0699379 0.1509040 0.2331188 0.0680348 0.0474908 0.0437435 0.0470663 0.1427663 0.0231816 0.0000000 0.1398916 0.0532608 0.0643709 0.0990189 0.1282175 0.1298159 0.1377144 0.0618810 0.1342596 0.1353781 0.1344228 0.0528426 0.0646637 0.0636952 0.0630304 0.0651069 0.0593808 0.1189696 0.1314546 0.1277655 0.1056902 0.0943617 0.2122450 0.1560068 0.1171462 0.1234506 0.1348321 0.1313740 0.1016324 0.1125282 0.1093244 0.1135490 0.1258538 0.1264936 0.1485237 0.1483182 0.1244962 0.1194547 0.1229156 0.1238839 0.1422110 0.1306311 0.1116002 0.1308122 0.1314125 0.1328792 0.1360988 0.0711909 0.1746522 0.1897488 0.2059218 0.3398665 
FM244861.1_Doliolum_denticulatu          0.1520165 0.0284009 0.3055120 0.1445605 0.1489167 0.1488245 0.1503785 0.1983042 0.1467730 0.1398916 0.0000000 0.1348530 0.1479624 0.1661272 0.1828858 0.1860080 0.1861161 0.1447827 0.0260559 0.1932043 0.1922170 0.1369754 0.1472564 0.1467858 0.1468415 0.1543729 0.1465959 0.1799252 0.1961350 0.1911626 0.1834776 0.1671485 0.2833171 0.2176998 0.1774901 0.1751782 0.2028633 0.1933240 0.1559746 0.1719724 0.1723139 0.1722316 0.1859289 0.1767801 0.2009513 0.2178295 0.1780405 0.1682602 0.1698749 0.1705425 0.1976321 0.1893328 0.1739136 0.1938536 0.1790551 0.1754514 0.1793680 0.1612429 0.2419351 0.2437871 0.2524485 0.3939736 
FM244862.1_Pyrosoma_godeauxi             0.0180949 0.1484648 0.2316796 0.0707741 0.0620123 0.0497051 0.0633196 0.1334754 0.0581725 0.0532608 0.1348530 0.0000000 0.0112076 0.0915949 0.1158449 0.1291318 0.1225199 0.0070700 0.1306611 0.1176722 0.1140521 0.0273660 0.0105235 0.0105235 0.0091903 0.0058883 0.0079136 0.1071851 0.1229761 0.1209728 0.1135913 0.0843998 0.1944240 0.1405920 0.1032410 0.1125908 0.1211691 0.1210221 0.0926587 0.1007045 0.0985666 0.1093177 0.1167316 0.1231976 0.1389686 0.1385858 0.1107394 0.1021704 0.1117156 0.1106392 0.1337931 0.1181478 0.0973731 0.1367106 0.1254613 0.1281157 0.1281157 0.0887730 0.1958319 0.1966690 0.2210034 0.3495774 
FM244863.1_Pyrosomella_verticillata      0.0158327 0.1573911 0.2507760 0.0804705 0.0704246 0.0596672 0.0738858 0.1369118 0.0696606 0.0643709 0.1479624 0.0112076 0.0000000 0.1020729 0.1324662 0.1232478 0.1294710 0.0041427 0.1329454 0.1325827 0.1379575 0.0393266 0.0072766 0.0071857 0.0084894 0.0091702 0.0087387 0.1193453 0.1293749 0.1284945 0.1236258 0.0989746 0.2019541 0.1465896 0.1116001 0.1192071 0.1335955 0.1279239 0.0996422 0.1053498 0.0977141 0.1078024 0.1135980 0.1163141 0.1439619 0.1489330 0.1222898 0.1122137 0.1208064 0.1216536 0.1416575 0.1237868 0.1040129 0.1375540 0.1235673 0.1250588 0.1283445 0.0927137 0.1975014 0.2104776 0.2290334 0.3541366 
FM244864.1_Cyclosalpa_quadriluminis      0.1063240 0.1719889 0.2623112 0.1072063 0.1111167 0.1039635 0.1090599 0.0881263 0.1015388 0.0990189 0.1661272 0.0915949 0.1020729 0.0000000 0.1003918 0.0756257 0.0681565 0.0992838 0.1609333 0.1005913 0.1074109 0.0847766 0.1041593 0.1024659 0.1038743 0.1048989 0.0984358 0.0883403 0.0982211 0.0980622 0.1074655 0.0742983 0.1057976 0.0634395 0.0287570 0.0283901 0.0477474 0.0404044 0.0069138 0.0190198 0.0513178 0.0597223 0.0636430 0.0716405 0.0803258 0.0900289 0.0608503 0.0510571 0.0562469 0.0552610 0.0789666 0.0578771 0.0391621 0.0833213 0.0760552 0.0769219 0.0799236 0.1207575 0.2265499 0.2335292 0.2429118 0.3718729 
FM244865.1_Ihlea_racovitzai              0.1367620 0.1934340 0.2722699 0.1331905 0.1354365 0.1346407 0.1326686 0.1245110 0.1234982 0.1282175 0.1828858 0.1158449 0.1324662 0.1003918 0.0000000 0.1161382 0.1137655 0.1306662 0.1833919 0.0766014 0.0204150 0.1114069 0.1355098 0.1332092 0.1351265 0.1386608 0.1311948 0.1371022 0.1388160 0.1418224 0.1408770 0.1122989 0.2229087 0.1646336 0.1145552 0.1220444 0.1308137 0.1209118 0.0954024 0.1070202 0.1069712 0.1179918 0.1164009 0.1259486 0.1252339 0.1307241 0.1170656 0.1021188 0.1080848 0.1093309 0.1222347 0.1272706 0.1041364 0.1152773 0.1130746 0.1145960 0.1176110 0.1486665 0.2380015 0.2469442 0.2609611 0.4026141 
FM244866.1_Iasis_cylindrica              0.1262584 0.1998084 0.2816439 0.1345837 0.1409808 0.1357505 0.1407418 0.0974655 0.1383485 0.1298159 0.1860080 0.1291318 0.1232478 0.0756257 0.1161382 0.0000000 0.0507767 0.1183172 0.2016731 0.1300496 0.1255942 0.1212768 0.1224801 0.1224801 0.1233646 0.1236605 0.1210033 0.1097320 0.1329447 0.1291819 0.1338120 0.0968109 0.1632788 0.1159476 0.0776432 0.0909829 0.0589729 0.0394956 0.0678669 0.0756532 0.0401448 0.0472190 0.0282392 0.0688566 0.0529072 0.0588253 0.0851404 0.0720676 0.0810440 0.0801065 0.0466509 0.0867387 0.0635697 0.0991057 0.0841790 0.0849332 0.0849332 0.1605218 0.2539142 0.2687459 0.2712225 0.4280659 
FM244867.1_Salpa_thompsoni               0.1411683 0.1956663 0.2840684 0.1293955 0.1486300 0.1419948 0.1464801 0.1101917 0.1385378 0.1377144 0.1861161 0.1225199 0.1294710 0.0681565 0.1137655 0.0507767 0.0000000 0.1288091 0.1856866 0.1233629 0.1263537 0.1222164 0.1324618 0.1302118 0.1320866 0.1388655 0.1276338 0.1193318 0.1343502 0.1311769 0.1326043 0.1094922 0.1667250 0.1125202 0.0687869 0.0827828 0.0653947 0.0543199 0.0570134 0.0662934 0.0685416 0.0828040 0.0512287 0.0896240 0.0420070 0.0667139 0.0573159 0.0339905 0.0551378 0.0534062 0.0365269 0.0756370 0.0559985 0.1003119 0.0948493 0.0948152 0.0977610 0.1633372 0.2506117 0.2644303 0.2663369 0.3960000 
HQ015380.1_Pyrosomella_verticillata      0.0114122 0.1554604 0.2472311 0.0771848 0.0662627 0.0567408 0.0688818 0.1334242 0.0686451 0.0618810 0.1447827 0.0070700 0.0041427 0.0992838 0.1306662 0.1183172 0.1288091 0.0000000 0.1313267 0.1307078 0.1289210 0.0349216 0.0029553 0.0029484 0.0041369 0.0029851 0.0048719 0.1140397 0.1305240 0.1276860 0.1217995 0.0925490 0.1884811 0.1381346 0.1069332 0.1145447 0.1298171 0.1246854 0.0953036 0.1043843 0.0953696 0.1049185 0.1098963 0.1106497 0.1402552 0.1452590 0.1166667 0.1081107 0.1169923 0.1160742 0.1391105 0.1179887 0.0999926 0.1336279 0.1193032 0.1210696 0.1210696 0.0913114 0.1986167 0.2019493 0.2251490 0.3473353 
HQ015376.1_Doliolum_denticulatum         0.1397399 0.0254199 0.2936364 0.1446901 0.1378114 0.1371242 0.1393608 0.1909040 0.1433121 0.1342596 0.0260559 0.1306611 0.1329454 0.1609333 0.1833919 0.2016731 0.1856866 0.1313267 0.0000000 0.1753023 0.1826757 0.1313479 0.1338779 0.1338779 0.1338128 0.1343135 0.1309589 0.1746461 0.1913068 0.1846523 0.1749578 0.1528476 0.2805980 0.2151835 0.1731986 0.1713291 0.1955591 0.1937245 0.1584147 0.1659811 0.1637846 0.1700418 0.1822654 0.1857096 0.2064745 0.2176669 0.1724496 0.1668668 0.1682760 0.1670318 0.2042747 0.1841579 0.1702483 0.1895093 0.1799749 0.1766025 0.1766025 0.1482802 0.2403119 0.2478376 0.2441009 0.3938829 
HQ015377.1_Salpidae_gen._nov._sp._nov._A 0.1413955 0.2020581 0.2655725 0.1433582 0.1392069 0.1334135 0.1418397 0.1171461 0.1378518 0.1353781 0.1932043 0.1176722 0.1325827 0.1005913 0.0766014 0.1300496 0.1233629 0.1307078 0.1753023 0.0000000 0.0799673 0.1113714 0.1346914 0.1337164 0.1343033 0.1336859 0.1311072 0.1262769 0.1331575 0.1330799 0.1377208 0.0997271 0.2125617 0.1578924 0.1111273 0.1174646 0.1309403 0.1289552 0.0920864 0.1073568 0.0969162 0.1069161 0.1153361 0.1198373 0.1348147 0.1424000 0.1140798 0.1010369 0.1120583 0.1115848 0.1392667 0.1233257 0.1013436 0.1114006 0.1143667 0.1133812 0.1131971 0.1577110 0.2467047 0.2361346 0.2737278 0.4132648 
HQ015378.1_Ihlea_racovitzai              0.1417438 0.2002088 0.2780286 0.1438659 0.1381482 0.1375136 0.1334927 0.1251045 0.1348394 0.1344228 0.1922170 0.1140521 0.1379575 0.1074109 0.0204150 0.1255942 0.1263537 0.1289210 0.1826757 0.0799673 0.0000000 0.1178299 0.1324041 0.1366410 0.1320314 0.1328712 0.1293706 0.1351083 0.1454346 0.1442763 0.1484156 0.1156897 0.1905116 0.1476059 0.1152202 0.1261103 0.1377210 0.1305060 0.0958564 0.1135235 0.1103488 0.1255818 0.1271026 0.1213346 0.1358358 0.1439694 0.1164549 0.1077947 0.1140640 0.1087186 0.1341493 0.1331715 0.1104846 0.1200886 0.1125740 0.1140918 0.1161219 0.1547842 0.2473328 0.2570863 0.2733378 0.4218321 
HQ015379.1_Pyrostremma_spinosum          0.0441546 0.1484050 0.2328410 0.0723620 0.0583760 0.0489372 0.0594490 0.1261174 0.0581404 0.0528426 0.1369754 0.0273660 0.0393266 0.0847766 0.1114069 0.1212768 0.1222164 0.0349216 0.1313479 0.1113714 0.1178299 0.0000000 0.0390995 0.0385463 0.0390044 0.0405374 0.0372133 0.1022551 0.1119388 0.1084838 0.1024698 0.0770371 0.1870036 0.1327252 0.0964002 0.1028729 0.1187504 0.1132617 0.0840578 0.0929270 0.0943034 0.1001275 0.1106321 0.1125619 0.1330824 0.1340035 0.1136869 0.1039490 0.1098291 0.1103327 0.1342757 0.1105529 0.0938296 0.1209387 0.1139078 0.1154345 0.1188969 0.0754138 0.1855121 0.1970738 0.2173369 0.3272212 
HQ015381.1_Pyrosoma_atlanticum           0.0147044 0.1559937 0.2517717 0.0823051 0.0679060 0.0609636 0.0721684 0.1342962 0.0719101 0.0646637 0.1472564 0.0105235 0.0072766 0.1041593 0.1355098 0.1224801 0.1324618 0.0029553 0.1338779 0.1346914 0.1324041 0.0390995 0.0000000 0.0000010 0.0011570 0.0061219 0.0080960 0.1188279 0.1365819 0.1325152 0.1234100 0.0970536 0.1908869 0.1402114 0.1105670 0.1186391 0.1357782 0.1304424 0.0997886 0.1085046 0.0985807 0.1081533 0.1137470 0.1132307 0.1444982 0.1498925 0.1197295 0.1093432 0.1204054 0.1193853 0.1445226 0.1231031 0.1036341 0.1356936 0.1179809 0.1209242 0.1200958 0.0918898 0.2010031 0.2070364 0.2303521 0.3446925 
HQ015382.1_Pyrosomella_verticillata      0.0145168 0.1544345 0.2497971 0.0810526 0.0684350 0.0603224 0.0734099 0.1342962 0.0708270 0.0636952 0.1467858 0.0105235 0.0071857 0.1024659 0.1332092 0.1224801 0.1302118 0.0029484 0.1338779 0.1337164 0.1366410 0.0385463 0.0000010 0.0000000 0.0011550 0.0085456 0.0080960 0.1180057 0.1342972 0.1304158 0.1214038 0.0965603 0.1934181 0.1398801 0.1103221 0.1177710 0.1353602 0.1297322 0.0997886 0.1085046 0.0981520 0.1064820 0.1132217 0.1132307 0.1424024 0.1473785 0.1197295 0.1086138 0.1185015 0.1191127 0.1437125 0.1219009 0.1029896 0.1334927 0.1179809 0.1202911 0.1228875 0.0905034 0.1974732 0.2062887 0.2271647 0.3428124 
HQ015383.1_Pyrosomella_verticillata      0.0140553 0.1555503 0.2509667 0.0805783 0.0670568 0.0593702 0.0712964 0.1342303 0.0702402 0.0630304 0.1468415 0.0091903 0.0084894 0.1038743 0.1351265 0.1233646 0.1320866 0.0041369 0.1338128 0.1343033 0.1320314 0.0390044 0.0011570 0.0011550 0.0000000 0.0048795 0.0068380 0.1185002 0.1362014 0.1321465 0.1230746 0.0967967 0.1903616 0.1398127 0.1102716 0.1183145 0.1353915 0.1301014 0.0997406 0.1084540 0.0983948 0.1078607 0.1134342 0.1131760 0.1440823 0.1503894 0.1196983 0.1090481 0.1200733 0.1190567 0.1441336 0.1227624 0.1033575 0.1353115 0.1179259 0.1205957 0.1197696 0.0901422 0.2004030 0.2064048 0.2298474 0.3438583 
HQ015384.1_Pyrosoma_godeauxi             0.0155172 0.1659725 0.2565998 0.0835957 0.0697250 0.0616880 0.0724637 0.1366309 0.0702237 0.0651069 0.1543729 0.0058883 0.0091702 0.1048989 0.1386608 0.1236605 0.1388655 0.0029851 0.1343135 0.1336859 0.1328712 0.0405374 0.0061219 0.0085456 0.0048795 0.0000000 0.0055643 0.1158660 0.1373198 0.1344707 0.1283893 0.0957095 0.2001064 0.1446476 0.1109699 0.1227862 0.1351891 0.1300603 0.0980715 0.1091668 0.0984848 0.1116086 0.1136793 0.1147195 0.1477219 0.1532666 0.1221530 0.1170421 0.1263225 0.1223348 0.1463247 0.1253336 0.1065423 0.1418610 0.1246753 0.1261820 0.1276017 0.0957716 0.2070214 0.2133944 0.2369024 0.3671989 
HQ015385.1_Pyrosoma_atlanticum           0.0152142 0.1580123 0.2568700 0.0730582 0.0643572 0.0563506 0.0678265 0.1294784 0.0681082 0.0593808 0.1465959 0.0079136 0.0087387 0.0984358 0.1311948 0.1210033 0.1276338 0.0048719 0.1309589 0.1311072 0.1293706 0.0372133 0.0080960 0.0080960 0.0068380 0.0055643 0.0000000 0.1162617 0.1336246 0.1307111 0.1232053 0.0925737 0.1928756 0.1403311 0.1074854 0.1155583 0.1309806 0.1261507 0.0941265 0.1041784 0.0962052 0.1063244 0.1115734 0.1122679 0.1416444 0.1472389 0.1171850 0.1060505 0.1171948 0.1161499 0.1404763 0.1191867 0.1002801 0.1366969 0.1208062 0.1233095 0.1233095 0.0921166 0.2011794 0.2076291 0.2291425 0.3532676 
HQ015386.1_Pegea_confoederata            0.1230491 0.1868945 0.2764194 0.1335803 0.1263694 0.1230416 0.1278563 0.1308550 0.1226343 0.1189696 0.1799252 0.1071851 0.1193453 0.0883403 0.1371022 0.1097320 0.1193318 0.1140397 0.1746461 0.1262769 0.1351083 0.1022551 0.1188279 0.1180057 0.1185002 0.1158660 0.1162617 0.0000000 0.0223597 0.0210108 0.1214342 0.0914730 0.1848219 0.1367074 0.1024193 0.1045152 0.1199404 0.1184131 0.0829409 0.0969986 0.0884940 0.0993006 0.1008413 0.1100244 0.1417401 0.1516773 0.1102296 0.1086927 0.1070463 0.1065735 0.1354883 0.1163641 0.1024540 0.1242721 0.1190271 0.1187924 0.1186022 0.1466014 0.2271466 0.2545837 0.2603501 0.4128442 
HQ015387.1_Pegea_confoederata            0.1303005 0.1986860 0.3062501 0.1408652 0.1398436 0.1345092 0.1441914 0.1459391 0.1310208 0.1314546 0.1961350 0.1229761 0.1293749 0.0982211 0.1388160 0.1329447 0.1343502 0.1305240 0.1913068 0.1331575 0.1454346 0.1119388 0.1365819 0.1342972 0.1362014 0.1373198 0.1336246 0.0223597 0.0000000 0.0125059 0.1388199 0.0957598 0.1915067 0.1424381 0.1111692 0.1111673 0.1321937 0.1305170 0.0935202 0.1106329 0.1089952 0.1098824 0.1243528 0.1200331 0.1601573 0.1663977 0.1202164 0.1165654 0.1142520 0.1155566 0.1491064 0.1248074 0.1124873 0.1338135 0.1300468 0.1306480 0.1326511 0.1527168 0.2410539 0.2570157 0.2828874 0.4077449 
HQ015388.1_Pegea_bicaudata               0.1302454 0.1880808 0.2961346 0.1391137 0.1381088 0.1328388 0.1406016 0.1413269 0.1276938 0.1277655 0.1911626 0.1209728 0.1284945 0.0980622 0.1418224 0.1291819 0.1311769 0.1276860 0.1846523 0.1330799 0.1442763 0.1084838 0.1325152 0.1304158 0.1321465 0.1344707 0.1307111 0.0210108 0.0125059 0.0000000 0.1363551 0.0916979 0.1768929 0.1313282 0.1095927 0.1078599 0.1294916 0.1300419 0.0930422 0.1101137 0.1073829 0.1049881 0.1209841 0.1132639 0.1565589 0.1627527 0.1189442 0.1137139 0.1109720 0.1118007 0.1464301 0.1184601 0.1105488 0.1272165 0.1239313 0.1245958 0.1267285 0.1530299 0.2283487 0.2538124 0.2720609 0.3976415 
HQ015389.1_Soestia_zonaria               0.1338198 0.1849784 0.2582813 0.1156646 0.1258136 0.1177695 0.1271079 0.1431079 0.1088854 0.1056902 0.1834776 0.1135913 0.1236258 0.1074655 0.1408770 0.1338120 0.1326043 0.1217995 0.1749578 0.1377208 0.1484156 0.1024698 0.1234100 0.1214038 0.1230746 0.1283893 0.1232053 0.1214342 0.1388199 0.1363551 0.0000000 0.0740157 0.2256314 0.1705006 0.1279768 0.1289711 0.1361585 0.1311318 0.1051805 0.1161107 0.1260279 0.1337361 0.1282665 0.1480781 0.1476326 0.1537069 0.1385798 0.1263172 0.1342720 0.1383090 0.1516387 0.1479723 0.1256580 0.1319334 0.1285359 0.1283002 0.1312717 0.1394274 0.2056189 0.2406695 0.2602447 0.3932353 
HQ015390.1_Thetys_vagina                 0.1013289 0.1697762 0.2478692 0.1165814 0.1034869 0.0914583 0.1013621 0.1133716 0.0998241 0.0943617 0.1671485 0.0843998 0.0989746 0.0742983 0.1122989 0.0968109 0.1094922 0.0925490 0.1528476 0.0997271 0.1156897 0.0770371 0.0970536 0.0965603 0.0967967 0.0957095 0.0925737 0.0914730 0.0957598 0.0916979 0.0740157 0.0000000 0.1541250 0.1094015 0.0849556 0.0781295 0.1054098 0.1019318 0.0690558 0.0838910 0.0861409 0.0817840 0.0967482 0.0841053 0.1229559 0.1237904 0.0914023 0.0885918 0.0866006 0.0859727 0.1202832 0.0859790 0.0831551 0.0908467 0.0985639 0.0985412 0.0985412 0.1111861 0.1926850 0.2010829 0.2175408 0.3451299 
HQ015391.1_Cyclosalpa_affinis            0.1752338 0.2759927 0.3958342 0.2184733 0.2099565 0.2037224 0.2080141 0.1849726 0.2262545 0.2122450 0.2833171 0.1944240 0.2019541 0.1057976 0.2229087 0.1632788 0.1667250 0.1884811 0.2805980 0.2125617 0.1905116 0.1870036 0.1908869 0.1934181 0.1903616 0.2001064 0.1928756 0.1848219 0.1915067 0.1768929 0.2256314 0.1541250 0.0000000 0.0312662 0.1096791 0.0793067 0.1430975 0.1339466 0.0963483 0.1075066 0.1349494 0.1320137 0.1529032 0.0838025 0.1836432 0.1990266 0.1313247 0.1375985 0.1340738 0.1311386 0.1816651 0.1078612 0.1263437 0.1588429 0.1605716 0.1608656 0.1575574 0.2228030 0.3299425 0.3704470 0.3776724 0.5106219 
HQ015392.1_Cyclosalpa_affinis            0.1346681 0.2138394 0.3134935 0.1676491 0.1600883 0.1504556 0.1550226 0.1325935 0.1700169 0.1560068 0.2176998 0.1405920 0.1465896 0.0634395 0.1646336 0.1159476 0.1125202 0.1381346 0.2151835 0.1578924 0.1476059 0.1327252 0.1402114 0.1398801 0.1398127 0.1446476 0.1403311 0.1367074 0.1424381 0.1313282 0.1705006 0.1094015 0.0312662 0.0000000 0.0677678 0.0415929 0.0968986 0.0879626 0.0563955 0.0653492 0.0893110 0.0859325 0.1051985 0.0454570 0.1290303 0.1423464 0.0897570 0.0890186 0.0876771 0.0867946 0.1292498 0.0670097 0.0802248 0.1110553 0.1145681 0.1147131 0.1147131 0.1693713 0.2811610 0.2978687 0.3072757 0.4282560 
HQ015393.1_Cyclosalpa_floridana          0.1134677 0.1803706 0.2682673 0.1266012 0.1257855 0.1194446 0.1247666 0.0876931 0.1232380 0.1171462 0.1774901 0.1032410 0.1116001 0.0287570 0.1145552 0.0776432 0.0687869 0.1069332 0.1731986 0.1111273 0.1152202 0.0964002 0.1105670 0.1103221 0.1102716 0.1109699 0.1074854 0.1024193 0.1111692 0.1095927 0.1279768 0.0849556 0.1096791 0.0677678 0.0000000 0.0396869 0.0595445 0.0496852 0.0212603 0.0304202 0.0532867 0.0595385 0.0670183 0.0711591 0.0845100 0.0949464 0.0614258 0.0416127 0.0596453 0.0588671 0.0839674 0.0602302 0.0401884 0.0876157 0.0736246 0.0746748 0.0739511 0.1334247 0.2411997 0.2437822 0.2389408 0.3800629 
HQ015394.1_Cyclosalpa_polae              0.1191744 0.1739533 0.2714382 0.1284602 0.1278122 0.1222306 0.1279795 0.1041854 0.1280976 0.1234506 0.1751782 0.1125908 0.1192071 0.0283901 0.1220444 0.0909829 0.0827828 0.1145447 0.1713291 0.1174646 0.1261103 0.1028729 0.1186391 0.1177710 0.1183145 0.1227862 0.1155583 0.1045152 0.1111673 0.1078599 0.1289711 0.0781295 0.0793067 0.0415929 0.0396869 0.0000000 0.0620786 0.0541795 0.0207423 0.0317879 0.0619773 0.0575677 0.0770922 0.0491762 0.0952699 0.1059108 0.0628331 0.0609414 0.0569986 0.0573384 0.0931249 0.0334844 0.0507666 0.0815526 0.0888034 0.0888169 0.0909312 0.1360149 0.2393783 0.2471411 0.2605555 0.3940124 
HQ015395.1_Cyclosalpa_sewelli            0.1382592 0.2087526 0.3005864 0.1371503 0.1432531 0.1422436 0.1432412 0.1190665 0.1372372 0.1348321 0.2028633 0.1211691 0.1335955 0.0477474 0.1308137 0.0589729 0.0653947 0.1298171 0.1955591 0.1309403 0.1377210 0.1187504 0.1357782 0.1353602 0.1353915 0.1351891 0.1309806 0.1199404 0.1321937 0.1294916 0.1361585 0.1054098 0.1430975 0.0968986 0.0595445 0.0620786 0.0000000 0.0238975 0.0392322 0.0502022 0.0759162 0.0889433 0.0759752 0.0973447 0.0781564 0.0489074 0.0930387 0.0758688 0.0876166 0.0867833 0.0560688 0.0912837 0.0693921 0.1149055 0.1039452 0.1049418 0.1049418 0.1667826 0.2568006 0.2764425 0.2813538 0.4188476 
HQ015396.1_Cyclosalpa_polae              0.1327508 0.2048730 0.2950370 0.1303787 0.1385579 0.1357728 0.1385190 0.1115166 0.1346891 0.1313740 0.1933240 0.1210221 0.1279239 0.0404044 0.1209118 0.0394956 0.0543199 0.1246854 0.1937245 0.1289552 0.1305060 0.1132617 0.1304424 0.1297322 0.1301014 0.1300603 0.1261507 0.1184131 0.1305170 0.1300419 0.1311318 0.1019318 0.1339466 0.0879626 0.0496852 0.0541795 0.0238975 0.0000000 0.0342135 0.0385102 0.0684892 0.0828877 0.0653822 0.0928654 0.0597296 0.0613271 0.0846091 0.0716219 0.0791942 0.0785585 0.0416731 0.0824852 0.0621573 0.1052780 0.0965065 0.0973003 0.0973003 0.1604859 0.2566196 0.2724255 0.2750474 0.4130991 
HQ015397.1_Cyclosalpa_quadriluminis      0.1015064 0.1613537 0.2445021 0.1082385 0.1091849 0.1036491 0.1070447 0.0779299 0.1047248 0.1016324 0.1559746 0.0926587 0.0996422 0.0069138 0.0954024 0.0678669 0.0570134 0.0953036 0.1584147 0.0920864 0.0958564 0.0840578 0.0997886 0.0997886 0.0997406 0.0980715 0.0941265 0.0829409 0.0935202 0.0930422 0.1051805 0.0690558 0.0963483 0.0563955 0.0212603 0.0207423 0.0392322 0.0342135 0.0000000 0.0127372 0.0430825 0.0512081 0.0553198 0.0643615 0.0702684 0.0793139 0.0505993 0.0380543 0.0461088 0.0453399 0.0679800 0.0498889 0.0309374 0.0732747 0.0672471 0.0679088 0.0679088 0.1246699 0.2219456 0.2315438 0.2361206 0.3757683 
HQ015398.1_Cyclosalpa_sewelli            0.1111977 0.1764638 0.2662948 0.1186426 0.1187528 0.1115206 0.1148690 0.0901561 0.1191933 0.1125282 0.1719724 0.1007045 0.1053498 0.0190198 0.1070202 0.0756532 0.0662934 0.1043843 0.1659811 0.1073568 0.1135235 0.0929270 0.1085046 0.1085046 0.1084540 0.1091668 0.1041784 0.0969986 0.1106329 0.1101137 0.1161107 0.0838910 0.1075066 0.0653492 0.0304202 0.0317879 0.0502022 0.0385102 0.0127372 0.0000000 0.0450163 0.0547452 0.0613792 0.0707397 0.0775009 0.0914079 0.0578299 0.0500959 0.0534049 0.0526427 0.0777053 0.0579863 0.0379641 0.0884708 0.0776369 0.0782775 0.0782775 0.1305436 0.2346317 0.2442714 0.2457619 0.3835745 
HQ015399.1_Iasis_cylindrica              0.1041918 0.1771729 0.2643352 0.1188350 0.1223793 0.1131904 0.1210076 0.0842766 0.1151045 0.1093244 0.1723139 0.0985666 0.0977141 0.0513178 0.1069712 0.0401448 0.0685416 0.0953696 0.1637846 0.0969162 0.1103488 0.0943034 0.0985807 0.0981520 0.0983948 0.0984848 0.0962052 0.0884940 0.1089952 0.1073829 0.1260279 0.0861409 0.1349494 0.0893110 0.0532867 0.0619773 0.0759162 0.0684892 0.0430825 0.0450163 0.0000000 0.0242523 0.0254211 0.0465411 0.0805095 0.0927984 0.0620758 0.0541315 0.0581979 0.0575779 0.0816695 0.0613971 0.0433414 0.0890107 0.0720011 0.0714678 0.0714678 0.1286547 0.2342172 0.2387827 0.2488293 0.3963989 
HQ015400.1_Iasis_cylindrica              0.1129109 0.1755761 0.2751299 0.1237999 0.1223289 0.1140376 0.1231956 0.0866340 0.1221896 0.1135490 0.1722316 0.1093177 0.1078024 0.0597223 0.1179918 0.0472190 0.0828040 0.1049185 0.1700418 0.1069161 0.1255818 0.1001275 0.1081533 0.1064820 0.1078607 0.1116086 0.1063244 0.0993006 0.1098824 0.1049881 0.1337361 0.0817840 0.1320137 0.0859325 0.0595385 0.0575677 0.0889433 0.0828877 0.0512081 0.0547452 0.0242523 0.0000000 0.0363699 0.0333206 0.0913220 0.1009491 0.0440532 0.0548582 0.0406053 0.0398674 0.0905350 0.0538287 0.0443785 0.0792959 0.0732541 0.0726584 0.0756452 0.1287221 0.2316408 0.2364315 0.2476891 0.3886438 
HQ015401.1_Iasis_cylindrica              0.1175820 0.1912225 0.2800344 0.1132487 0.1364766 0.1277783 0.1350830 0.0967851 0.1324584 0.1258538 0.1859289 0.1167316 0.1135980 0.0636430 0.1164009 0.0282392 0.0512287 0.1098963 0.1822654 0.1153361 0.1271026 0.1106321 0.1137470 0.1132217 0.1134342 0.1136793 0.1115734 0.1008413 0.1243528 0.1209841 0.1282665 0.0967482 0.1529032 0.1051985 0.0670183 0.0770922 0.0759752 0.0653822 0.0553198 0.0613792 0.0254211 0.0363699 0.0000000 0.0557804 0.0617350 0.0859825 0.0783335 0.0654882 0.0741828 0.0735118 0.0749906 0.0763033 0.0564610 0.0977770 0.0828916 0.0822514 0.0822514 0.1432483 0.2430888 0.2585038 0.2581456 0.4137777 
HQ015402.1_Iasis_cylindrica              0.1103511 0.1770994 0.2670327 0.1382417 0.1294587 0.1226424 0.1281141 0.0968092 0.1357662 0.1264936 0.1767801 0.1231976 0.1163141 0.0716405 0.1259486 0.0688566 0.0896240 0.1106497 0.1857096 0.1198373 0.1213346 0.1125619 0.1132307 0.1132307 0.1131760 0.1147195 0.1122679 0.1100244 0.1200331 0.1132639 0.1480781 0.0841053 0.0838025 0.0454570 0.0711591 0.0491762 0.0973447 0.0928654 0.0643615 0.0707397 0.0465411 0.0333206 0.0557804 0.0000000 0.1021704 0.1102676 0.0703561 0.0635765 0.0666446 0.0658144 0.0989078 0.0479523 0.0544771 0.0801565 0.0833147 0.0832008 0.0832008 0.1462267 0.2449851 0.2550435 0.2537107 0.3944045 
HQ015403.1_Brooksia_rostrata             0.1469750 0.2118211 0.3029827 0.1421676 0.1681218 0.1572958 0.1664230 0.1183774 0.1580531 0.1485237 0.2009513 0.1389686 0.1439619 0.0803258 0.1252339 0.0529072 0.0420070 0.1402552 0.2064745 0.1348147 0.1358358 0.1330824 0.1444982 0.1424024 0.1440823 0.1477219 0.1416444 0.1417401 0.1601573 0.1565589 0.1476326 0.1229559 0.1836432 0.1290303 0.0845100 0.0952699 0.0781564 0.0597296 0.0702684 0.0775009 0.0805095 0.0913220 0.0617350 0.1021704 0.0000000 0.0405517 0.0899627 0.0755038 0.0876497 0.0877197 0.0640463 0.0857513 0.0636343 0.1166301 0.1043873 0.1051317 0.1088112 0.1719009 0.2733953 0.2850681 0.2995560 0.4272948 
HQ015404.1_Brooksia_rostrata             0.1530386 0.2234192 0.3145975 0.1561081 0.1688794 0.1596825 0.1671774 0.1246723 0.1569486 0.1483182 0.2178295 0.1385858 0.1489330 0.0900289 0.1307241 0.0588253 0.0667139 0.1452590 0.2176669 0.1424000 0.1439694 0.1340035 0.1498925 0.1473785 0.1503894 0.1532666 0.1472389 0.1516773 0.1663977 0.1627527 0.1537069 0.1237904 0.1990266 0.1423464 0.0949464 0.1059108 0.0489074 0.0613271 0.0793139 0.0914079 0.0927984 0.1009491 0.0859825 0.1102676 0.0405517 0.0000000 0.0985755 0.0823749 0.0949544 0.0952760 0.0595703 0.0964921 0.0740375 0.1229366 0.1108013 0.1115152 0.1150346 0.1770509 0.2692672 0.2885781 0.3047136 0.4385747 
HQ015405.1_Salpa_aspera                  0.1228525 0.1851176 0.2847896 0.1346957 0.1312522 0.1244545 0.1281799 0.0962515 0.1293565 0.1244962 0.1780405 0.1107394 0.1222898 0.0608503 0.1170656 0.0851404 0.0573159 0.1166667 0.1724496 0.1140798 0.1164549 0.1136869 0.1197295 0.1197295 0.1196983 0.1221530 0.1171850 0.1102296 0.1202164 0.1189442 0.1385798 0.0914023 0.1313247 0.0897570 0.0614258 0.0628331 0.0930387 0.0846091 0.0505993 0.0578299 0.0620758 0.0440532 0.0783335 0.0703561 0.0899627 0.0985755 0.0000000 0.0316954 0.0095947 0.0089792 0.0679846 0.0541134 0.0449432 0.0882268 0.0837409 0.0843811 0.0843811 0.1394325 0.2442647 0.2510170 0.2699575 0.3957476 
HQ015406.1_Salpa_thompsoni               0.1215700 0.1697506 0.2648697 0.1240733 0.1259857 0.1206724 0.1272262 0.0851589 0.1212181 0.1194547 0.1682602 0.1021704 0.1122137 0.0510571 0.1021188 0.0720676 0.0339905 0.1081107 0.1668668 0.1010369 0.1077947 0.1039490 0.1093432 0.1086138 0.1090481 0.1170421 0.1060505 0.1086927 0.1165654 0.1137139 0.1263172 0.0885918 0.1375985 0.0890186 0.0416127 0.0609414 0.0758688 0.0716219 0.0380543 0.0500959 0.0541315 0.0548582 0.0654882 0.0635765 0.0755038 0.0823749 0.0316954 0.0000000 0.0293101 0.0282364 0.0533029 0.0517013 0.0305529 0.0810762 0.0712701 0.0729477 0.0751495 0.1341208 0.2205040 0.2351095 0.2386579 0.3728281 
HQ015407.1_Salpa_maxima                  0.1277826 0.1730818 0.2795844 0.1303760 0.1279027 0.1247757 0.1280696 0.0952360 0.1263533 0.1229156 0.1698749 0.1117156 0.1208064 0.0562469 0.1080848 0.0810440 0.0551378 0.1169923 0.1682760 0.1120583 0.1140640 0.1098291 0.1204054 0.1185015 0.1200733 0.1263225 0.1171948 0.1070463 0.1142520 0.1109720 0.1342720 0.0866006 0.1340738 0.0876771 0.0596453 0.0569986 0.0876166 0.0791942 0.0461088 0.0534049 0.0581979 0.0406053 0.0741828 0.0666446 0.0876497 0.0949544 0.0095947 0.0293101 0.0000000 0.0005877 0.0593642 0.0493301 0.0406219 0.0817377 0.0813732 0.0814434 0.0844292 0.1374122 0.2336059 0.2389311 0.2564835 0.3884161 
HQ015408.1_Salpa_maxima                  0.1231455 0.1764097 0.2796289 0.1320063 0.1289720 0.1249373 0.1268309 0.0942987 0.1279318 0.1238839 0.1705425 0.1106392 0.1216536 0.0552610 0.1093309 0.0801065 0.0534062 0.1160742 0.1670318 0.1115848 0.1087186 0.1103327 0.1193853 0.1191127 0.1190567 0.1223348 0.1161499 0.1065735 0.1155566 0.1118007 0.1383090 0.0859727 0.1311386 0.0867946 0.0588671 0.0573384 0.0867833 0.0785585 0.0453399 0.0526427 0.0575779 0.0398674 0.0735118 0.0658144 0.0877197 0.0952760 0.0089792 0.0282364 0.0005877 0.0000000 0.0587323 0.0489045 0.0399088 0.0821946 0.0805123 0.0808142 0.0808142 0.1399075 0.2401745 0.2415361 0.2592767 0.3898401 
HQ015409.1_Salpa_fusiformis              0.1486424 0.2142879 0.3124131 0.1430967 0.1520124 0.1542957 0.1520525 0.1217198 0.1451897 0.1422110 0.1976321 0.1337931 0.1416575 0.0789666 0.1222347 0.0466509 0.0365269 0.1391105 0.2042747 0.1392667 0.1341493 0.1342757 0.1445226 0.1437125 0.1441336 0.1463247 0.1404763 0.1354883 0.1491064 0.1464301 0.1516387 0.1202832 0.1816651 0.1292498 0.0839674 0.0931249 0.0560688 0.0416731 0.0679800 0.0777053 0.0816695 0.0905350 0.0749906 0.0989078 0.0640463 0.0595703 0.0679846 0.0533029 0.0593642 0.0587323 0.0000000 0.0875830 0.0667648 0.1101858 0.1066610 0.1074011 0.1074011 0.1749923 0.2649020 0.2844967 0.2911028 0.4240955 
HQ015410.1_Ritteriella_retracta          0.1186660 0.1836886 0.2766062 0.1404936 0.1418001 0.1283789 0.1379289 0.0993233 0.1365121 0.1306311 0.1893328 0.1181478 0.1237868 0.0578771 0.1272706 0.0867387 0.0756370 0.1179887 0.1841579 0.1233257 0.1331715 0.1105529 0.1231031 0.1219009 0.1227624 0.1253336 0.1191867 0.1163641 0.1248074 0.1184601 0.1479723 0.0859790 0.1078612 0.0670097 0.0602302 0.0334844 0.0912837 0.0824852 0.0498889 0.0579863 0.0613971 0.0538287 0.0763033 0.0479523 0.0857513 0.0964921 0.0541134 0.0517013 0.0493301 0.0489045 0.0875830 0.0000000 0.0268718 0.0838055 0.0867215 0.0867509 0.0872612 0.1470380 0.2600906 0.2547240 0.2675822 0.3962290 
HQ015411.1_Ritteriella_retracta          0.1045560 0.1745368 0.2550168 0.1218025 0.1228811 0.1132041 0.1211339 0.0761745 0.1166284 0.1116002 0.1739136 0.0973731 0.1040129 0.0391621 0.1041364 0.0635697 0.0559985 0.0999926 0.1702483 0.1013436 0.1104846 0.0938296 0.1036341 0.1029896 0.1033575 0.1065423 0.1002801 0.1024540 0.1124873 0.1105488 0.1256580 0.0831551 0.1263437 0.0802248 0.0401884 0.0507666 0.0693921 0.0621573 0.0309374 0.0379641 0.0433414 0.0443785 0.0564610 0.0544771 0.0636343 0.0740375 0.0449432 0.0305529 0.0406219 0.0399088 0.0667648 0.0268718 0.0000000 0.0740110 0.0652630 0.0669372 0.0691358 0.1315070 0.2324839 0.2354555 0.2434629 0.3673341 
HQ015412.1_Thalia_orientalis             0.1380663 0.1972174 0.2612135 0.1491384 0.1497723 0.1413195 0.1500155 0.0609920 0.1379137 0.1308122 0.1938536 0.1367106 0.1375540 0.0833213 0.1152773 0.0991057 0.1003119 0.1336279 0.1895093 0.1114006 0.1200886 0.1209387 0.1356936 0.1334927 0.1353115 0.1418610 0.1366969 0.1242721 0.1338135 0.1272165 0.1319334 0.0908467 0.1588429 0.1110553 0.0876157 0.0815526 0.1149055 0.1052780 0.0732747 0.0884708 0.0890107 0.0792959 0.0977770 0.0801565 0.1166301 0.1229366 0.0882268 0.0810762 0.0817377 0.0821946 0.1101858 0.0838055 0.0740110 0.0000000 0.0485658 0.0475197 0.0505459 0.1626838 0.2572048 0.2417648 0.2669931 0.3885313 
HQ015413.1_Thalia_democratica            0.1282078 0.1850169 0.2510332 0.1403654 0.1379160 0.1332589 0.1382135 0.0179670 0.1363155 0.1314125 0.1790551 0.1254613 0.1235673 0.0760552 0.1130746 0.0841790 0.0948493 0.1193032 0.1799749 0.1143667 0.1125740 0.1139078 0.1179809 0.1179809 0.1179259 0.1246753 0.1208062 0.1190271 0.1300468 0.1239313 0.1285359 0.0985639 0.1605716 0.1145681 0.0736246 0.0888034 0.1039452 0.0965065 0.0672471 0.0776369 0.0720011 0.0732541 0.0828916 0.0833147 0.1043873 0.1108013 0.0837409 0.0712701 0.0813732 0.0805123 0.1066610 0.0867215 0.0652630 0.0485658 0.0000000 0.0023502 0.0017614 0.1513164 0.2464497 0.2369795 0.2766348 0.3667932 
HQ015414.1_Thalia_democratica            0.1296688 0.1814947 0.2472879 0.1400307 0.1384584 0.1347082 0.1378222 0.0212151 0.1377591 0.1328792 0.1754514 0.1281157 0.1250588 0.0769219 0.1145960 0.0849332 0.0948152 0.1210696 0.1766025 0.1133812 0.1140918 0.1154345 0.1209242 0.1202911 0.1205957 0.1261820 0.1233095 0.1187924 0.1306480 0.1245958 0.1283002 0.0985412 0.1608656 0.1147131 0.0746748 0.0888169 0.1049418 0.0973003 0.0679088 0.0782775 0.0714678 0.0726584 0.0822514 0.0832008 0.1051317 0.1115152 0.0843811 0.0729477 0.0814434 0.0808142 0.1074011 0.0867509 0.0669372 0.0475197 0.0023502 0.0000000 0.0005813 0.1535159 0.2461832 0.2378477 0.2761449 0.3714281 
HQ015415.1_Thalia_democratica            0.1326467 0.1841887 0.2496986 0.1430044 0.1405108 0.1358345 0.1408214 0.0212151 0.1407786 0.1360988 0.1793680 0.1281157 0.1283445 0.0799236 0.1176110 0.0849332 0.0977610 0.1210696 0.1766025 0.1131971 0.1161219 0.1188969 0.1200958 0.1228875 0.1197696 0.1276017 0.1233095 0.1186022 0.1326511 0.1267285 0.1312717 0.0985412 0.1575574 0.1147131 0.0739511 0.0909312 0.1049418 0.0973003 0.0679088 0.0782775 0.0714678 0.0756452 0.0822514 0.0832008 0.1088112 0.1150346 0.0843811 0.0751495 0.0844292 0.0808142 0.1074011 0.0872612 0.0691358 0.0505459 0.0017614 0.0005813 0.0000000 0.1553946 0.2476783 0.2400685 0.2774488 0.3732064 
L12378.2_Ascidia_ceratodes               0.1065115 0.1649946 0.2541285 0.0859065 0.0709964 0.0599304 0.0738126 0.1710938 0.0751723 0.0711909 0.1612429 0.0887730 0.0927137 0.1207575 0.1486665 0.1605218 0.1633372 0.0913114 0.1482802 0.1577110 0.1547842 0.0754138 0.0918898 0.0905034 0.0901422 0.0957716 0.0921166 0.1466014 0.1527168 0.1530299 0.1394274 0.1111861 0.2228030 0.1693713 0.1334247 0.1360149 0.1667826 0.1604859 0.1246699 0.1305436 0.1286547 0.1287221 0.1432483 0.1462267 0.1719009 0.1770509 0.1394325 0.1341208 0.1374122 0.1399075 0.1749923 0.1470380 0.1315070 0.1626838 0.1513164 0.1535159 0.1553946 0.0000000 0.1907031 0.2061464 0.2141208 0.3534654 
L12426.2_Molgula_manhattensis            0.2147268 0.2483247 0.3125998 0.1902255 0.1726952 0.1829155 0.1872686 0.2584969 0.1760992 0.1746522 0.2419351 0.1958319 0.1975014 0.2265499 0.2380015 0.2539142 0.2506117 0.1986167 0.2403119 0.2467047 0.2473328 0.1855121 0.2010031 0.1974732 0.2004030 0.2070214 0.2011794 0.2271466 0.2410539 0.2283487 0.2056189 0.1926850 0.3299425 0.2811610 0.2411997 0.2393783 0.2568006 0.2566196 0.2219456 0.2346317 0.2342172 0.2316408 0.2430888 0.2449851 0.2733953 0.2692672 0.2442647 0.2205040 0.2336059 0.2401745 0.2649020 0.2600906 0.2324839 0.2572048 0.2464497 0.2461832 0.2476783 0.1907031 0.0000000 0.2550864 0.2665982 0.4370220 
M91181.1_Echinorhinus_cookei             0.2143841 0.2580400 0.3129840 0.2090592 0.1908665 0.1731425 0.2004179 0.2596561 0.1907159 0.1897488 0.2437871 0.1966690 0.2104776 0.2335292 0.2469442 0.2687459 0.2644303 0.2019493 0.2478376 0.2361346 0.2570863 0.1970738 0.2070364 0.2062887 0.2064048 0.2133944 0.2076291 0.2545837 0.2570157 0.2538124 0.2406695 0.2010829 0.3704470 0.2978687 0.2437822 0.2471411 0.2764425 0.2724255 0.2315438 0.2442714 0.2387827 0.2364315 0.2585038 0.2550435 0.2850681 0.2885781 0.2510170 0.2351095 0.2389311 0.2415361 0.2844967 0.2547240 0.2354555 0.2417648 0.2369795 0.2378477 0.2400685 0.2061464 0.2550864 0.0000000 0.1961975 0.2844832 
