67
AB013011.1_Pyrosoma_atlanticum           0.0000000 0.1752766 0.2750580 0.0888647 0.0803813 0.0676273 0.0899618 0.1515981 0.0793254 0.0768832 0.1639155 0.0176544 0.0147621 0.1208274 0.1463346 0.1218712 0.1340975 0.0115317 0.1523174 0.1531565 0.1525108 0.0461195 0.0148867 0.0146955 0.0142257 0.0150609 0.0154060 0.1294688 0.1376372 0.1398289 0.1388156 0.1083279 0.1539269 0.1248328 0.1126405 0.1182843 0.1346811 0.1307297 0.1112180 0.1249601 0.1164292 0.1316756 0.1177190 0.1054908 0.1363531 0.1602419 0.1428132 0.1270107 0.1500440 0.1440383 0.1447480 0.1141857 0.1099830 0.1433770 0.1359576 0.1375974 0.1408631 0.1069995 0.2306098 0.2433632 0.2522354 0.3858403 0.1445227 0.1116599 0.1142949 0.1074375 0.1322952 
AB013012.1_Doliolum_nationalis           0.1752766 0.0000000 0.3322889 0.1733292 0.1783800 0.1785244 0.1850975 0.2205316 0.1784178 0.1670914 0.0269804 0.1684635 0.1722716 0.1895518 0.2081352 0.2022127 0.1971812 0.1747948 0.0280529 0.2207383 0.2240069 0.1650966 0.1754400 0.1734874 0.1749110 0.1857636 0.1777668 0.1993677 0.2187710 0.2036022 0.1982405 0.1736416 0.2517000 0.2084951 0.1866961 0.1832028 0.2119048 0.2093155 0.1752889 0.2021607 0.1981546 0.2011415 0.1969090 0.1765419 0.2108275 0.2375470 0.2121716 0.1787742 0.1989296 0.2019531 0.2191214 0.1864752 0.1862325 0.2078317 0.1988942 0.1948539 0.1978162 0.1775849 0.2783706 0.2909939 0.2904912 0.4634792 0.2348073 0.1818384 0.1867315 0.1748812 0.1959195 
AB013014.1_Oikopleura_dioica             0.2750580 0.3322889 0.0000000 0.2696076 0.2663778 0.2523273 0.2720944 0.2981937 0.2625280 0.2566095 0.3306168 0.2572003 0.2736555 0.3034261 0.2963668 0.2953206 0.2885178 0.2744094 0.3193479 0.2975342 0.3090070 0.2573489 0.2798407 0.2774675 0.2789080 0.2846839 0.2842373 0.2997878 0.3348857 0.3228646 0.2840289 0.2707785 0.3771302 0.3204309 0.2891155 0.2920903 0.3183982 0.3124962 0.2781639 0.3073783 0.3002828 0.3178501 0.2960562 0.2734559 0.3103368 0.3402827 0.3278813 0.2881672 0.3208767 0.3210902 0.3229274 0.2877834 0.2795763 0.2794284 0.2783210 0.2738542 0.2764581 0.2714278 0.3514370 0.3566312 0.3661657 0.5977025 0.2774845 0.2827528 0.2842371 0.2521196 0.2771921 
AB013017.1_Ciona_intestinalis            0.0888647 0.1733292 0.2696076 0.0000000 0.0716153 0.0610067 0.0748565 0.1589709 0.0718609 0.0698726 0.1516155 0.0709854 0.0791094 0.1166295 0.1480714 0.1377948 0.1287185 0.0772257 0.1454079 0.1524740 0.1595992 0.0703587 0.0826324 0.0813354 0.0807999 0.0830785 0.0743857 0.1342639 0.1467168 0.1451987 0.1178774 0.1191017 0.1899435 0.1566370 0.1235024 0.1278943 0.1377657 0.1323432 0.1189503 0.1294095 0.1307273 0.1382643 0.1170780 0.1332553 0.1403144 0.1619800 0.1485583 0.1260437 0.1445127 0.1453648 0.1426777 0.1390718 0.1254550 0.1531260 0.1457684 0.1454318 0.1486874 0.0796993 0.1995013 0.2188220 0.2457333 0.4030657 0.1308992 0.1240650 0.1261390 0.1124194 0.1408294 
AB075543.1_Megalodicopia_hians           0.0803813 0.1783800 0.2663778 0.0716153 0.0000000 0.0479184 0.0268481 0.1693401 0.0548208 0.0539977 0.1617570 0.0641158 0.0713318 0.1263615 0.1504875 0.1422548 0.1439554 0.0694118 0.1507823 0.1522054 0.1552925 0.0617154 0.0711708 0.0717165 0.0702629 0.0723033 0.0691031 0.1360079 0.1503145 0.1516239 0.1329653 0.1133679 0.1886047 0.1554043 0.1288404 0.1329919 0.1424810 0.1393482 0.1207531 0.1355726 0.1417216 0.1470602 0.1378647 0.1278567 0.1609229 0.1801717 0.1560630 0.1344192 0.1516161 0.1522190 0.1513716 0.1435415 0.1328096 0.1576146 0.1507985 0.1513905 0.1536097 0.0691176 0.1831685 0.2100444 0.2281564 0.3865454 0.1122466 0.1335012 0.1347403 0.1212380 0.1517694 
AB104873.1_Perophora_sagamiensis         0.0676273 0.1785244 0.2523273 0.0610067 0.0479184 0.0000000 0.0521138 0.1585405 0.0489115 0.0501586 0.1605126 0.0513503 0.0611175 0.1191644 0.1481721 0.1355070 0.1354573 0.0595448 0.1467593 0.1436315 0.1553313 0.0502958 0.0640853 0.0633850 0.0623856 0.0640496 0.0608010 0.1318531 0.1446698 0.1461264 0.1263985 0.1016438 0.1807823 0.1452680 0.1222065 0.1258551 0.1393766 0.1343449 0.1160115 0.1309806 0.1331405 0.1387173 0.1287065 0.1207327 0.1480493 0.1687922 0.1504231 0.1287901 0.1491760 0.1494637 0.1525946 0.1300780 0.1223913 0.1460728 0.1468216 0.1484384 0.1496336 0.0559788 0.1960914 0.1925248 0.2330005 0.3935057 0.1190139 0.1213987 0.1220206 0.1072934 0.1398411 
AF165821.2_Chelyosoma_siboja             0.0899618 0.1850975 0.2720944 0.0748565 0.0268481 0.0521138 0.0000000 0.1738071 0.0576537 0.0562062 0.1676857 0.0694183 0.0787308 0.1270327 0.1520445 0.1451366 0.1444548 0.0758977 0.1568879 0.1581447 0.1515635 0.0656504 0.0794872 0.0807626 0.0785299 0.0790563 0.0766770 0.1403817 0.1578669 0.1572737 0.1380963 0.1135616 0.1857218 0.1517466 0.1304079 0.1347342 0.1429285 0.1420802 0.1211191 0.1358672 0.1430962 0.1511477 0.1392016 0.1280424 0.1619850 0.1788365 0.1555880 0.1385621 0.1548519 0.1527343 0.1542946 0.1409350 0.1335554 0.1608283 0.1552186 0.1547877 0.1580556 0.0748458 0.2029341 0.2274199 0.2406814 0.4189072 0.1262808 0.1331096 0.1323275 0.1216216 0.1562691 
D14366.1_Thalia_democratica              0.1515981 0.2205316 0.2981937 0.1589709 0.1693401 0.1585405 0.1738071 0.0000000 0.1539353 0.1512479 0.2133744 0.1430621 0.1436669 0.0933118 0.1318607 0.0864736 0.0971010 0.1420870 0.2044172 0.1240658 0.1322092 0.1347833 0.1430726 0.1430726 0.1430063 0.1455817 0.1363671 0.1317212 0.1494686 0.1441309 0.1491899 0.1191921 0.1487479 0.1153594 0.0820020 0.0952046 0.1130509 0.1039072 0.0823528 0.1017837 0.0956644 0.1000754 0.0887410 0.0842496 0.1005970 0.1235509 0.1138280 0.0866427 0.1119653 0.1108556 0.1105487 0.0889478 0.0763598 0.0558962 0.0182387 0.0202221 0.0202221 0.1810575 0.2825021 0.2927859 0.3363812 0.4568513 0.2125165 0.0720379 0.0720379 0.0725121 0.0139445 
FM244840.1_Clavelina_meridionalis        0.0793254 0.1784178 0.2625280 0.0718609 0.0548208 0.0489115 0.0576537 0.1539353 0.0000000 0.0236333 0.1603011 0.0602711 0.0702853 0.1144809 0.1350588 0.1376326 0.1337817 0.0707039 0.1555780 0.1470864 0.1483705 0.0601634 0.0741820 0.0730246 0.0723985 0.0715890 0.0718292 0.1294731 0.1399461 0.1385262 0.1139365 0.1051109 0.1965342 0.1586304 0.1234592 0.1314502 0.1365181 0.1333766 0.1161087 0.1330964 0.1345989 0.1452202 0.1354988 0.1304402 0.1480796 0.1684539 0.1519060 0.1278657 0.1501472 0.1511355 0.1438180 0.1346109 0.1246072 0.1416809 0.1476763 0.1493079 0.1526272 0.0728206 0.1865390 0.2100969 0.2241269 0.3944740 0.1118136 0.1272021 0.1293855 0.1147551 0.1389467 
FM244841.1_Pycnoclavella_aff._detorta    0.0768832 0.1670914 0.2566095 0.0698726 0.0539977 0.0501586 0.0562062 0.1512479 0.0236333 0.0000000 0.1475517 0.0599386 0.0708802 0.1092368 0.1414885 0.1263737 0.1293523 0.0696447 0.1434787 0.1464683 0.1503021 0.0568933 0.0728247 0.0716873 0.0710453 0.0722714 0.0646107 0.1250044 0.1391872 0.1373646 0.1122975 0.1008232 0.1827312 0.1444122 0.1174308 0.1248898 0.1300627 0.1260091 0.1093252 0.1287218 0.1263702 0.1364580 0.1254133 0.1210871 0.1348887 0.1533277 0.1467715 0.1265563 0.1467714 0.1470106 0.1378608 0.1276844 0.1175563 0.1352461 0.1404249 0.1420732 0.1456076 0.0677527 0.1873078 0.2122167 0.2265434 0.3820939 0.1164614 0.1175531 0.1190241 0.1129414 0.1315462 
FM244861.1_Doliolum_denticulatu          0.1639155 0.0269804 0.3306168 0.1516155 0.1617570 0.1605126 0.1676857 0.2133744 0.1603011 0.1475517 0.0000000 0.1491412 0.1584829 0.1827110 0.1949967 0.1875856 0.1858116 0.1569568 0.0209621 0.2101766 0.2146930 0.1464903 0.1597696 0.1591598 0.1592943 0.1665806 0.1587993 0.1968343 0.2121467 0.2101711 0.1943102 0.1800696 0.2586706 0.2132696 0.1814843 0.1862840 0.2048982 0.1946958 0.1699412 0.1936314 0.1891736 0.1960267 0.1877373 0.1776942 0.1995305 0.2252441 0.2015803 0.1752617 0.1930004 0.1927886 0.1988796 0.1905302 0.1847855 0.2016591 0.1939720 0.1898233 0.1941586 0.1677530 0.2676687 0.2784531 0.2788544 0.4487737 0.2244886 0.1812020 0.1836853 0.1799334 0.1892445 
FM244862.1_Pyrosoma_godeauxi             0.0176544 0.1684635 0.2572003 0.0709854 0.0641158 0.0513503 0.0694183 0.1430621 0.0602711 0.0599386 0.1491412 0.0000000 0.0099751 0.1046169 0.1248460 0.1249659 0.1148136 0.0064753 0.1408764 0.1242941 0.1226059 0.0279280 0.0099585 0.0099585 0.0086095 0.0046009 0.0086647 0.1122890 0.1297765 0.1299841 0.1161130 0.0878391 0.1603576 0.1271348 0.1022150 0.1094851 0.1167582 0.1185641 0.1018000 0.1151193 0.1140356 0.1279203 0.1174203 0.1173809 0.1275620 0.1443163 0.1296740 0.1063927 0.1318115 0.1305259 0.1299791 0.1125153 0.1031332 0.1395185 0.1340306 0.1369758 0.1369758 0.0873245 0.2082783 0.2254192 0.2465244 0.3898086 0.1262302 0.1071158 0.1071158 0.0880320 0.1244123 
FM244863.1_Pyrosomella_verticillata      0.0147621 0.1722716 0.2736555 0.0791094 0.0713318 0.0611175 0.0787308 0.1436669 0.0702853 0.0708802 0.1584829 0.0099751 0.0000000 0.1130942 0.1407118 0.1192726 0.1241629 0.0029713 0.1434100 0.1432251 0.1471898 0.0389068 0.0061013 0.0060243 0.0073235 0.0073706 0.0088143 0.1235288 0.1388178 0.1358159 0.1267278 0.1001000 0.1701869 0.1322929 0.1090074 0.1177366 0.1316839 0.1274427 0.1075540 0.1179256 0.1086258 0.1239574 0.1120104 0.1089872 0.1346579 0.1574483 0.1399023 0.1155692 0.1390196 0.1390426 0.1401007 0.1179334 0.1085987 0.1413286 0.1307814 0.1324478 0.1360546 0.0911992 0.2084263 0.2306086 0.2535458 0.3963563 0.1295978 0.1101180 0.1113882 0.1031307 0.1250422 
FM244864.1_Cyclosalpa_quadriluminis      0.1208274 0.1895518 0.3034261 0.1166295 0.1263615 0.1191644 0.1270327 0.0933118 0.1144809 0.1092368 0.1827110 0.1046169 0.1130942 0.0000000 0.1096407 0.0712302 0.0609167 0.1124945 0.1745611 0.1102100 0.1282041 0.0973075 0.1181466 0.1161135 0.1178046 0.1198337 0.1105843 0.0987169 0.1053880 0.1052013 0.1199682 0.0811755 0.0834500 0.0548594 0.0266220 0.0274443 0.0400012 0.0355219 0.0142094 0.0291158 0.0691584 0.0772262 0.0633912 0.0636194 0.0677819 0.0876629 0.0800492 0.0548628 0.0742282 0.0728145 0.0724338 0.0540150 0.0437468 0.0826893 0.0816819 0.0826335 0.0858408 0.1296309 0.2474446 0.2618994 0.2737069 0.4256538 0.1783606 0.0476599 0.0471613 0.0510912 0.0768131 
FM244865.1_Ihlea_racovitzai              0.1463346 0.2081352 0.2963668 0.1480714 0.1504875 0.1481721 0.1520445 0.1318607 0.1350588 0.1414885 0.1949967 0.1248460 0.1407118 0.1096407 0.0000000 0.1183570 0.1150387 0.1393185 0.1994791 0.0793261 0.0295997 0.1221650 0.1446836 0.1421046 0.1442541 0.1470103 0.1400073 0.1499834 0.1522959 0.1563975 0.1518352 0.1192725 0.1907263 0.1518473 0.1145636 0.1214800 0.1401149 0.1235642 0.1053653 0.1262126 0.1271212 0.1357305 0.1221277 0.1177196 0.1178659 0.1449165 0.1367697 0.1087711 0.1271129 0.1277457 0.1279877 0.1217355 0.1107523 0.1178544 0.1209245 0.1226040 0.1258833 0.1545760 0.2609865 0.2720970 0.2926852 0.4471729 0.2019140 0.1098216 0.1116948 0.1080590 0.1149011 
FM244866.1_Iasis_cylindrica              0.1218712 0.2022127 0.2953206 0.1377948 0.1422548 0.1355070 0.1451366 0.0864736 0.1376326 0.1263737 0.1875856 0.1249659 0.1192726 0.0712302 0.1183570 0.0000000 0.0474621 0.1147911 0.2042612 0.1211868 0.1206274 0.1188167 0.1190871 0.1190871 0.1200213 0.1225223 0.1150479 0.1066457 0.1292068 0.1259514 0.1308761 0.0890802 0.1153351 0.0859874 0.0610265 0.0676810 0.0583909 0.0412879 0.0612202 0.0763339 0.0404218 0.0479327 0.0265639 0.0446646 0.0471094 0.0556599 0.0883380 0.0606199 0.0839512 0.0829178 0.0472773 0.0645718 0.0546167 0.0877738 0.0731576 0.0739405 0.0739405 0.1517034 0.2684489 0.2877944 0.2834900 0.4638506 0.1934093 0.0494704 0.0494704 0.0601228 0.0703837 
FM244867.1_Salpa_thompsoni               0.1340975 0.1971812 0.2885178 0.1287185 0.1439554 0.1354573 0.1444548 0.0971010 0.1337817 0.1293523 0.1858116 0.1148136 0.1241629 0.0609167 0.1150387 0.0474621 0.0000000 0.1218438 0.1881259 0.1145760 0.1257540 0.1146621 0.1254628 0.1232935 0.1250989 0.1320753 0.1179427 0.1116521 0.1293775 0.1237477 0.1311836 0.0999747 0.1166284 0.0810530 0.0506358 0.0632143 0.0605249 0.0538450 0.0483511 0.0674869 0.0690057 0.0833823 0.0520955 0.0628288 0.0417368 0.0629132 0.0555250 0.0192220 0.0540847 0.0514549 0.0324633 0.0536893 0.0428021 0.0899340 0.0833411 0.0834693 0.0866462 0.1521635 0.2548591 0.2713731 0.2833166 0.4340751 0.1930984 0.0397698 0.0389227 0.0201251 0.0800731 
HQ015380.1_Pyrosomella_verticillata      0.0115317 0.1747948 0.2744094 0.0772257 0.0694118 0.0595448 0.0758977 0.1420870 0.0707039 0.0696447 0.1569568 0.0064753 0.0029713 0.1124945 0.1393185 0.1147911 0.1218438 0.0000000 0.1427090 0.1398054 0.1380454 0.0357407 0.0029740 0.0029670 0.0041646 0.0023983 0.0061485 0.1198034 0.1381174 0.1372697 0.1255159 0.0986064 0.1603506 0.1278016 0.1058509 0.1123663 0.1260117 0.1224310 0.1034103 0.1173467 0.1085123 0.1228609 0.1105535 0.1059430 0.1305536 0.1529724 0.1365585 0.1131059 0.1377942 0.1366969 0.1357727 0.1146082 0.1059557 0.1376670 0.1281368 0.1300901 0.1300901 0.0914185 0.2110278 0.2289324 0.2519276 0.3901250 0.1307916 0.1086191 0.1086191 0.1013279 0.1242580 
HQ015376.1_Doliolum_denticulatum         0.1523174 0.0280529 0.3193479 0.1454079 0.1507823 0.1467593 0.1568879 0.2044172 0.1555780 0.1434787 0.0209621 0.1408764 0.1434100 0.1745611 0.1994791 0.2042612 0.1881259 0.1427090 0.0000000 0.1931699 0.2053045 0.1388265 0.1456242 0.1456242 0.1455569 0.1439428 0.1411292 0.1866991 0.2035898 0.2007481 0.1853616 0.1695586 0.2499651 0.2083111 0.1773780 0.1803092 0.1984089 0.1984834 0.1698940 0.1886937 0.1840551 0.1952272 0.1892273 0.1857749 0.2058544 0.2323132 0.1986619 0.1765077 0.1949505 0.1934440 0.2104215 0.1857849 0.1826638 0.1976005 0.1923245 0.1884771 0.1884771 0.1538611 0.2609316 0.2798687 0.2673190 0.4423062 0.2088561 0.1787419 0.1787419 0.1670683 0.1843429 
HQ015377.1_Salpidae_gen._nov._sp._nov._A 0.1531565 0.2207383 0.2975342 0.1524740 0.1522054 0.1436315 0.1581447 0.1240658 0.1470864 0.1464683 0.2101766 0.1242941 0.1432251 0.1102100 0.0793261 0.1211868 0.1145760 0.1398054 0.1931699 0.0000000 0.0858124 0.1182004 0.1442213 0.1431444 0.1437876 0.1433273 0.1400933 0.1321774 0.1391550 0.1432530 0.1464249 0.1063282 0.1751870 0.1419563 0.1089655 0.1136410 0.1248509 0.1247712 0.1003301 0.1215603 0.1126274 0.1219037 0.1151428 0.1123232 0.1246793 0.1463396 0.1308609 0.1049164 0.1285500 0.1279948 0.1323202 0.1165426 0.1064925 0.1086883 0.1227257 0.1216320 0.1214280 0.1683826 0.2671614 0.2707609 0.3085392 0.4786498 0.1998569 0.1017605 0.1017605 0.0981408 0.1142221 
HQ015378.1_Ihlea_racovitzai              0.1525108 0.2240069 0.3090070 0.1595992 0.1552925 0.1553313 0.1515635 0.1322092 0.1483705 0.1503021 0.2146930 0.1226059 0.1471898 0.1282041 0.0295997 0.1206274 0.1257540 0.1380454 0.2053045 0.0858124 0.0000000 0.1310808 0.1418976 0.1465382 0.1414795 0.1413704 0.1386743 0.1481269 0.1634221 0.1618125 0.1604294 0.1220070 0.1647382 0.1365861 0.1174123 0.1258256 0.1410107 0.1296745 0.1079797 0.1333865 0.1305123 0.1472784 0.1304311 0.1143792 0.1330108 0.1582109 0.1389783 0.1140680 0.1359484 0.1298853 0.1319151 0.1257408 0.1193190 0.1222237 0.1200477 0.1217293 0.1239150 0.1639017 0.2737098 0.2968526 0.3069584 0.4858034 0.2165853 0.1180349 0.1128128 0.1082913 0.1151027 
HQ015379.1_Pyrostremma_spinosum          0.0461195 0.1650966 0.2573489 0.0703587 0.0617154 0.0502958 0.0656504 0.1347833 0.0601634 0.0568933 0.1464903 0.0279280 0.0389068 0.0973075 0.1221650 0.1188167 0.1146621 0.0357407 0.1388265 0.1182004 0.1310808 0.0000000 0.0401061 0.0395253 0.0400053 0.0408671 0.0396237 0.1090374 0.1197580 0.1189456 0.1092977 0.0844457 0.1607020 0.1230038 0.0962946 0.1028277 0.1141325 0.1090809 0.0941876 0.1077300 0.1122314 0.1231400 0.1101609 0.1077704 0.1209397 0.1399881 0.1341094 0.1093567 0.1323601 0.1321808 0.1290618 0.1095827 0.1001305 0.1245922 0.1229305 0.1246151 0.1284088 0.0713166 0.1960384 0.2204943 0.2428554 0.3671922 0.1243961 0.1014112 0.1023967 0.0906481 0.1170446 
HQ015381.1_Pyrosoma_atlanticum           0.0148867 0.1754400 0.2798407 0.0826324 0.0711708 0.0640853 0.0794872 0.1430726 0.0741820 0.0728247 0.1597696 0.0099585 0.0061013 0.1181466 0.1446836 0.1190871 0.1254628 0.0029740 0.1456242 0.1442213 0.1418976 0.0401061 0.0000000 0.0000010 0.0011629 0.0055441 0.0094507 0.1250525 0.1448276 0.1426665 0.1273680 0.1035359 0.1625928 0.1298908 0.1097495 0.1166696 0.1321555 0.1284169 0.1084247 0.1220838 0.1122280 0.1267467 0.1146507 0.1086409 0.1346961 0.1581199 0.1402348 0.1144847 0.1419329 0.1407086 0.1413293 0.1189478 0.1099552 0.1399302 0.1266464 0.1299157 0.1289939 0.0920394 0.2138836 0.2351766 0.2578791 0.3870958 0.1321041 0.1123529 0.1123529 0.1059097 0.1270977 
HQ015382.1_Pyrosomella_verticillata      0.0146955 0.1734874 0.2774675 0.0813354 0.0717165 0.0633850 0.0807626 0.1430726 0.0730246 0.0716873 0.1591598 0.0099585 0.0060243 0.1161135 0.1421046 0.1190871 0.1232935 0.0029670 0.1456242 0.1431444 0.1465382 0.0395253 0.0000010 0.0000000 0.0011608 0.0079960 0.0094507 0.1241630 0.1422979 0.1402868 0.1252056 0.1029917 0.1665126 0.1295741 0.1094929 0.1167324 0.1317344 0.1277067 0.1084247 0.1220838 0.1117176 0.1255378 0.1141094 0.1086409 0.1327069 0.1553484 0.1402348 0.1137150 0.1404468 0.1403581 0.1405287 0.1177644 0.1092554 0.1384870 0.1266464 0.1292103 0.1320434 0.0906052 0.2099412 0.2343064 0.2541583 0.3854118 0.1298796 0.1104889 0.1115781 0.1059097 0.1261852 
HQ015383.1_Pyrosomella_verticillata      0.0142257 0.1749110 0.2789080 0.0807999 0.0702629 0.0623856 0.0785299 0.1430063 0.0723985 0.0710453 0.1592943 0.0086095 0.0073235 0.1178046 0.1442541 0.1200213 0.1250989 0.0041646 0.1455569 0.1437876 0.1414795 0.0400053 0.0011629 0.0011608 0.0000000 0.0042931 0.0081714 0.1246927 0.1444065 0.1422505 0.1270058 0.1032477 0.1621791 0.1295160 0.1094448 0.1163402 0.1317680 0.1280433 0.1083743 0.1220289 0.1120019 0.1263804 0.1143240 0.1085912 0.1343016 0.1586605 0.1401712 0.1141612 0.1415146 0.1402948 0.1409096 0.1186085 0.1096476 0.1395205 0.1265899 0.1295447 0.1286258 0.0901783 0.2132139 0.2344186 0.2572904 0.3861464 0.1336812 0.1120387 0.1120387 0.1058466 0.1267288 
HQ015384.1_Pyrosoma_godeauxi             0.0150609 0.1857636 0.2846839 0.0830785 0.0723033 0.0640496 0.0790563 0.1455817 0.0715890 0.0722714 0.1665806 0.0046009 0.0073706 0.1198337 0.1470103 0.1225223 0.1320753 0.0023983 0.1439428 0.1433273 0.1413704 0.0408671 0.0055441 0.0079960 0.0042931 0.0000000 0.0062356 0.1219099 0.1460229 0.1452633 0.1317049 0.1021677 0.1718934 0.1350219 0.1109368 0.1219368 0.1324689 0.1289216 0.1074360 0.1239876 0.1143987 0.1331497 0.1166263 0.1120772 0.1402225 0.1643357 0.1433293 0.1228147 0.1490236 0.1444371 0.1431086 0.1243881 0.1153005 0.1465261 0.1340715 0.1357503 0.1372833 0.0951605 0.2203613 0.2382964 0.2624992 0.4085408 0.1391321 0.1178962 0.1142407 0.1030494 0.1269106 
HQ015385.1_Pyrosoma_atlanticum           0.0154060 0.1777668 0.2842373 0.0743857 0.0691031 0.0608010 0.0766770 0.1363671 0.0718292 0.0646107 0.1587993 0.0086647 0.0088143 0.1105843 0.1400073 0.1150479 0.1179427 0.0061485 0.1411292 0.1400933 0.1386743 0.0396237 0.0094507 0.0094507 0.0081714 0.0062356 0.0000000 0.1221121 0.1413972 0.1406056 0.1260096 0.0988303 0.1623656 0.1289536 0.1059406 0.1128382 0.1265165 0.1232963 0.0982139 0.1172305 0.1078153 0.1229199 0.1100398 0.1052320 0.1289478 0.1527147 0.1356297 0.1088981 0.1366864 0.1354394 0.1345727 0.1133362 0.1043153 0.1406640 0.1266952 0.1294504 0.1294504 0.0921788 0.2177353 0.2372076 0.2518380 0.3946781 0.1363431 0.1071146 0.1071146 0.0948547 0.1209222 
HQ015386.1_Pegea_confoederata            0.1294688 0.1993677 0.2997878 0.1342639 0.1360079 0.1318531 0.1403817 0.1317212 0.1294731 0.1250044 0.1968343 0.1122890 0.1235288 0.0987169 0.1499834 0.1066457 0.1116521 0.1198034 0.1866991 0.1321774 0.1481269 0.1090374 0.1250525 0.1241630 0.1246927 0.1219099 0.1221121 0.0000000 0.0227855 0.0220563 0.1276035 0.0937836 0.1539966 0.1224904 0.0986479 0.1009830 0.1143818 0.1126508 0.0927072 0.1114949 0.1037102 0.1149457 0.0988422 0.1003788 0.1311147 0.1551828 0.1252575 0.1082858 0.1214385 0.1208856 0.1282926 0.1102038 0.1056447 0.1243893 0.1208723 0.1207219 0.1205244 0.1505793 0.2460065 0.2860662 0.2884730 0.4640036 0.1863647 0.1035916 0.1035916 0.1091422 0.1164798 
HQ015387.1_Pegea_confoederata            0.1376372 0.2187710 0.3348857 0.1467168 0.1503145 0.1446698 0.1578669 0.1494686 0.1399461 0.1391872 0.2121467 0.1297765 0.1388178 0.1053880 0.1522959 0.1292068 0.1293775 0.1381174 0.2035898 0.1391550 0.1634221 0.1197580 0.1448276 0.1422979 0.1444065 0.1460229 0.1413972 0.0227855 0.0000000 0.0158029 0.1477775 0.1010042 0.1626220 0.1289625 0.1084553 0.1097268 0.1304218 0.1284835 0.1035400 0.1226969 0.1237288 0.1296010 0.1218488 0.1095074 0.1471254 0.1739892 0.1405182 0.1207810 0.1352162 0.1359104 0.1466914 0.1186770 0.1166242 0.1378651 0.1341797 0.1349414 0.1371214 0.1605943 0.2624319 0.2921698 0.3153967 0.4563474 0.2048990 0.1125608 0.1143990 0.1262468 0.1331311 
HQ015388.1_Pegea_bicaudata               0.1398289 0.2036022 0.3228646 0.1451987 0.1516239 0.1461264 0.1572737 0.1441309 0.1385262 0.1373646 0.2101711 0.1299841 0.1358159 0.1052013 0.1563975 0.1259514 0.1237477 0.1372697 0.2007481 0.1432530 0.1618125 0.1189456 0.1426665 0.1402868 0.1422505 0.1452633 0.1406056 0.0220563 0.0158029 0.0000000 0.1491158 0.0954904 0.1558580 0.1225202 0.1073302 0.1085147 0.1264690 0.1267594 0.1030215 0.1243813 0.1230052 0.1250107 0.1180508 0.1067462 0.1440191 0.1707610 0.1379970 0.1165854 0.1295335 0.1296403 0.1414589 0.1180479 0.1153174 0.1304426 0.1272076 0.1280252 0.1303390 0.1604426 0.2522930 0.2864412 0.3059667 0.4523092 0.1971936 0.1123998 0.1139279 0.1201527 0.1279905 
HQ015389.1_Soestia_zonaria               0.1388156 0.1982405 0.2840289 0.1178774 0.1329653 0.1263985 0.1380963 0.1491899 0.1139365 0.1122975 0.1943102 0.1161130 0.1267278 0.1199682 0.1518352 0.1308761 0.1311836 0.1255159 0.1853616 0.1464249 0.1604294 0.1092977 0.1273680 0.1252056 0.1270058 0.1317049 0.1260096 0.1276035 0.1477775 0.1491158 0.0000000 0.0715560 0.1930698 0.1569157 0.1285138 0.1247499 0.1408678 0.1307167 0.1165144 0.1305327 0.1379639 0.1487266 0.1314098 0.1386977 0.1457308 0.1655251 0.1537505 0.1310854 0.1495745 0.1533201 0.1487611 0.1419171 0.1312156 0.1345859 0.1346959 0.1344513 0.1377124 0.1381779 0.2248003 0.2634556 0.2923024 0.4483307 0.1822394 0.1295009 0.1326010 0.1388050 0.1304421 
HQ015390.1_Thetys_vagina                 0.1083279 0.1736416 0.2707785 0.1191017 0.1133679 0.1016438 0.1135616 0.1191921 0.1051109 0.1008232 0.1800696 0.0878391 0.1001000 0.0811755 0.1192725 0.0890802 0.0999747 0.0986064 0.1695586 0.1063282 0.1220070 0.0844457 0.1035359 0.1029917 0.1032477 0.1021677 0.0988303 0.0937836 0.1010042 0.0954904 0.0715560 0.0000000 0.1326735 0.1030608 0.0840264 0.0811662 0.1007784 0.0972513 0.0740842 0.0921767 0.0945607 0.0941608 0.0928548 0.0801477 0.1087088 0.1249361 0.1052243 0.0915105 0.0996782 0.0989504 0.1127016 0.0867593 0.0866086 0.0988622 0.1044746 0.1044503 0.1044503 0.1148910 0.2048623 0.2284349 0.2453868 0.3905194 0.1500553 0.0816239 0.0816239 0.0924405 0.1007770 
HQ015391.1_Cyclosalpa_affinis            0.1539269 0.2517000 0.3771302 0.1899435 0.1886047 0.1807823 0.1857218 0.1487479 0.1965342 0.1827312 0.2586706 0.1603576 0.1701869 0.0834500 0.1907263 0.1153351 0.1166284 0.1603506 0.2499651 0.1751870 0.1647382 0.1607020 0.1625928 0.1665126 0.1621791 0.1718934 0.1623656 0.1539966 0.1626220 0.1558580 0.1930698 0.1326735 0.0000000 0.0237849 0.0724282 0.0543209 0.0938249 0.0885361 0.0688677 0.0813727 0.1087270 0.1158202 0.1079220 0.0709582 0.1265085 0.1540429 0.1164562 0.1069036 0.1188495 0.1154789 0.1306049 0.0815592 0.0966204 0.1304965 0.1282918 0.1289947 0.1271726 0.1921475 0.3241852 0.3564884 0.3485981 0.5115357 0.2484074 0.1002671 0.0965600 0.0977865 0.1268353 
HQ015392.1_Cyclosalpa_affinis            0.1248328 0.2084951 0.3204309 0.1566370 0.1554043 0.1452680 0.1517466 0.1153594 0.1586304 0.1444122 0.2132696 0.1271348 0.1322929 0.0548594 0.1518473 0.0859874 0.0810530 0.1278016 0.2083111 0.1419563 0.1365861 0.1230038 0.1298908 0.1295741 0.1295160 0.1350219 0.1289536 0.1224904 0.1289625 0.1225202 0.1569157 0.1030608 0.0237849 0.0000000 0.0466535 0.0299276 0.0667513 0.0607786 0.0443747 0.0542209 0.0791329 0.0840098 0.0791267 0.0437804 0.0931523 0.1178564 0.0897567 0.0736175 0.0867314 0.0857728 0.0992600 0.0553096 0.0651564 0.0993533 0.0993647 0.0996635 0.0996635 0.1561780 0.2882613 0.3073368 0.3022239 0.4593857 0.2113961 0.0696656 0.0696656 0.0705274 0.0971156 
HQ015393.1_Cyclosalpa_floridana          0.1126405 0.1866961 0.2891155 0.1235024 0.1288404 0.1222065 0.1304079 0.0820020 0.1234592 0.1174308 0.1814843 0.1022150 0.1090074 0.0266220 0.1145636 0.0610265 0.0506358 0.1058509 0.1773780 0.1089655 0.1174123 0.0962946 0.1097495 0.1094929 0.1094448 0.1109368 0.1059406 0.0986479 0.1084553 0.1073302 0.1285138 0.0840264 0.0724282 0.0466535 0.0000000 0.0266310 0.0422961 0.0356380 0.0189037 0.0306060 0.0590842 0.0677124 0.0550219 0.0539426 0.0613946 0.0819338 0.0713015 0.0407468 0.0693202 0.0684406 0.0669883 0.0462167 0.0357244 0.0781165 0.0691636 0.0703204 0.0695665 0.1314705 0.2549268 0.2651612 0.2601438 0.4202472 0.1751999 0.0363657 0.0363657 0.0382359 0.0676394 
HQ015394.1_Cyclosalpa_polae              0.1182843 0.1832028 0.2920903 0.1278943 0.1329919 0.1258551 0.1347342 0.0952046 0.1314502 0.1248898 0.1862840 0.1094851 0.1177366 0.0274443 0.1214800 0.0676810 0.0632143 0.1123663 0.1803092 0.1136410 0.1258256 0.1028277 0.1166696 0.1167324 0.1163402 0.1219368 0.1128382 0.1009830 0.1097268 0.1085147 0.1247499 0.0811662 0.0543209 0.0299276 0.0266310 0.0000000 0.0386506 0.0341170 0.0162195 0.0277544 0.0617777 0.0645392 0.0610662 0.0438220 0.0695721 0.0905102 0.0695381 0.0545759 0.0623506 0.0627903 0.0735283 0.0328656 0.0456306 0.0819028 0.0811656 0.0813070 0.0844122 0.1361583 0.2606103 0.2664896 0.2681699 0.4313145 0.1821926 0.0488044 0.0482964 0.0490419 0.0784812 
HQ015395.1_Cyclosalpa_sewelli            0.1346811 0.2119048 0.3183982 0.1377657 0.1424810 0.1393766 0.1429285 0.1130509 0.1365181 0.1300627 0.2048982 0.1167582 0.1316839 0.0400012 0.1401149 0.0583909 0.0605249 0.1260117 0.1984089 0.1248509 0.1410107 0.1141325 0.1321555 0.1317344 0.1317680 0.1324689 0.1265165 0.1143818 0.1304218 0.1264690 0.1408678 0.1007784 0.0938249 0.0667513 0.0422961 0.0386506 0.0000000 0.0216055 0.0290099 0.0458670 0.0766683 0.0899782 0.0732192 0.0726237 0.0698356 0.0565715 0.0968360 0.0663306 0.0900741 0.0891514 0.0533755 0.0694312 0.0575599 0.1037341 0.0989022 0.0991433 0.0991433 0.1592076 0.2775225 0.2911973 0.3007784 0.4641894 0.2003162 0.0632503 0.0632503 0.0647924 0.0948784 
HQ015396.1_Cyclosalpa_polae              0.1307297 0.2093155 0.3124962 0.1323432 0.1393482 0.1343449 0.1420802 0.1039072 0.1333766 0.1260091 0.1946958 0.1185641 0.1274427 0.0355219 0.1235642 0.0412879 0.0538450 0.1224310 0.1984834 0.1247712 0.1296745 0.1090809 0.1284169 0.1277067 0.1280433 0.1289216 0.1232963 0.1126508 0.1284835 0.1267594 0.1307167 0.0972513 0.0885361 0.0607786 0.0356380 0.0341170 0.0216055 0.0000000 0.0261842 0.0367518 0.0720437 0.0869523 0.0670273 0.0717021 0.0540492 0.0603240 0.0896242 0.0637952 0.0828831 0.0821667 0.0420916 0.0641284 0.0534013 0.0953352 0.0900387 0.0909591 0.0909591 0.1546664 0.2733725 0.2858527 0.2964817 0.4560301 0.1956821 0.0567794 0.0567794 0.0598084 0.0863910 
HQ015397.1_Cyclosalpa_quadriluminis      0.1112180 0.1752889 0.2781639 0.1189503 0.1207531 0.1160115 0.1211191 0.0823528 0.1161087 0.1093252 0.1699412 0.1018000 0.1075540 0.0142094 0.1053653 0.0612202 0.0483511 0.1034103 0.1698940 0.1003301 0.1079797 0.0941876 0.1084247 0.1084247 0.1083743 0.1074360 0.0982139 0.0927072 0.1035400 0.1030215 0.1165144 0.0740842 0.0688677 0.0443747 0.0189037 0.0162195 0.0290099 0.0261842 0.0000000 0.0225649 0.0560282 0.0660881 0.0520553 0.0547193 0.0570872 0.0777206 0.0671556 0.0420969 0.0613328 0.0604469 0.0610710 0.0442433 0.0331264 0.0713013 0.0706875 0.0722258 0.0722258 0.1312798 0.2504119 0.2566007 0.2595811 0.4227022 0.1731183 0.0389110 0.0389110 0.0392200 0.0669362 
HQ015398.1_Cyclosalpa_sewelli            0.1249601 0.2021607 0.3073783 0.1294095 0.1355726 0.1309806 0.1358672 0.1017837 0.1330964 0.1287218 0.1936314 0.1151193 0.1179256 0.0291158 0.1262126 0.0763339 0.0674869 0.1173467 0.1886937 0.1215603 0.1333865 0.1077300 0.1220838 0.1220838 0.1220289 0.1239876 0.1172305 0.1114949 0.1226969 0.1243813 0.1305327 0.0921767 0.0813727 0.0542209 0.0306060 0.0277544 0.0458670 0.0367518 0.0225649 0.0000000 0.0463505 0.0565891 0.0621307 0.0660794 0.0750618 0.0973991 0.0606764 0.0581512 0.0559799 0.0551546 0.0777916 0.0569328 0.0480079 0.0935072 0.0874997 0.0882272 0.0882272 0.1435372 0.2664444 0.2761779 0.2856303 0.4516912 0.1929146 0.0522062 0.0522062 0.0555863 0.0850269 
HQ015399.1_Iasis_cylindrica              0.1164292 0.1981546 0.3002828 0.1307273 0.1417216 0.1331405 0.1430962 0.0956644 0.1345989 0.1263702 0.1891736 0.1140356 0.1086258 0.0691584 0.1271212 0.0404218 0.0690057 0.1085123 0.1840551 0.1126274 0.1305123 0.1122314 0.1122280 0.1117176 0.1120019 0.1143987 0.1078153 0.1037102 0.1237288 0.1230052 0.1379639 0.0945607 0.1087270 0.0791329 0.0590842 0.0617777 0.0766683 0.0720437 0.0560282 0.0463505 0.0000000 0.0247359 0.0245998 0.0425829 0.0782431 0.1003924 0.0643147 0.0632610 0.0602314 0.0595511 0.0836721 0.0591066 0.0539657 0.0959381 0.0832432 0.0826321 0.0826321 0.1415222 0.2630208 0.2737981 0.2897216 0.4658443 0.1888450 0.0505576 0.0505576 0.0599021 0.0795068 
HQ015400.1_Iasis_cylindrica              0.1316756 0.2011415 0.3178501 0.1382643 0.1470602 0.1387173 0.1511477 0.1000754 0.1452202 0.1364580 0.1960267 0.1279203 0.1239574 0.0772262 0.1357305 0.0479327 0.0833823 0.1228609 0.1952272 0.1219037 0.1472784 0.1231400 0.1267467 0.1255378 0.1263804 0.1331497 0.1229199 0.1149457 0.1296010 0.1250107 0.1487266 0.0941608 0.1158202 0.0840098 0.0677124 0.0645392 0.0899782 0.0869523 0.0660881 0.0565891 0.0247359 0.0000000 0.0358928 0.0371899 0.0878601 0.1104751 0.0452100 0.0670161 0.0416149 0.0408451 0.0932654 0.0574888 0.0571842 0.0901797 0.0862622 0.0855619 0.0896349 0.1481501 0.2619543 0.2782336 0.2914845 0.4620593 0.1905727 0.0527472 0.0530936 0.0640231 0.0833707 
HQ015401.1_Iasis_cylindrica              0.1177190 0.1969090 0.2960562 0.1170780 0.1378647 0.1287065 0.1392016 0.0887410 0.1354988 0.1254133 0.1877373 0.1174203 0.1120104 0.0633912 0.1221277 0.0265639 0.0520955 0.1105535 0.1892273 0.1151428 0.1304311 0.1101609 0.1146507 0.1141094 0.1143240 0.1166263 0.1100398 0.0988422 0.1218488 0.1180508 0.1314098 0.0928548 0.1079220 0.0791267 0.0550219 0.0610662 0.0732192 0.0670273 0.0520553 0.0621307 0.0245998 0.0358928 0.0000000 0.0358578 0.0615916 0.0856967 0.0799557 0.0574607 0.0755702 0.0748263 0.0747497 0.0604594 0.0513124 0.0905392 0.0761525 0.0755906 0.0755906 0.1372546 0.2550591 0.2742912 0.2834176 0.4509554 0.1868286 0.0459547 0.0459547 0.0553224 0.0732416 
HQ015402.1_Iasis_cylindrica              0.1054908 0.1765419 0.2734559 0.1332553 0.1278567 0.1207327 0.1280424 0.0842496 0.1304402 0.1210871 0.1776942 0.1173809 0.1089872 0.0636194 0.1177196 0.0446646 0.0628288 0.1059430 0.1857749 0.1123232 0.1143792 0.1077704 0.1086409 0.1086409 0.1085912 0.1120772 0.1052320 0.1003788 0.1095074 0.1067462 0.1386977 0.0801477 0.0709582 0.0437804 0.0539426 0.0438220 0.0726237 0.0717021 0.0547193 0.0660794 0.0425829 0.0371899 0.0358578 0.0000000 0.0722766 0.0918808 0.0752543 0.0503578 0.0712769 0.0703585 0.0738656 0.0403549 0.0443933 0.0750582 0.0710446 0.0709709 0.0709709 0.1366472 0.2496370 0.2664944 0.2523879 0.4288289 0.1750735 0.0415034 0.0415034 0.0435461 0.0691490 
HQ015403.1_Brooksia_rostrata             0.1363531 0.2108275 0.3103368 0.1403144 0.1609229 0.1480493 0.1619850 0.1005970 0.1480796 0.1348887 0.1995305 0.1275620 0.1346579 0.0677819 0.1178659 0.0471094 0.0417368 0.1305536 0.2058544 0.1246793 0.1330108 0.1209397 0.1346961 0.1327069 0.1343016 0.1402225 0.1289478 0.1311147 0.1471254 0.1440191 0.1457308 0.1087088 0.1265085 0.0931523 0.0613946 0.0695721 0.0698356 0.0540492 0.0570872 0.0750618 0.0782431 0.0878601 0.0615916 0.0722766 0.0000000 0.0317420 0.0862906 0.0581973 0.0839829 0.0839736 0.0576314 0.0602847 0.0473462 0.0991904 0.0884947 0.0894168 0.0932309 0.1540153 0.2758588 0.2894159 0.3130576 0.4576076 0.2044598 0.0357749 0.0359906 0.0505433 0.0841062 
HQ015404.1_Brooksia_rostrata             0.1602419 0.2375470 0.3402827 0.1619800 0.1801717 0.1687922 0.1788365 0.1235509 0.1684539 0.1533277 0.2252441 0.1443163 0.1574483 0.0876629 0.1449165 0.0556599 0.0629132 0.1529724 0.2323132 0.1463396 0.1582109 0.1399881 0.1581199 0.1553484 0.1586605 0.1643357 0.1527147 0.1551828 0.1739892 0.1707610 0.1655251 0.1249361 0.1540429 0.1178564 0.0819338 0.0905102 0.0565715 0.0603240 0.0777206 0.0973991 0.1003924 0.1104751 0.0856967 0.0918808 0.0317420 0.0000000 0.1096928 0.0774903 0.1066052 0.1070151 0.0546677 0.0816293 0.0673210 0.1195763 0.1104224 0.1103526 0.1141491 0.1789248 0.3014016 0.3211393 0.3393144 0.4885754 0.2252681 0.0542007 0.0546381 0.0733081 0.1048615 
HQ015405.1_Salpa_aspera                  0.1428132 0.2121716 0.3278813 0.1485583 0.1560630 0.1504231 0.1555880 0.1138280 0.1519060 0.1467715 0.2015803 0.1296740 0.1399023 0.0800492 0.1367697 0.0883380 0.0555250 0.1365585 0.1986619 0.1308609 0.1389783 0.1341094 0.1402348 0.1402348 0.1401712 0.1433293 0.1356297 0.1252575 0.1405182 0.1379970 0.1537505 0.1052243 0.1164562 0.0897567 0.0713015 0.0695381 0.0968360 0.0896242 0.0671556 0.0606764 0.0643147 0.0452100 0.0799557 0.0752543 0.0862906 0.1096928 0.0000000 0.0426610 0.0096961 0.0090685 0.0690899 0.0578742 0.0564906 0.1013165 0.0990067 0.0997464 0.0997464 0.1589158 0.2765804 0.2974850 0.3226217 0.4628699 0.1986899 0.0554041 0.0554041 0.0348956 0.0968753 
HQ015406.1_Salpa_thompsoni               0.1270107 0.1787742 0.2881672 0.1260437 0.1344192 0.1287901 0.1385621 0.0866427 0.1278657 0.1265563 0.1752617 0.1063927 0.1155692 0.0548628 0.1087711 0.0606199 0.0192220 0.1131059 0.1765077 0.1049164 0.1140680 0.1093567 0.1144847 0.1137150 0.1141612 0.1228147 0.1088981 0.1082858 0.1207810 0.1165854 0.1310854 0.0915105 0.1069036 0.0736175 0.0407468 0.0545759 0.0663306 0.0637952 0.0420969 0.0581512 0.0632610 0.0670161 0.0574607 0.0503578 0.0581973 0.0774903 0.0426610 0.0000000 0.0404294 0.0388525 0.0398096 0.0428802 0.0299729 0.0791939 0.0726717 0.0745236 0.0768817 0.1358598 0.2360303 0.2627634 0.2600906 0.4209970 0.1827570 0.0272318 0.0277600 0.0056411 0.0725017 
HQ015407.1_Salpa_maxima                  0.1500440 0.1989296 0.3208767 0.1445127 0.1516161 0.1491760 0.1548519 0.1119653 0.1501472 0.1467714 0.1930004 0.1318115 0.1390196 0.0742282 0.1271129 0.0839512 0.0540847 0.1377942 0.1949505 0.1285500 0.1359484 0.1323601 0.1419329 0.1404468 0.1415146 0.1490236 0.1366864 0.1214385 0.1352162 0.1295335 0.1495745 0.0996782 0.1188495 0.0867314 0.0693202 0.0623506 0.0900741 0.0828831 0.0613328 0.0559799 0.0602314 0.0416149 0.0755702 0.0712769 0.0839829 0.1066052 0.0096961 0.0404294 0.0000000 0.0005911 0.0591789 0.0527627 0.0523314 0.0948369 0.0973465 0.0973749 0.1015000 0.1561232 0.2646584 0.2838263 0.3085160 0.4574036 0.2001881 0.0502585 0.0505578 0.0293659 0.0943754 
HQ015408.1_Salpa_maxima                  0.1440383 0.2019531 0.3210902 0.1453648 0.1522190 0.1494637 0.1527343 0.1108556 0.1511355 0.1470106 0.1927886 0.1305259 0.1390426 0.0728145 0.1277457 0.0829178 0.0514549 0.1366969 0.1934440 0.1279948 0.1298853 0.1321808 0.1407086 0.1403581 0.1402948 0.1444371 0.1354394 0.1208856 0.1359104 0.1296403 0.1533201 0.0989504 0.1154789 0.0857728 0.0684406 0.0627903 0.0891514 0.0821667 0.0604469 0.0551546 0.0595511 0.0408451 0.0748263 0.0703585 0.0839736 0.1070151 0.0090685 0.0388525 0.0005911 0.0000000 0.0584870 0.0522987 0.0509346 0.0954650 0.0963350 0.0966472 0.0966472 0.1582505 0.2713556 0.2856718 0.3106212 0.4566638 0.2009274 0.0499674 0.0499674 0.0293659 0.0937951 
HQ015409.1_Salpa_fusiformis              0.1447480 0.2191214 0.3229274 0.1426777 0.1513716 0.1525946 0.1542946 0.1105487 0.1438180 0.1378608 0.1988796 0.1299791 0.1401007 0.0724338 0.1279877 0.0472773 0.0324633 0.1357727 0.2104215 0.1323202 0.1319151 0.1290618 0.1413293 0.1405287 0.1409096 0.1431086 0.1345727 0.1282926 0.1466914 0.1414589 0.1487611 0.1127016 0.1306049 0.0992600 0.0669883 0.0735283 0.0533755 0.0420916 0.0610710 0.0777916 0.0836721 0.0932654 0.0747497 0.0738656 0.0576314 0.0546677 0.0690899 0.0398096 0.0591789 0.0584870 0.0000000 0.0673090 0.0546556 0.1004953 0.0969169 0.0978090 0.0978090 0.1670022 0.2755695 0.2960527 0.3077423 0.4601152 0.2087985 0.0526920 0.0526920 0.0339104 0.0931742 
HQ015410.1_Ritteriella_retracta          0.1141857 0.1864752 0.2877834 0.1390718 0.1435415 0.1300780 0.1409350 0.0889478 0.1346109 0.1276844 0.1905302 0.1125153 0.1179334 0.0540150 0.1217355 0.0645718 0.0536893 0.1146082 0.1857849 0.1165426 0.1257408 0.1095827 0.1189478 0.1177644 0.1186085 0.1243881 0.1133362 0.1102038 0.1186770 0.1180479 0.1419171 0.0867593 0.0815592 0.0553096 0.0462167 0.0328656 0.0694312 0.0641284 0.0442433 0.0569328 0.0591066 0.0574888 0.0604594 0.0403549 0.0602847 0.0816293 0.0578742 0.0428802 0.0527627 0.0522987 0.0673090 0.0000000 0.0167695 0.0811427 0.0769956 0.0771651 0.0777184 0.1404252 0.2713001 0.2748212 0.2722183 0.4306872 0.1854166 0.0282246 0.0282908 0.0348564 0.0735429 
HQ015411.1_Ritteriella_retracta          0.1099830 0.1862325 0.2795763 0.1254550 0.1328096 0.1223913 0.1335554 0.0763598 0.1246072 0.1175563 0.1847855 0.1031332 0.1085987 0.0437468 0.1107523 0.0546167 0.0428021 0.1059557 0.1826638 0.1064925 0.1193190 0.1001305 0.1099552 0.1092554 0.1096476 0.1153005 0.1043153 0.1056447 0.1166242 0.1153174 0.1312156 0.0866086 0.0966204 0.0651564 0.0357244 0.0456306 0.0575599 0.0534013 0.0331264 0.0480079 0.0539657 0.0571842 0.0513124 0.0443933 0.0473462 0.0673210 0.0564906 0.0299729 0.0523314 0.0509346 0.0546556 0.0167695 0.0000000 0.0706471 0.0662466 0.0680820 0.0704297 0.1309470 0.2514143 0.2649421 0.2654822 0.4200063 0.1751287 0.0181986 0.0184466 0.0246314 0.0646410 
HQ015412.1_Thalia_orientalis             0.1433770 0.2078317 0.2794284 0.1531260 0.1576146 0.1460728 0.1608283 0.0558962 0.1416809 0.1352461 0.2016591 0.1395185 0.1413286 0.0826893 0.1178544 0.0877738 0.0899340 0.1376670 0.1976005 0.1086883 0.1222237 0.1245922 0.1399302 0.1384870 0.1395205 0.1465261 0.1406640 0.1243893 0.1378651 0.1304426 0.1345859 0.0988622 0.1304965 0.0993533 0.0781165 0.0819028 0.1037341 0.0953352 0.0713013 0.0935072 0.0959381 0.0901797 0.0905392 0.0750582 0.0991904 0.1195763 0.1013165 0.0791939 0.0948369 0.0954650 0.1004953 0.0811427 0.0706471 0.0000000 0.0446634 0.0436301 0.0475082 0.1645683 0.2706757 0.2684666 0.2990946 0.4411318 0.1962336 0.0712522 0.0713012 0.0796739 0.0410625 
HQ015413.1_Thalia_democratica            0.1359576 0.1988942 0.2783210 0.1457684 0.1507985 0.1468216 0.1552186 0.0182387 0.1476763 0.1404249 0.1939720 0.1340306 0.1307814 0.0816819 0.1209245 0.0731576 0.0833411 0.1281368 0.1923245 0.1227257 0.1200477 0.1229305 0.1266464 0.1266464 0.1265899 0.1340715 0.1266952 0.1208723 0.1341797 0.1272076 0.1346959 0.1044746 0.1282918 0.0993647 0.0691636 0.0811656 0.0989022 0.0900387 0.0706875 0.0874997 0.0832432 0.0862622 0.0761525 0.0710446 0.0884947 0.1104224 0.0990067 0.0726717 0.0973465 0.0963350 0.0969169 0.0769956 0.0662466 0.0446634 0.0000000 0.0023619 0.0017699 0.1611149 0.2708306 0.2686944 0.3038985 0.4148919 0.2033582 0.0609174 0.0609174 0.0759390 0.0036765 
HQ015414.1_Thalia_democratica            0.1375974 0.1948539 0.2738542 0.1454318 0.1513905 0.1484384 0.1547877 0.0202221 0.1493079 0.1420732 0.1898233 0.1369758 0.1324478 0.0826335 0.1226040 0.0739405 0.0834693 0.1300901 0.1884771 0.1216320 0.1217293 0.1246151 0.1299157 0.1292103 0.1295447 0.1357503 0.1294504 0.1207219 0.1349414 0.1280252 0.1344513 0.1044503 0.1289947 0.0996635 0.0703204 0.0813070 0.0991433 0.0909591 0.0722258 0.0882272 0.0826321 0.0855619 0.0755906 0.0709709 0.0894168 0.1103526 0.0997464 0.0745236 0.0973749 0.0966472 0.0978090 0.0771651 0.0680820 0.0436301 0.0023619 0.0000000 0.0005846 0.1636422 0.2732454 0.2698011 0.3036820 0.4247071 0.2058298 0.0611884 0.0611884 0.0758359 0.0054932 
