63
AB013011.1_Pyrosoma_atlanticum           0.0000000 0.1489646 0.2730787 0.0771216 0.0715940 0.0598073 0.0732876 0.1366401 0.0709182 0.0640932 0.1476180 0.0126355 0.0130889 0.0994087 0.1377756 0.1197874 0.1288772 0.0095588 0.1285249 0.1329543 0.1363081 0.0344407 0.0123937 0.0123937 0.0117303 0.0104723 0.0133896 0.1161761 0.1207472 0.1217700 0.1260929 0.0903416 0.1760820 0.1283282 0.1010577 0.1072523 0.1297972 0.1234426 0.0932034 0.0967585 0.0939592 0.1054044 0.1123990 0.1060980 0.1370219 0.1499816 0.1113947 0.1020816 0.1131317 0.1119328 0.1399278 0.1081223 0.0889054 0.1409739 0.1199914 0.1216379 0.1216379 0.0838985 0.2160604 0.2394238 0.2623238 0.4033470 0.1276575 
AB013012.1_Doliolum_nationalis           0.1489646 0.0000000 0.3415120 0.1537577 0.1489916 0.1443847 0.1457488 0.2081142 0.1459693 0.1393126 0.0228057 0.1362642 0.1428401 0.1633599 0.1920851 0.1989899 0.1943328 0.1408296 0.0177064 0.1945939 0.1906865 0.1328827 0.1416730 0.1416730 0.1416432 0.1442482 0.1418207 0.1706416 0.1905775 0.1767489 0.1741121 0.1500650 0.2945225 0.2131942 0.1740644 0.1699736 0.2022289 0.2010974 0.1517678 0.1667707 0.1637936 0.1711900 0.1860038 0.1733363 0.2081639 0.2247961 0.1763324 0.1672085 0.1664754 0.1649896 0.2118540 0.1746493 0.1618529 0.1946471 0.1842333 0.1811199 0.1811199 0.1592784 0.2642631 0.2815704 0.2871640 0.4817088 0.2177164 
AB013014.1_Oikopleura_dioica             0.2730787 0.3415120 0.0000000 0.2689136 0.2602900 0.2441104 0.2571929 0.3081868 0.2524448 0.2518532 0.3364524 0.2385209 0.2697396 0.3049881 0.3041270 0.3149004 0.3234514 0.2623005 0.3136482 0.3026085 0.3010510 0.2468977 0.2692650 0.2692650 0.2692137 0.2669385 0.2732837 0.2962997 0.3441629 0.3246350 0.2836718 0.2734369 0.4950001 0.3701633 0.3038019 0.3134585 0.3437375 0.3355729 0.2743701 0.2929882 0.2884797 0.3056649 0.3131386 0.2956409 0.3444568 0.3663674 0.3189748 0.2941259 0.3138651 0.3113672 0.3594730 0.3103491 0.2768331 0.3028348 0.2855322 0.2824368 0.2824368 0.2789416 0.3582628 0.3702894 0.3888084 0.7596705 0.2851148 
AB013017.1_Ciona_intestinalis            0.0771216 0.1537577 0.2689136 0.0000000 0.0630274 0.0524887 0.0611088 0.1443770 0.0600765 0.0562114 0.1378984 0.0628504 0.0719038 0.0979996 0.1299217 0.1254134 0.1214886 0.0677612 0.1323312 0.1342154 0.1331487 0.0609870 0.0716018 0.0716018 0.0699013 0.0697980 0.0617739 0.1196423 0.1329564 0.1307261 0.1083530 0.1015976 0.2251260 0.1627193 0.1116237 0.1210792 0.1282830 0.1232318 0.0986645 0.1047679 0.1054395 0.1134584 0.1033836 0.1339071 0.1314038 0.1510686 0.1224243 0.1101021 0.1199521 0.1187324 0.1356761 0.1292286 0.1023979 0.1441728 0.1288186 0.1304716 0.1304716 0.0744653 0.1962295 0.2178558 0.2462317 0.4309533 0.1215211 
AB075543.1_Megalodicopia_hians           0.0715940 0.1489916 0.2602900 0.0630274 0.0000000 0.0405388 0.0208968 0.1499214 0.0481654 0.0417910 0.1453443 0.0566137 0.0649637 0.1055880 0.1367020 0.1383352 0.1439487 0.0627790 0.1274315 0.1332371 0.1368345 0.0505163 0.0648143 0.0648143 0.0640291 0.0636909 0.0596887 0.1218054 0.1353839 0.1366270 0.1236825 0.0999716 0.2290186 0.1641801 0.1188584 0.1250297 0.1386409 0.1330120 0.1010213 0.1060373 0.1133204 0.1211085 0.1319718 0.1323298 0.1584976 0.1678466 0.1279149 0.1227638 0.1267640 0.1255151 0.1509185 0.1368546 0.1103680 0.1537692 0.1338842 0.1355431 0.1355431 0.0661542 0.1868676 0.2117298 0.2331541 0.4148510 0.1022944 
AB104873.1_Perophora_sagamiensis         0.0598073 0.1443847 0.2441104 0.0524887 0.0405388 0.0000000 0.0400504 0.1406264 0.0413247 0.0397227 0.1400887 0.0453671 0.0564860 0.0978232 0.1315501 0.1263169 0.1300021 0.0545103 0.1231712 0.1249038 0.1288782 0.0448094 0.0580640 0.0580640 0.0564611 0.0560764 0.0537213 0.1151188 0.1290325 0.1268397 0.1141349 0.0868966 0.2139289 0.1476025 0.1070690 0.1154038 0.1348796 0.1280119 0.0942608 0.0974571 0.0982890 0.1053369 0.1170278 0.1169484 0.1440773 0.1583240 0.1110446 0.1054137 0.1131395 0.1119503 0.1448772 0.1196700 0.0953732 0.1409760 0.1258945 0.1275464 0.1275464 0.0531764 0.1926036 0.1874776 0.2339738 0.4207548 0.1089678 
AF165821.2_Chelyosoma_siboja             0.0732876 0.1457488 0.2571929 0.0611088 0.0208968 0.0400504 0.0000000 0.1493454 0.0453934 0.0391318 0.1421101 0.0556845 0.0656996 0.1016448 0.1328543 0.1365296 0.1387341 0.0634713 0.1254667 0.1324496 0.1329844 0.0494493 0.0655464 0.0655464 0.0647509 0.0652735 0.0611670 0.1210049 0.1342898 0.1359322 0.1211412 0.0960408 0.2236860 0.1565698 0.1138689 0.1210420 0.1372725 0.1315934 0.0971659 0.1020275 0.1102212 0.1179835 0.1288009 0.1292314 0.1560853 0.1654811 0.1228503 0.1177219 0.1228175 0.1215764 0.1496513 0.1316912 0.1054434 0.1511875 0.1311341 0.1316545 0.1316545 0.0624695 0.1962142 0.2199543 0.2365719 0.4386226 0.1090669 
D14366.1_Thalia_democratica              0.1366401 0.2081142 0.3081868 0.1443770 0.1499214 0.1406264 0.1493454 0.0000000 0.1397829 0.1368898 0.2024395 0.1221492 0.1272221 0.0819042 0.1148349 0.0933965 0.1020331 0.1235248 0.1864557 0.1110133 0.1150279 0.1146514 0.1229230 0.1229230 0.1228963 0.1268538 0.1193796 0.1262252 0.1399028 0.1349904 0.1418445 0.1035959 0.1892325 0.1258629 0.0787757 0.0962402 0.1114851 0.1050028 0.0737909 0.0793137 0.0739121 0.0791656 0.0919817 0.0921371 0.1075381 0.1216025 0.0866476 0.0749556 0.0848071 0.0837710 0.1156000 0.0927831 0.0670773 0.0572305 0.0175542 0.0196327 0.0196327 0.1591597 0.2787008 0.2803042 0.3626682 0.4908023 0.1947066 
FM244840.1_Clavelina_meridionalis        0.0709182 0.1459693 0.2524448 0.0600765 0.0481654 0.0413247 0.0453934 0.1397829 0.0000000 0.0186127 0.1401274 0.0526887 0.0654133 0.0970584 0.1231159 0.1304478 0.1309506 0.0643182 0.1286126 0.1307969 0.1266801 0.0543000 0.0667599 0.0667599 0.0650997 0.0620262 0.0633495 0.1219218 0.1335789 0.1294121 0.1053077 0.0958636 0.2327501 0.1639508 0.1117058 0.1205406 0.1293708 0.1258436 0.0961727 0.1026628 0.1068716 0.1159599 0.1243546 0.1297269 0.1440546 0.1529938 0.1193080 0.1116723 0.1192875 0.1180597 0.1386374 0.1286004 0.1023751 0.1399381 0.1304629 0.1321357 0.1321357 0.0679074 0.1864777 0.2088840 0.2216044 0.4233013 0.1022644 
FM244841.1_Pycnoclavella_aff._detorta    0.0640932 0.1393126 0.2518532 0.0562114 0.0417910 0.0397227 0.0391318 0.1368898 0.0186127 0.0000000 0.1336259 0.0458404 0.0588640 0.0938334 0.1248937 0.1233903 0.1286820 0.0570015 0.1187485 0.1286320 0.1249880 0.0476612 0.0588168 0.0588168 0.0571901 0.0565271 0.0538579 0.1124410 0.1260828 0.1229843 0.0992582 0.0868751 0.2170353 0.1502419 0.1053964 0.1149502 0.1271432 0.1226280 0.0923241 0.0984456 0.0978622 0.1066247 0.1171360 0.1216531 0.1366129 0.1443691 0.1120488 0.1071982 0.1119253 0.1107353 0.1332739 0.1218293 0.0962743 0.1301482 0.1227357 0.1243942 0.1243942 0.0598501 0.1799541 0.2044960 0.2241937 0.4061922 0.1001686 
FM244861.1_Doliolum_denticulatu          0.1476180 0.0228057 0.3364524 0.1378984 0.1453443 0.1400887 0.1421101 0.2024395 0.1401274 0.1336259 0.0000000 0.1294112 0.1393717 0.1605321 0.1819239 0.1871294 0.1871726 0.1367647 0.0191313 0.1899108 0.1878866 0.1258988 0.1375249 0.1375249 0.1374959 0.1398930 0.1374281 0.1690140 0.1917244 0.1855182 0.1719581 0.1530454 0.3148111 0.2274085 0.1756386 0.1770174 0.2012491 0.1924936 0.1507117 0.1651899 0.1630909 0.1720176 0.1842357 0.1820028 0.1968645 0.2226864 0.1774660 0.1674812 0.1688643 0.1673739 0.1985009 0.1883705 0.1631950 0.1944620 0.1793588 0.1763085 0.1763085 0.1558122 0.2563988 0.2612192 0.2811586 0.4654112 0.2088785 
FM244862.1_Pyrosoma_godeauxi             0.0126355 0.1362642 0.2385209 0.0628504 0.0566137 0.0453671 0.0556845 0.1221492 0.0526887 0.0458404 0.1294112 0.0000000 0.0068962 0.0825232 0.1090877 0.1158307 0.1087272 0.0040392 0.1177313 0.1072570 0.1081813 0.0230624 0.0068900 0.0068900 0.0054972 0.0020491 0.0048414 0.0956457 0.1106674 0.1087039 0.1065968 0.0724477 0.1963287 0.1313629 0.0883827 0.0999286 0.1080200 0.1086855 0.0809472 0.0843818 0.0817013 0.0946970 0.1029842 0.1127452 0.1182039 0.1258729 0.0954892 0.0853065 0.0963807 0.0951946 0.1209625 0.1007840 0.0746670 0.1290600 0.1117258 0.1136667 0.1136667 0.0739078 0.2070158 0.2144190 0.2404961 0.4060163 0.1150511 
FM244863.1_Pyrosomella_verticillata      0.0130889 0.1428401 0.2697396 0.0719038 0.0649637 0.0564860 0.0656996 0.1272221 0.0654133 0.0588640 0.1393717 0.0068962 0.0000000 0.0933638 0.1280423 0.1127849 0.1181090 0.0031343 0.1172985 0.1240480 0.1285534 0.0301202 0.0057699 0.0057699 0.0070700 0.0051495 0.0078986 0.1099186 0.1228668 0.1209532 0.1203830 0.0875339 0.2037423 0.1385390 0.0982986 0.1070444 0.1211768 0.1158642 0.0890641 0.0869272 0.0824354 0.0991653 0.1032496 0.1091429 0.1286696 0.1403461 0.1068979 0.0980840 0.1076103 0.1064428 0.1285763 0.1091993 0.0851936 0.1355943 0.1126373 0.1142698 0.1142698 0.0776486 0.2096658 0.2314305 0.2571178 0.4111589 0.1178167 
FM244864.1_Cyclosalpa_quadriluminis      0.0994087 0.1633599 0.3049881 0.0979996 0.1055880 0.0978232 0.1016448 0.0819042 0.0970584 0.0938334 0.1605321 0.0825232 0.0933638 0.0000000 0.0941692 0.0693326 0.0615056 0.0895171 0.1496723 0.0944829 0.0999137 0.0759848 0.0933539 0.0933539 0.0933339 0.0932275 0.0877790 0.0850740 0.0941266 0.0932633 0.1048844 0.0658018 0.1108275 0.0639897 0.0248727 0.0273029 0.0480516 0.0431671 0.0106128 0.0145248 0.0461719 0.0499813 0.0573501 0.0650177 0.0703513 0.0873074 0.0532346 0.0412591 0.0474596 0.0466264 0.0730735 0.0517506 0.0290954 0.0791191 0.0679682 0.0685721 0.0685721 0.1111959 0.2424741 0.2565139 0.2776626 0.4588711 0.1629569 
FM244865.1_Ihlea_racovitzai              0.1377756 0.1920851 0.3041270 0.1299217 0.1367020 0.1315501 0.1328543 0.1148349 0.1231159 0.1248937 0.1819239 0.1090877 0.1280423 0.0941692 0.0000000 0.1016868 0.1038346 0.1246293 0.1760461 0.0674449 0.0158135 0.1095748 0.1287457 0.1287457 0.1287178 0.1273567 0.1224611 0.1275361 0.1344515 0.1363127 0.1353682 0.1034175 0.2306481 0.1586252 0.1040689 0.1143706 0.1198951 0.1112308 0.0883475 0.0931927 0.0923134 0.1073238 0.1022289 0.1141572 0.1141232 0.1258814 0.1075509 0.0935184 0.1000795 0.0989751 0.1132673 0.1231205 0.0943295 0.1116828 0.1035537 0.1051565 0.1051565 0.1476952 0.2685502 0.2763919 0.3011058 0.5110944 0.1982680 
FM244866.1_Iasis_cylindrica              0.1197874 0.1989899 0.3149004 0.1254134 0.1383352 0.1263169 0.1365296 0.0933965 0.1304478 0.1233903 0.1871294 0.1158307 0.1127849 0.0693326 0.1016868 0.0000000 0.0424657 0.1084466 0.1959065 0.1221869 0.1109047 0.1067633 0.1121196 0.1121196 0.1131319 0.1154575 0.1110265 0.1038558 0.1267803 0.1234347 0.1228256 0.0851888 0.1699963 0.1125192 0.0711734 0.0864407 0.0519047 0.0320404 0.0652623 0.0671951 0.0369833 0.0473001 0.0272110 0.0711819 0.0439357 0.0554080 0.0802285 0.0677371 0.0746889 0.0736375 0.0404834 0.0857391 0.0573695 0.0941986 0.0777365 0.0794957 0.0794957 0.1511477 0.2728447 0.2928918 0.3139974 0.5500611 0.1902680 
FM244867.1_Salpa_thompsoni               0.1288772 0.1943328 0.3234514 0.1214886 0.1439487 0.1300021 0.1387341 0.1020331 0.1309506 0.1286820 0.1871726 0.1087272 0.1181090 0.0615056 0.1038346 0.0424657 0.0000000 0.1162436 0.1818960 0.1157739 0.1123477 0.1069863 0.1191043 0.1191043 0.1190783 0.1223562 0.1133809 0.1102308 0.1268865 0.1237168 0.1252058 0.0982377 0.1708438 0.1093787 0.0633780 0.0777261 0.0577784 0.0474206 0.0533011 0.0605677 0.0634265 0.0750640 0.0458563 0.0844063 0.0377406 0.0625877 0.0581236 0.0324418 0.0538863 0.0530223 0.0350818 0.0735690 0.0470979 0.0954288 0.0863186 0.0869034 0.0869034 0.1500688 0.2740386 0.2883405 0.3137626 0.5051217 0.1971417 
HQ015380.1_Pyrosomella_verticillata      0.0095588 0.1408296 0.2623005 0.0677612 0.0627790 0.0545103 0.0634713 0.1235248 0.0643182 0.0570015 0.1367647 0.0040392 0.0031343 0.0895171 0.1246293 0.1084466 0.1162436 0.0000000 0.1172704 0.1203105 0.1235847 0.0266514 0.0024998 0.0024998 0.0037589 0.0025165 0.0051428 0.1055871 0.1209799 0.1190190 0.1161780 0.0821172 0.1913858 0.1297006 0.0922550 0.1020624 0.1180847 0.1129968 0.0834096 0.0879772 0.0815668 0.0951588 0.1009063 0.1037635 0.1238938 0.1350816 0.1017258 0.0919485 0.1024282 0.1013063 0.1264882 0.1028332 0.0795988 0.1295256 0.1080854 0.1096780 0.1096780 0.0759452 0.2066265 0.2235488 0.2513704 0.3989151 0.1173307 
HQ015376.1_Doliolum_denticulatum         0.1285249 0.0177064 0.3136482 0.1323312 0.1274315 0.1231712 0.1254667 0.1864557 0.1286126 0.1187485 0.0191313 0.1177313 0.1172985 0.1496723 0.1760461 0.1959065 0.1818960 0.1172704 0.0000000 0.1695478 0.1775154 0.1168542 0.1185086 0.1185086 0.1184832 0.1189953 0.1175684 0.1556670 0.1737310 0.1678442 0.1592578 0.1334084 0.3030638 0.2163710 0.1647415 0.1658746 0.1881378 0.1887163 0.1451141 0.1548225 0.1527359 0.1631098 0.1745095 0.1818656 0.1988067 0.2151581 0.1673863 0.1585228 0.1609666 0.1594911 0.2020861 0.1773714 0.1534771 0.1793063 0.1716310 0.1689045 0.1689045 0.1373572 0.2384326 0.2584146 0.2614807 0.4567347 0.1878342 
HQ015377.1_Salpidae_gen._nov._sp._nov._A 0.1329543 0.1945939 0.3026085 0.1342154 0.1332371 0.1249038 0.1324496 0.1110133 0.1307969 0.1286320 0.1899108 0.1072570 0.1240480 0.0944829 0.0674449 0.1221869 0.1157739 0.1203105 0.1695478 0.0000000 0.0693537 0.1056577 0.1227294 0.1227294 0.1227026 0.1239710 0.1192455 0.1185163 0.1238168 0.1246563 0.1363631 0.0974913 0.2264358 0.1555968 0.1009416 0.1112772 0.1246845 0.1221253 0.0866632 0.0953485 0.0869765 0.0985023 0.1088937 0.1124260 0.1281391 0.1404231 0.1036943 0.0885297 0.1015094 0.1003933 0.1325495 0.1191879 0.0903962 0.1106795 0.1060841 0.1057644 0.1057644 0.1501656 0.2656948 0.2541807 0.3047749 0.5191221 0.1877163 
HQ015378.1_Ihlea_racovitzai              0.1363081 0.1906865 0.3010510 0.1331487 0.1368345 0.1288782 0.1329844 0.1150279 0.1266801 0.1249880 0.1878866 0.1081813 0.1285534 0.0999137 0.0158135 0.1109047 0.1123477 0.1235847 0.1775154 0.0693537 0.0000000 0.1080955 0.1276988 0.1276988 0.1276709 0.1262980 0.1213696 0.1230067 0.1310984 0.1290549 0.1386332 0.1059556 0.1894642 0.1392814 0.1027373 0.1120828 0.1242856 0.1189491 0.0857259 0.0993656 0.0951286 0.1098440 0.1144131 0.1108757 0.1202734 0.1300919 0.1086495 0.0934697 0.1010782 0.0999590 0.1256861 0.1254391 0.0959987 0.1118893 0.1037209 0.1053258 0.1053258 0.1461282 0.2623406 0.2745286 0.3016230 0.5179020 0.2017346 
HQ015379.1_Pyrostremma_spinosum          0.0344407 0.1328827 0.2468977 0.0609870 0.0505163 0.0448094 0.0494493 0.1146514 0.0543000 0.0476612 0.1258988 0.0230624 0.0301202 0.0759848 0.1095748 0.1067633 0.1069863 0.0266514 0.1168542 0.1056577 0.1080955 0.0000000 0.0300406 0.0300406 0.0300345 0.0288038 0.0285321 0.0917567 0.1032260 0.1003500 0.0973527 0.0694400 0.1804333 0.1195182 0.0812799 0.0891307 0.1048846 0.0997271 0.0732518 0.0752326 0.0767036 0.0852349 0.0957484 0.0983309 0.1155993 0.1274119 0.0950572 0.0854816 0.0926829 0.0916130 0.1183062 0.0948943 0.0721053 0.1143178 0.1008137 0.1023982 0.1023982 0.0697741 0.1967842 0.2142823 0.2412236 0.3809900 0.1134320 
HQ015381.1_Pyrosoma_atlanticum           0.0123937 0.1416730 0.2692650 0.0716018 0.0648143 0.0580640 0.0655464 0.1229230 0.0667599 0.0588168 0.1375249 0.0068900 0.0057699 0.0933539 0.1287457 0.1121196 0.1191043 0.0024998 0.1185086 0.1227294 0.1276988 0.0300406 0.0000000 0.0000010 0.0012430 0.0051498 0.0078929 0.1101926 0.1270578 0.1251409 0.1174451 0.0865454 0.1957607 0.1323373 0.0971682 0.1063118 0.1229393 0.1176813 0.0870661 0.0917436 0.0842771 0.0982703 0.1042208 0.1071796 0.1268640 0.1383855 0.1050590 0.0940836 0.1057731 0.1046137 0.1307029 0.1071534 0.0840760 0.1318207 0.1091346 0.1107541 0.1107541 0.0777990 0.2106289 0.2294622 0.2633723 0.3935211 0.1186525 
HQ015382.1_Pyrosomella_verticillata      0.0123937 0.1416730 0.2692650 0.0716018 0.0648143 0.0580640 0.0655464 0.1229230 0.0667599 0.0588168 0.1375249 0.0068900 0.0057699 0.0933539 0.1287457 0.1121196 0.1191043 0.0024998 0.1185086 0.1227294 0.1276988 0.0300406 0.0000010 0.0000000 0.0012430 0.0051498 0.0078929 0.1101926 0.1270578 0.1251409 0.1174451 0.0865454 0.1957607 0.1323373 0.0971682 0.1063118 0.1229393 0.1176813 0.0870661 0.0917436 0.0842771 0.0982703 0.1042208 0.1071796 0.1268640 0.1383855 0.1050590 0.0940836 0.1057731 0.1046137 0.1307029 0.1071534 0.0840760 0.1318207 0.1091346 0.1107541 0.1107541 0.0777990 0.2106289 0.2294622 0.2633723 0.3935211 0.1186525 
HQ015383.1_Pyrosomella_verticillata      0.0117303 0.1416432 0.2692137 0.0699013 0.0640291 0.0564611 0.0647509 0.1228963 0.0650997 0.0571901 0.1374959 0.0054972 0.0070700 0.0933339 0.1287178 0.1131319 0.1190783 0.0037589 0.1184832 0.1227026 0.1276709 0.0300345 0.0012430 0.0012430 0.0000000 0.0038527 0.0065606 0.1101691 0.1270306 0.1251140 0.1174207 0.0865269 0.1957539 0.1323085 0.0971475 0.1062890 0.1229127 0.1176557 0.0870469 0.0917240 0.0842590 0.0982491 0.1041982 0.1071556 0.1268364 0.1393758 0.1050686 0.0940632 0.1057503 0.1045912 0.1306742 0.1071302 0.0840580 0.1317923 0.1091112 0.1107305 0.1107305 0.0760817 0.2105867 0.2294161 0.2633215 0.3934580 0.1206471 
HQ015384.1_Pyrosoma_godeauxi             0.0104723 0.1442482 0.2669385 0.0697980 0.0636909 0.0560764 0.0652735 0.1268538 0.0620262 0.0565271 0.1398930 0.0020491 0.0051495 0.0932275 0.1273567 0.1154575 0.1223562 0.0025165 0.1189953 0.1239710 0.1262980 0.0288038 0.0051498 0.0051498 0.0038527 0.0000000 0.0052151 0.1089508 0.1249807 0.1229447 0.1188125 0.0846845 0.2019324 0.1365519 0.0961983 0.1074049 0.1242677 0.1189404 0.0871060 0.0926504 0.0859665 0.1001812 0.1062379 0.1093278 0.1292349 0.1419807 0.1061813 0.0968600 0.1078037 0.1066244 0.1331863 0.1082510 0.0839034 0.1349551 0.1124955 0.1141382 0.1141382 0.0754563 0.2098243 0.2258420 0.2559343 0.4071761 0.1219106 
HQ015385.1_Pyrosoma_atlanticum           0.0133896 0.1418207 0.2732837 0.0617739 0.0596887 0.0537213 0.0611670 0.1193796 0.0633495 0.0538579 0.1374281 0.0048414 0.0078986 0.0877790 0.1224611 0.1110265 0.1133809 0.0051428 0.1175684 0.1192455 0.1213696 0.0285321 0.0078929 0.0078929 0.0065606 0.0052151 0.0000000 0.1059796 0.1220037 0.1200499 0.1156088 0.0803763 0.1945871 0.1308183 0.0917712 0.1019642 0.1186670 0.1133586 0.0790656 0.0870541 0.0816195 0.0957840 0.1017908 0.1052473 0.1235883 0.1362789 0.1014981 0.0884114 0.1012990 0.1001373 0.1262871 0.1027659 0.0786358 0.1305982 0.1080401 0.1098707 0.1098707 0.0748988 0.2070510 0.2275630 0.2529718 0.4006308 0.1196971 
HQ015386.1_Pegea_confoederata            0.1161761 0.1706416 0.2962997 0.1196423 0.1218054 0.1151188 0.1210049 0.1262252 0.1219218 0.1124410 0.1690140 0.0956457 0.1099186 0.0850740 0.1275361 0.1038558 0.1102308 0.1055871 0.1556670 0.1185163 0.1230067 0.0917567 0.1101926 0.1101926 0.1101691 0.1089508 0.1059796 0.0000000 0.0200250 0.0178373 0.1165078 0.0793622 0.1904936 0.1303736 0.0955617 0.0953621 0.1139464 0.1092937 0.0759795 0.0853122 0.0818879 0.0904620 0.0941889 0.1019406 0.1325625 0.1498106 0.0976928 0.0972037 0.0950913 0.0940139 0.1283992 0.1091780 0.0909017 0.1212481 0.1125169 0.1130696 0.1130696 0.1352623 0.2410948 0.2715607 0.2896547 0.5160193 0.1744124 
HQ015387.1_Pegea_confoederata            0.1207472 0.1905775 0.3441629 0.1329564 0.1353839 0.1290325 0.1342898 0.1399028 0.1335789 0.1260828 0.1917244 0.1106674 0.1228668 0.0941266 0.1344515 0.1267803 0.1268865 0.1209799 0.1737310 0.1238168 0.1310984 0.1032260 0.1270578 0.1270578 0.1270306 0.1249807 0.1220037 0.0200250 0.0000000 0.0109770 0.1424631 0.0864787 0.1959712 0.1375731 0.1046184 0.1047392 0.1262394 0.1250622 0.0871206 0.0989443 0.1014740 0.1008987 0.1165862 0.1103539 0.1510406 0.1662101 0.1083214 0.1059901 0.1045865 0.1034551 0.1434988 0.1161663 0.1003120 0.1330335 0.1214211 0.1220577 0.1220577 0.1490391 0.2680786 0.2849736 0.3304421 0.5137228 0.1928760 
HQ015388.1_Pegea_bicaudata               0.1217700 0.1767489 0.3246350 0.1307261 0.1366270 0.1268397 0.1359322 0.1349904 0.1294121 0.1229843 0.1855182 0.1087039 0.1209532 0.0932633 0.1363127 0.1234347 0.1237168 0.1190190 0.1678442 0.1246563 0.1290549 0.1003500 0.1251409 0.1251409 0.1251140 0.1229447 0.1200499 0.0178373 0.0109770 0.0000000 0.1370297 0.0826716 0.1772470 0.1242336 0.1020352 0.0993347 0.1240175 0.1228329 0.0863238 0.0970315 0.0985607 0.0960353 0.1134988 0.1038165 0.1476074 0.1626167 0.1071738 0.1045484 0.1006879 0.0995756 0.1401239 0.1095602 0.0978423 0.1238691 0.1162322 0.1167808 0.1167808 0.1488576 0.2522149 0.2812510 0.3166044 0.5024203 0.1880378 
HQ015389.1_Soestia_zonaria               0.1260929 0.1741121 0.2836718 0.1083530 0.1236825 0.1141349 0.1211412 0.1418445 0.1053077 0.0992582 0.1719581 0.1065968 0.1203830 0.1048844 0.1353682 0.1228256 0.1252058 0.1161780 0.1592578 0.1363631 0.1386332 0.0973527 0.1174451 0.1174451 0.1174207 0.1188125 0.1156088 0.1165078 0.1424631 0.1370297 0.0000000 0.0688086 0.2369992 0.1678290 0.1206945 0.1267102 0.1282607 0.1218623 0.0997647 0.1054445 0.1156137 0.1292494 0.1213093 0.1429259 0.1379329 0.1522062 0.1285183 0.1213246 0.1299373 0.1286803 0.1421372 0.1432776 0.1150420 0.1314485 0.1252000 0.1249316 0.1249316 0.1408943 0.2364048 0.2675443 0.3003824 0.4814675 0.1823769 
HQ015390.1_Thetys_vagina                 0.0903416 0.1500650 0.2734369 0.1015976 0.0999716 0.0868966 0.0960408 0.1035959 0.0958636 0.0868751 0.1530454 0.0724477 0.0875339 0.0658018 0.1034175 0.0851888 0.0982377 0.0821172 0.1334084 0.0974913 0.1059556 0.0694400 0.0865454 0.0865454 0.0865269 0.0846845 0.0803763 0.0793622 0.0864787 0.0826716 0.0688086 0.0000000 0.1535510 0.1001010 0.0740446 0.0668653 0.0958582 0.0927234 0.0612945 0.0695397 0.0722522 0.0686833 0.0856737 0.0720498 0.1089101 0.1183458 0.0771597 0.0753755 0.0725357 0.0715847 0.1094037 0.0717584 0.0648603 0.0848234 0.0885382 0.0891478 0.0891478 0.1074929 0.2034092 0.2210337 0.2445083 0.4061912 0.1470228 
HQ015391.1_Cyclosalpa_affinis            0.1760820 0.2945225 0.4950001 0.2251260 0.2290186 0.2139289 0.2236860 0.1892325 0.2327501 0.2170353 0.3148111 0.1963287 0.2037423 0.1108275 0.2306481 0.1699963 0.1708438 0.1913858 0.3030638 0.2264358 0.1894642 0.1804333 0.1957607 0.1957607 0.1957539 0.2019324 0.1945871 0.1904936 0.1959712 0.1772470 0.2369992 0.1535510 0.0000000 0.0334794 0.1165845 0.0818677 0.1569992 0.1490738 0.1035128 0.1118128 0.1366970 0.1321817 0.1585300 0.0811399 0.1862607 0.2147638 0.1352230 0.1391242 0.1353383 0.1340169 0.1958555 0.1083622 0.1225769 0.1638569 0.1621873 0.1626517 0.1626517 0.2296219 0.3833368 0.4492745 0.4772921 0.6767875 0.2960404 
HQ015392.1_Cyclosalpa_affinis            0.1283282 0.2131942 0.3701633 0.1627193 0.1641801 0.1476025 0.1565698 0.1258629 0.1639508 0.1502419 0.2274085 0.1313629 0.1385390 0.0639897 0.1586252 0.1125192 0.1093787 0.1297006 0.2163710 0.1555968 0.1392814 0.1195182 0.1323373 0.1323373 0.1323085 0.1365519 0.1308183 0.1303736 0.1375731 0.1242336 0.1678290 0.1001010 0.0334794 0.0000000 0.0667639 0.0405409 0.0997788 0.0917561 0.0573534 0.0626976 0.0826256 0.0801729 0.1003379 0.0387915 0.1234300 0.1458030 0.0859057 0.0845812 0.0828079 0.0817915 0.1291378 0.0614790 0.0726114 0.1080961 0.1070049 0.1075651 0.1075651 0.1618529 0.3083973 0.3376888 0.3644168 0.5287458 0.2228348 
HQ015393.1_Cyclosalpa_floridana          0.1010577 0.1740644 0.3038019 0.1116237 0.1188584 0.1070690 0.1138689 0.0787757 0.1117058 0.1053964 0.1756386 0.0883827 0.0982986 0.0248727 0.1040689 0.0711734 0.0633780 0.0922550 0.1647415 0.1009416 0.1027373 0.0812799 0.0971682 0.0971682 0.0971475 0.0961983 0.0917712 0.0955617 0.1046184 0.1020352 0.1206945 0.0740446 0.1165845 0.0667639 0.0000000 0.0380613 0.0562895 0.0497539 0.0210098 0.0248344 0.0463528 0.0509361 0.0599670 0.0660774 0.0756367 0.0936279 0.0542747 0.0345296 0.0516617 0.0508181 0.0785171 0.0526650 0.0300213 0.0819626 0.0669461 0.0675429 0.0675429 0.1206569 0.2614952 0.2570456 0.2706247 0.4584632 0.1637706 
HQ015394.1_Cyclosalpa_polae              0.1072523 0.1699736 0.3134585 0.1210792 0.1250297 0.1154038 0.1210420 0.0962402 0.1205406 0.1149502 0.1770174 0.0999286 0.1070444 0.0273029 0.1143706 0.0864407 0.0777261 0.1020624 0.1658746 0.1112772 0.1120828 0.0891307 0.1063118 0.1063118 0.1062890 0.1074049 0.1019642 0.0953621 0.1047392 0.0993347 0.1267102 0.0668653 0.0818677 0.0405409 0.0380613 0.0000000 0.0619916 0.0567673 0.0226511 0.0292692 0.0554100 0.0527524 0.0716099 0.0443922 0.0881723 0.1072661 0.0586582 0.0555392 0.0527583 0.0519047 0.0895562 0.0271903 0.0417491 0.0775274 0.0802494 0.0808384 0.0808384 0.1298235 0.2632840 0.2753782 0.2994048 0.4798626 0.1713576 
HQ015395.1_Cyclosalpa_sewelli            0.1297972 0.2022289 0.3437375 0.1282830 0.1386409 0.1348796 0.1372725 0.1114851 0.1293708 0.1271432 0.2012491 0.1080200 0.1211768 0.0480516 0.1198951 0.0519047 0.0577784 0.1180847 0.1881378 0.1246845 0.1242856 0.1048846 0.1229393 0.1229393 0.1229127 0.1242677 0.1186670 0.1139464 0.1262394 0.1240175 0.1282607 0.0958582 0.1569992 0.0997788 0.0562895 0.0619916 0.0000000 0.0198458 0.0415230 0.0459931 0.0702907 0.0831663 0.0704515 0.0958794 0.0673061 0.0436017 0.0872187 0.0703116 0.0804941 0.0794949 0.0481971 0.0867412 0.0594073 0.1099559 0.0939284 0.0954970 0.0954970 0.1549795 0.2810850 0.3024368 0.3266233 0.5131082 0.1963142 
HQ015396.1_Cyclosalpa_polae              0.1234426 0.2010974 0.3355729 0.1232318 0.1330120 0.1280119 0.1315934 0.1050028 0.1258436 0.1226280 0.1924936 0.1086855 0.1158642 0.0431671 0.1112308 0.0320404 0.0474206 0.1129968 0.1887163 0.1221253 0.1189491 0.0997271 0.1176813 0.1176813 0.1176557 0.1189404 0.1133586 0.1092937 0.1250622 0.1228329 0.1218623 0.0927234 0.1490738 0.0917561 0.0497539 0.0567673 0.0198458 0.0000000 0.0375321 0.0380115 0.0614332 0.0757993 0.0579673 0.0889886 0.0485395 0.0573973 0.0797207 0.0666072 0.0732111 0.0722481 0.0345561 0.0792861 0.0528213 0.1016836 0.0880378 0.0895902 0.0895902 0.1500581 0.2787214 0.2969327 0.3171053 0.4998896 0.1881392 
HQ015397.1_Cyclosalpa_quadriluminis      0.0932034 0.1517678 0.2743701 0.0986645 0.1010213 0.0942608 0.0971659 0.0737909 0.0961727 0.0923241 0.1507117 0.0809472 0.0890641 0.0106128 0.0883475 0.0652623 0.0533011 0.0834096 0.1451141 0.0866632 0.0857259 0.0732518 0.0870661 0.0870661 0.0870469 0.0871060 0.0790656 0.0759795 0.0871206 0.0863238 0.0997647 0.0612945 0.1035128 0.0573534 0.0210098 0.0226511 0.0415230 0.0375321 0.0000000 0.0119951 0.0390461 0.0461619 0.0524679 0.0615419 0.0638824 0.0815351 0.0453043 0.0336154 0.0397030 0.0388897 0.0656361 0.0456582 0.0224731 0.0696456 0.0607388 0.0614463 0.0614463 0.1126736 0.2383022 0.2444133 0.2559546 0.4535111 0.1550076 
HQ015398.1_Cyclosalpa_sewelli            0.0967585 0.1667707 0.2929882 0.1047679 0.1060373 0.0974571 0.1020275 0.0793137 0.1026628 0.0984456 0.1651899 0.0843818 0.0869272 0.0145248 0.0931927 0.0671951 0.0605677 0.0879772 0.1548225 0.0953485 0.0993656 0.0752326 0.0917436 0.0917436 0.0917240 0.0926504 0.0870541 0.0853122 0.0989443 0.0970315 0.1054445 0.0695397 0.1118128 0.0626976 0.0248344 0.0292692 0.0459931 0.0380115 0.0119951 0.0000000 0.0368544 0.0448305 0.0545885 0.0626832 0.0704500 0.0884266 0.0495275 0.0412071 0.0439555 0.0431436 0.0695457 0.0506698 0.0276289 0.0793339 0.0656531 0.0663448 0.0663448 0.1114970 0.2416185 0.2561220 0.2741769 0.4603848 0.1540611 
HQ015399.1_Iasis_cylindrica              0.0939592 0.1637936 0.2884797 0.1054395 0.1133204 0.0982890 0.1102212 0.0739121 0.1068716 0.0978622 0.1630909 0.0817013 0.0824354 0.0461719 0.0923134 0.0369833 0.0634265 0.0815668 0.1527359 0.0869765 0.0951286 0.0767036 0.0842771 0.0842771 0.0842590 0.0859665 0.0816195 0.0818879 0.1014740 0.0985607 0.1156137 0.0722522 0.1366970 0.0826256 0.0463528 0.0554100 0.0702907 0.0614332 0.0390461 0.0368544 0.0000000 0.0218805 0.0232217 0.0435669 0.0719846 0.0889473 0.0564480 0.0465838 0.0517367 0.0508910 0.0760851 0.0571663 0.0364305 0.0809901 0.0612169 0.0618210 0.0618210 0.1115721 0.2423377 0.2474525 0.2790927 0.4740486 0.1564953 
HQ015400.1_Iasis_cylindrica              0.1054044 0.1711900 0.3056649 0.1134584 0.1211085 0.1053369 0.1179835 0.0791656 0.1159599 0.1066247 0.1720176 0.0946970 0.0991653 0.0499813 0.1073238 0.0473001 0.0750640 0.0951588 0.1631098 0.0985023 0.1098440 0.0852349 0.0982703 0.0982703 0.0982491 0.1001812 0.0957840 0.0904620 0.1008987 0.0960353 0.1292494 0.0686833 0.1321817 0.0801729 0.0509361 0.0527524 0.0831663 0.0757993 0.0461619 0.0448305 0.0218805 0.0000000 0.0358944 0.0338833 0.0857322 0.1015141 0.0387076 0.0470300 0.0343631 0.0336041 0.0853331 0.0501599 0.0369543 0.0751915 0.0652427 0.0658409 0.0658409 0.1187407 0.2506489 0.2499792 0.2831581 0.4761286 0.1614234 
HQ015401.1_Iasis_cylindrica              0.1123990 0.1860038 0.3131386 0.1033836 0.1319718 0.1170278 0.1288009 0.0919817 0.1243546 0.1171360 0.1842357 0.1029842 0.1032496 0.0573501 0.1022289 0.0272110 0.0458563 0.1009063 0.1745095 0.1088937 0.1144131 0.0957484 0.1042208 0.1042208 0.1041982 0.1062379 0.1017908 0.0941889 0.1165862 0.1134988 0.1213093 0.0856737 0.1585300 0.1003379 0.0599670 0.0716099 0.0704515 0.0579673 0.0524679 0.0545885 0.0232217 0.0358944 0.0000000 0.0564932 0.0592643 0.0847382 0.0720528 0.0600463 0.0670338 0.0661116 0.0685758 0.0734065 0.0501067 0.0930287 0.0767650 0.0773592 0.0773592 0.1316057 0.2613851 0.2770706 0.2969664 0.5220642 0.1786583 
HQ015402.1_Iasis_cylindrica              0.1060980 0.1733363 0.2956409 0.1339071 0.1323298 0.1169484 0.1292314 0.0921371 0.1297269 0.1216531 0.1820028 0.1127452 0.1091429 0.0650177 0.1141572 0.0711819 0.0844063 0.1037635 0.1818656 0.1124260 0.1108757 0.0983309 0.1071796 0.1071796 0.1071556 0.1093278 0.1052473 0.1019406 0.1103539 0.1038165 0.1429259 0.0720498 0.0811399 0.0387915 0.0660774 0.0443922 0.0958794 0.0889886 0.0615419 0.0626832 0.0435669 0.0338833 0.0564932 0.0000000 0.0970240 0.1124706 0.0666864 0.0575385 0.0616905 0.0607633 0.0958887 0.0430422 0.0483705 0.0753904 0.0774029 0.0781262 0.0781262 0.1379607 0.2627856 0.2761532 0.2896855 0.4930794 0.1748408 
HQ015403.1_Brooksia_rostrata             0.1370219 0.2081639 0.3444568 0.1314038 0.1584976 0.1440773 0.1560853 0.1075381 0.1440546 0.1366129 0.1968645 0.1182039 0.1286696 0.0703513 0.1141232 0.0439357 0.0377406 0.1238938 0.1988067 0.1281391 0.1202734 0.1155993 0.1268640 0.1268640 0.1268364 0.1292349 0.1235883 0.1325625 0.1510406 0.1476074 0.1379329 0.1089101 0.1862607 0.1234300 0.0756367 0.0881723 0.0673061 0.0485395 0.0638824 0.0704500 0.0719846 0.0857322 0.0592643 0.0970240 0.0000000 0.0352376 0.0797151 0.0673968 0.0774604 0.0764791 0.0515272 0.0828139 0.0542635 0.1088712 0.0932306 0.0947873 0.0947873 0.1579179 0.2928756 0.3033623 0.3447127 0.5383891 0.2047720 
HQ015404.1_Brooksia_rostrata             0.1499816 0.2247961 0.3663674 0.1510686 0.1678466 0.1583240 0.1654811 0.1216025 0.1529938 0.1443691 0.2226864 0.1258729 0.1403461 0.0873074 0.1258814 0.0554080 0.0625877 0.1350816 0.2151581 0.1404231 0.1300919 0.1274119 0.1383855 0.1383855 0.1393758 0.1419807 0.1362789 0.1498106 0.1662101 0.1626167 0.1522062 0.1183458 0.2147638 0.1458030 0.0936279 0.1072661 0.0436017 0.0573973 0.0815351 0.0884266 0.0889473 0.1015141 0.0847382 0.1124706 0.0352376 0.0000000 0.0947125 0.0806075 0.0922202 0.0911569 0.0546540 0.0979332 0.0673776 0.1235323 0.1060499 0.1076505 0.1076505 0.1742792 0.2996746 0.3214194 0.3655282 0.5592562 0.2195349 
HQ015405.1_Salpa_aspera                  0.1113947 0.1763324 0.3189748 0.1224243 0.1279149 0.1110446 0.1228503 0.0866476 0.1193080 0.1120488 0.1774660 0.0954892 0.1068979 0.0532346 0.1075509 0.0802285 0.0581236 0.1017258 0.1673863 0.1036943 0.1086495 0.0950572 0.1050590 0.1050590 0.1050686 0.1061813 0.1014981 0.0976928 0.1083214 0.1071738 0.1285183 0.0771597 0.1352230 0.0859057 0.0542747 0.0586582 0.0872187 0.0797207 0.0453043 0.0495275 0.0564480 0.0387076 0.0720528 0.0666864 0.0797151 0.0947125 0.0000000 0.0312963 0.0095200 0.0088642 0.0701627 0.0514252 0.0372082 0.0818039 0.0732744 0.0739683 0.0739683 0.1246074 0.2562558 0.2583947 0.3049883 0.4885931 0.1697346 
HQ015406.1_Salpa_thompsoni               0.1020816 0.1672085 0.2941259 0.1101021 0.1227638 0.1054137 0.1177219 0.0749556 0.1116723 0.1071982 0.1674812 0.0853065 0.0980840 0.0412591 0.0935184 0.0677371 0.0324418 0.0919485 0.1585228 0.0885297 0.0934697 0.0854816 0.0940836 0.0940836 0.0940632 0.0968600 0.0884114 0.0972037 0.1059901 0.1045484 0.1213246 0.0753755 0.1391242 0.0845812 0.0345296 0.0555392 0.0703116 0.0666072 0.0336154 0.0412071 0.0465838 0.0470300 0.0600463 0.0575385 0.0673968 0.0806075 0.0312963 0.0000000 0.0276068 0.0268651 0.0546791 0.0467343 0.0231509 0.0747205 0.0624355 0.0630417 0.0630417 0.1222441 0.2443367 0.2490913 0.2731623 0.4658867 0.1694186 
HQ015407.1_Salpa_maxima                  0.1131317 0.1664754 0.3138651 0.1199521 0.1267640 0.1131395 0.1228175 0.0848071 0.1192875 0.1119253 0.1688643 0.0963807 0.1076103 0.0474596 0.1000795 0.0746889 0.0538863 0.1024282 0.1609666 0.1015094 0.1010782 0.0926829 0.1057731 0.1057731 0.1057503 0.1078037 0.1012990 0.0950913 0.1045865 0.1006879 0.1299373 0.0725357 0.1353383 0.0828079 0.0516617 0.0527583 0.0804941 0.0732111 0.0397030 0.0439555 0.0517367 0.0343631 0.0670338 0.0616905 0.0774604 0.0922202 0.0095200 0.0276068 0.0000000 0.0006208 0.0598962 0.0458370 0.0319883 0.0763110 0.0707101 0.0713051 0.0713051 0.1267876 0.2562264 0.2513446 0.2922778 0.4822815 0.1744990 
HQ015408.1_Salpa_maxima                  0.1119328 0.1649896 0.3113672 0.1187324 0.1255151 0.1119503 0.1215764 0.0837710 0.1180597 0.1107353 0.1673739 0.0951946 0.1064428 0.0466264 0.0989751 0.0736375 0.0530223 0.1013063 0.1594911 0.1003933 0.0999590 0.0916130 0.1046137 0.1046137 0.1045912 0.1066244 0.1001373 0.0940139 0.1034551 0.0995756 0.1286803 0.0715847 0.1340169 0.0817915 0.0508181 0.0519047 0.0794949 0.0722481 0.0388897 0.0431436 0.0508910 0.0336041 0.0661116 0.0607633 0.0764791 0.0911569 0.0088642 0.0268651 0.0006208 0.0000000 0.0589890 0.0450111 0.0312275 0.0753382 0.0697693 0.0703648 0.0703648 0.1255189 0.2541619 0.2493041 0.2899320 0.4783577 0.1729520 
HQ015409.1_Salpa_fusiformis              0.1399278 0.2118540 0.3594730 0.1356761 0.1509185 0.1448772 0.1496513 0.1156000 0.1386374 0.1332739 0.1985009 0.1209625 0.1285763 0.0730735 0.1132673 0.0404834 0.0350818 0.1264882 0.2020861 0.1325495 0.1256861 0.1183062 0.1307029 0.1307029 0.1306742 0.1331863 0.1262871 0.1283992 0.1434988 0.1401239 0.1421372 0.1094037 0.1958555 0.1291378 0.0785171 0.0895562 0.0481971 0.0345561 0.0656361 0.0695457 0.0760851 0.0853331 0.0685758 0.0958887 0.0515272 0.0546540 0.0701627 0.0546791 0.0598962 0.0589890 0.0000000 0.0868261 0.0585180 0.1050684 0.0984842 0.1000729 0.1000729 0.1655150 0.2890354 0.3106203 0.3374832 0.5299517 0.2115486 
HQ015410.1_Ritteriella_retracta          0.1081223 0.1746493 0.3103491 0.1292286 0.1368546 0.1196700 0.1316912 0.0927831 0.1286004 0.1218293 0.1883705 0.1007840 0.1091993 0.0517506 0.1231205 0.0857391 0.0735690 0.1028332 0.1773714 0.1191879 0.1254391 0.0948943 0.1071534 0.1071534 0.1071302 0.1082510 0.1027659 0.1091780 0.1161663 0.1095602 0.1432776 0.0717584 0.1083622 0.0614790 0.0526650 0.0271903 0.0867412 0.0792861 0.0456582 0.0506698 0.0571663 0.0501599 0.0734065 0.0430422 0.0828139 0.0979332 0.0514252 0.0467343 0.0458370 0.0450111 0.0868261 0.0000000 0.0241754 0.0793709 0.0788834 0.0794708 0.0794708 0.1324736 0.2764905 0.2685711 0.3010390 0.4773324 0.1796597 
HQ015411.1_Ritteriella_retracta          0.0889054 0.1618529 0.2768331 0.1023979 0.1103680 0.0953732 0.1054434 0.0670773 0.1023751 0.0962743 0.1631950 0.0746670 0.0851936 0.0290954 0.0943295 0.0573695 0.0470979 0.0795988 0.1534771 0.0903962 0.0959987 0.0721053 0.0840760 0.0840760 0.0840580 0.0839034 0.0786358 0.0909017 0.1003120 0.0978423 0.1150420 0.0648603 0.1225769 0.0726114 0.0300213 0.0417491 0.0594073 0.0528213 0.0224731 0.0276289 0.0364305 0.0369543 0.0501067 0.0483705 0.0542635 0.0673776 0.0372082 0.0231509 0.0319883 0.0312275 0.0585180 0.0241754 0.0000000 0.0684400 0.0560131 0.0566192 0.0566192 0.1107738 0.2440175 0.2371443 0.2662650 0.4389046 0.1535918 
HQ015412.1_Thalia_orientalis             0.1409739 0.1946471 0.3028348 0.1441728 0.1537692 0.1409760 0.1511875 0.0572305 0.1399381 0.1301482 0.1944620 0.1290600 0.1355943 0.0791191 0.1116828 0.0941986 0.0954288 0.1295256 0.1793063 0.1106795 0.1118893 0.1143178 0.1318207 0.1318207 0.1317923 0.1349551 0.1305982 0.1212481 0.1330335 0.1238691 0.1314485 0.0848234 0.1638569 0.1080961 0.0819626 0.0775274 0.1099559 0.1016836 0.0696456 0.0793339 0.0809901 0.0751915 0.0930287 0.0753904 0.1088712 0.1235323 0.0818039 0.0747205 0.0763110 0.0753382 0.1050684 0.0793709 0.0684400 0.0000000 0.0444192 0.0435642 0.0435642 0.1622690 0.2841992 0.2627112 0.3143441 0.4937600 0.1987257 
HQ015413.1_Thalia_democratica            0.1199914 0.1842333 0.2855322 0.1288186 0.1338842 0.1258945 0.1311341 0.0175542 0.1304629 0.1227357 0.1793588 0.1117258 0.1126373 0.0679682 0.1035537 0.0777365 0.0863186 0.1080854 0.1716310 0.1060841 0.1037209 0.1008137 0.1091346 0.1091346 0.1091112 0.1124955 0.1080401 0.1125169 0.1214211 0.1162322 0.1252000 0.0885382 0.1621873 0.1070049 0.0669461 0.0802494 0.0939284 0.0880378 0.0607388 0.0656531 0.0612169 0.0652427 0.0767650 0.0774029 0.0932306 0.1060499 0.0732744 0.0624355 0.0707101 0.0697693 0.0984842 0.0788834 0.0560131 0.0444192 0.0000000 0.0012452 0.0012452 0.1416471 0.2695413 0.2526658 0.3299560 0.4596589 0.1878137 
HQ015414.1_Thalia_democratica            0.1216379 0.1811199 0.2824368 0.1304716 0.1355431 0.1275464 0.1316545 0.0196327 0.1321357 0.1243942 0.1763085 0.1136667 0.1142698 0.0685721 0.1051565 0.0794957 0.0869034 0.1096780 0.1689045 0.1057644 0.1053258 0.1023982 0.1107541 0.1107541 0.1107305 0.1141382 0.1098707 0.1130696 0.1220577 0.1167808 0.1249316 0.0891478 0.1626517 0.1075651 0.0675429 0.0808384 0.0954970 0.0895902 0.0614463 0.0663448 0.0618210 0.0658409 0.0773592 0.0781262 0.0947873 0.1076505 0.0739683 0.0630417 0.0713051 0.0703648 0.1000729 0.0794708 0.0566192 0.0435642 0.0012452 0.0000000 0.0000010 0.1433179 0.2714768 0.2519701 0.3299655 0.4621468 0.1895810 
HQ015415.1_Thalia_democratica            0.1216379 0.1811199 0.2824368 0.1304716 0.1355431 0.1275464 0.1316545 0.0196327 0.1321357 0.1243942 0.1763085 0.1136667 0.1142698 0.0685721 0.1051565 0.0794957 0.0869034 0.1096780 0.1689045 0.1057644 0.1053258 0.1023982 0.1107541 0.1107541 0.1107305 0.1141382 0.1098707 0.1130696 0.1220577 0.1167808 0.1249316 0.0891478 0.1626517 0.1075651 0.0675429 0.0808384 0.0954970 0.0895902 0.0614463 0.0663448 0.0618210 0.0658409 0.0773592 0.0781262 0.0947873 0.1076505 0.0739683 0.0630417 0.0713051 0.0703648 0.1000729 0.0794708 0.0566192 0.0435642 0.0012452 0.0000010 0.0000000 0.1433179 0.2714768 0.2519701 0.3299655 0.4621468 0.1895810 
L12378.2_Ascidia_ceratodes               0.0838985 0.1592784 0.2789416 0.0744653 0.0661542 0.0531764 0.0624695 0.1591597 0.0679074 0.0598501 0.1558122 0.0739078 0.0776486 0.1111959 0.1476952 0.1511477 0.1500688 0.0759452 0.1373572 0.1501656 0.1461282 0.0697741 0.0777990 0.0777990 0.0760817 0.0754563 0.0748988 0.1352623 0.1490391 0.1488576 0.1408943 0.1074929 0.2296219 0.1618529 0.1206569 0.1298235 0.1549795 0.1500581 0.1126736 0.1114970 0.1115721 0.1187407 0.1316057 0.1379607 0.1579179 0.1742792 0.1246074 0.1222441 0.1267876 0.1255189 0.1655150 0.1324736 0.1107738 0.1622690 0.1416471 0.1433179 0.1433179 0.0000000 0.2051594 0.2312398 0.2457706 0.4181984 0.1314447 
L12426.2_Molgula_manhattensis            0.2160604 0.2642631 0.3582628 0.1962295 0.1868676 0.1926036 0.1962142 0.2787008 0.1864777 0.1799541 0.2563988 0.2070158 0.2096658 0.2424741 0.2685502 0.2728447 0.2740386 0.2066265 0.2384326 0.2656948 0.2623406 0.1967842 0.2106289 0.2106289 0.2105867 0.2098243 0.2070510 0.2410948 0.2680786 0.2522149 0.2364048 0.2034092 0.3833368 0.3083973 0.2614952 0.2632840 0.2810850 0.2787214 0.2383022 0.2416185 0.2423377 0.2506489 0.2613851 0.2627856 0.2928756 0.2996746 0.2562558 0.2443367 0.2562264 0.2541619 0.2890354 0.2764905 0.2440175 0.2841992 0.2695413 0.2714768 0.2714768 0.2051594 0.0000000 0.2983043 0.3043053 0.5742708 0.1639274 
