67
HQ015385.1_Pyrosoma_atlanticum           0.0000000 0.1412173 0.1396417 0.1386116 0.1204067 0.0245754 0.0336988 0.0344075 0.1390442 0.1194602 0.1272222 0.0330558 0.0835892 0.1671927 0.1213987 0.1263470 0.3258374 0.1087811 0.0952332 0.1509406 0.1102507 0.1372887 0.1200665 0.1425452 0.0344075 0.1533264 0.1372141 0.1150902 0.1396417 0.0832588 0.1366494 0.2479773 0.1272998 0.0994169 0.1392501 0.1491001 0.1579969 0.0313604 0.1605243 0.1462477 0.1377760 0.2247151 0.1150902 0.1626551 0.1400295 0.1683710 0.1033482 0.1440344 0.0512670 0.1133086 0.0341157 0.1559349 0.1329937 0.1373555 0.1173495 0.1130537 0.2497242 0.2546854 0.1310175 0.1541053 0.1055647 0.1195971 0.1504244 0.0748381 0.1637153 0.1580842 0.2158944 
HQ015394.1_Cyclosalpa_polae              0.1412173 0.0000000 0.1051039 0.0908090 0.0659340 0.1176125 0.1162090 0.1288498 0.0618859 0.0600796 0.0878537 0.1285152 0.1354993 0.1162765 0.0653386 0.0755718 0.3425012 0.1532236 0.1353540 0.1210038 0.0784457 0.0502769 0.1600756 0.1666793 0.1278036 0.1276251 0.1025368 0.0654458 0.1024278 0.1406892 0.0390485 0.2774288 0.0943127 0.1378054 0.0809744 0.1187543 0.1325683 0.1519528 0.1175043 0.1393869 0.0612403 0.0829734 0.0638334 0.1251911 0.1170305 0.0427383 0.1513737 0.1651032 0.1498761 0.0875898 0.1288880 0.1328807 0.0812132 0.0530983 0.0744815 0.0448502 0.2610459 0.2533530 0.0835332 0.0764834 0.0630915 0.0458445 0.0908452 0.1400760 0.1612177 0.1645553 0.2473623 
HQ015415.1_Thalia_democratica            0.1396417 0.1051039 0.0000000 0.0951351 0.0773534 0.1138058 0.1229060 0.1251509 0.1021116 0.0732405 0.0894966 0.1248316 0.1443683 0.1135349 0.0757521 0.0832593 0.3401098 0.1568478 0.1399165 0.1263372 0.0681100 0.0973384 0.1676909 0.1780487 0.1275865 0.1292164 0.0017603 0.0645640 0.0005813 0.1493252 0.0935817 0.2551145 0.0103576 0.1391905 0.0908807 0.0289969 0.1254377 0.1520107 0.1162347 0.1395088 0.1038439 0.1752276 0.0610020 0.1283259 0.1222770 0.1292965 0.1468609 0.1682638 0.1428072 0.1045579 0.1283008 0.1204824 0.0830244 0.0940773 0.0772876 0.0800976 0.2722236 0.2337522 0.0903385 0.1001605 0.0765771 0.0844924 0.0599425 0.1436161 0.1728397 0.1716962 0.2454074 
HQ015403.1_Brooksia_rostrata             0.1386116 0.0908090 0.0951351 0.0000000 0.0639116 0.1152917 0.1124384 0.1275755 0.0792558 0.0638115 0.0822038 0.1272417 0.1431705 0.1023599 0.0656203 0.0610422 0.3250648 0.1501941 0.1234363 0.1286769 0.0503969 0.0954213 0.1494195 0.1696055 0.1258606 0.1318592 0.0910611 0.0397338 0.0918182 0.1448626 0.0750535 0.2664167 0.0816361 0.1451821 0.0730512 0.1039772 0.1135586 0.1529642 0.0941297 0.1345950 0.0819205 0.1740827 0.0399616 0.1222310 0.1217136 0.1205709 0.1566394 0.1777792 0.1464284 0.1032916 0.1226040 0.1214305 0.0380200 0.0768323 0.0732302 0.0637415 0.2643020 0.2566321 0.0633802 0.0961667 0.0546267 0.0601045 0.1015350 0.1336286 0.1688897 0.1655565 0.2381887 
HQ015407.1_Salpa_maxima                  0.1204067 0.0659340 0.0773534 0.0639116 0.0000000 0.1006234 0.0956489 0.1121550 0.0653816 0.0005876 0.0675117 0.1118687 0.1185751 0.0620154 0.0095543 0.0230533 0.3105288 0.1342133 0.1139344 0.0995922 0.0515542 0.0690135 0.1414700 0.1470358 0.1104832 0.1050052 0.0737052 0.0295746 0.0738171 0.1283359 0.0466492 0.2406188 0.0661133 0.1213982 0.0502879 0.0861517 0.1006654 0.1332930 0.0950946 0.1333861 0.0637683 0.1391534 0.0281946 0.1065591 0.1007908 0.0911645 0.1315862 0.1497562 0.1340820 0.0789379 0.1112827 0.1063943 0.0493721 0.0599685 0.0459120 0.0453802 0.2415387 0.2346957 0.0340748 0.0755310 0.0096843 0.0485079 0.0771030 0.1202675 0.1472292 0.1469941 0.2288010 
HQ015380.1_Pyrosomella_verticillata      0.0245754 0.1176125 0.1138058 0.1152917 0.1006234 0.0000000 0.0116379 0.0101467 0.1161246 0.0998368 0.1036211 0.0113364 0.0700429 0.1443074 0.0994942 0.1059087 0.2958091 0.0883353 0.0770414 0.1288067 0.0885315 0.1121588 0.0979579 0.1183263 0.0101226 0.1308172 0.1121383 0.0937837 0.1138058 0.0651677 0.1143097 0.2164460 0.1049468 0.0799884 0.1165406 0.1261759 0.1371982 0.0300556 0.1330349 0.1228150 0.1199814 0.1887949 0.0937837 0.1412382 0.1181999 0.1397971 0.0842983 0.1265552 0.0278210 0.0963103 0.0108536 0.1347098 0.1106887 0.1148953 0.0947209 0.0988221 0.2227916 0.2209034 0.1125309 0.1299656 0.0886088 0.0982757 0.1263687 0.0705713 0.1377482 0.1329209 0.1899769 
FM244862.1_Pyrosoma_godeauxi             0.0336988 0.1162090 0.1229060 0.1124384 0.0956489 0.0116379 0.0000000 0.0206546 0.1058825 0.0947305 0.1106771 0.0199681 0.0667602 0.1436133 0.0940367 0.1015286 0.2961735 0.0797840 0.0727621 0.1223097 0.0990047 0.1270648 0.0991028 0.1160257 0.0206546 0.1254623 0.1204341 0.0928484 0.1229060 0.0616289 0.1144366 0.2177826 0.1081140 0.0782867 0.1159737 0.1289303 0.1247297 0.0402194 0.1459068 0.1174969 0.1125039 0.1958705 0.0928484 0.1289742 0.1117212 0.1434048 0.0845366 0.1261457 0.0403014 0.0900894 0.0222867 0.1222844 0.1025834 0.1124383 0.1007688 0.0959857 0.2291290 0.2145586 0.1087691 0.1290416 0.0773449 0.0948850 0.1322030 0.0638265 0.1315297 0.1243994 0.1879963 
HQ015381.1_Pyrosoma_atlanticum           0.0344075 0.1288498 0.1251509 0.1275755 0.1121550 0.0101467 0.0206546 0.0000000 0.1287107 0.1112702 0.1147604 0.0011570 0.0820037 0.1548578 0.1106487 0.1187957 0.3093517 0.0803097 0.0901722 0.1434765 0.0965610 0.1202585 0.1011506 0.1276193 0.0000010 0.1446093 0.1230802 0.1058859 0.1259424 0.0792766 0.1270570 0.2325151 0.1168630 0.0912864 0.1279702 0.1339062 0.1513568 0.0421778 0.1458111 0.1371612 0.1328882 0.2019999 0.1058859 0.1542966 0.1329850 0.1515198 0.0933074 0.1370472 0.0393997 0.1101687 0.0217981 0.1486320 0.1229669 0.1244984 0.1053006 0.1079518 0.2334540 0.2361191 0.1236919 0.1409078 0.1003595 0.1099307 0.1395470 0.0841593 0.1505484 0.1465238 0.2052746 
HQ015395.1_Cyclosalpa_sewelli            0.1390442 0.0618859 0.1021116 0.0792558 0.0653816 0.1161246 0.1058825 0.1287107 0.0000000 0.0646567 0.0851026 0.1283712 0.1374391 0.1059540 0.0701641 0.0510020 0.3387614 0.1427619 0.1310820 0.1195881 0.0601077 0.1007577 0.1615642 0.1722069 0.1283339 0.1242449 0.1011797 0.0620070 0.1021116 0.1400118 0.0820666 0.2637480 0.0918794 0.1399768 0.0814552 0.1149943 0.1231017 0.1498257 0.1121874 0.1358926 0.0562421 0.1458406 0.0620070 0.1294334 0.1174955 0.0964674 0.1488031 0.1775831 0.1439766 0.1009960 0.1257152 0.1294439 0.0626705 0.0535865 0.0757192 0.0406764 0.2736670 0.2665731 0.0731565 0.0748545 0.0565129 0.0261538 0.1058707 0.1311928 0.1805127 0.1833886 0.2512478 
HQ015408.1_Salpa_maxima                  0.1194602 0.0600796 0.0732405 0.0638115 0.0005876 0.0998368 0.0947305 0.1112702 0.0646567 0.0000000 0.0669356 0.1109865 0.1187497 0.0546256 0.0089456 0.0224557 0.3093794 0.1331124 0.1126118 0.0997420 0.0507692 0.0682348 0.1343445 0.1479422 0.1110254 0.1039786 0.0729276 0.0276510 0.0732405 0.1291120 0.0462462 0.2316801 0.0656285 0.1209439 0.0497577 0.0853193 0.1009261 0.1323532 0.0936281 0.1267263 0.0623923 0.1367000 0.0276510 0.1066226 0.1003800 0.0903481 0.1318398 0.1487294 0.1260247 0.0783689 0.1103068 0.1059878 0.0485361 0.0592315 0.0452890 0.0446472 0.2425301 0.2333231 0.0314754 0.0734180 0.0096843 0.0479175 0.0767468 0.1203085 0.1468233 0.1482644 0.2276124 
HQ015399.1_Iasis_cylindrica              0.1272222 0.0878537 0.0894966 0.0822038 0.0675117 0.1036211 0.1106771 0.1147604 0.0851026 0.0669356 0.0000000 0.1145565 0.1335603 0.1077603 0.0714167 0.0755580 0.3464195 0.1430488 0.1203337 0.1168840 0.0418859 0.0705195 0.1464059 0.1654511 0.1142694 0.1207457 0.0901645 0.0535592 0.0894966 0.1390856 0.0793062 0.2621274 0.0805302 0.1376512 0.0789623 0.1036255 0.1162859 0.1383939 0.0296262 0.1300922 0.0837509 0.1658773 0.0535592 0.1326641 0.1001768 0.1150287 0.1482512 0.1703052 0.1324751 0.1017020 0.0955696 0.1191651 0.0752543 0.0429478 0.0342952 0.0661241 0.2566589 0.2456074 0.0828041 0.0937057 0.0631147 0.0692767 0.1060729 0.1305730 0.1753132 0.1680606 0.2303567 
HQ015383.1_Pyrosomella_verticillata      0.0330558 0.1285152 0.1248316 0.1272417 0.1118687 0.0113364 0.0199681 0.0011570 0.1283712 0.1109865 0.1145565 0.0000000 0.0803303 0.1544436 0.1106335 0.1184864 0.3074654 0.0786491 0.0884685 0.1431004 0.0965244 0.1202146 0.0994272 0.1289671 0.0011550 0.1442274 0.1230370 0.1056220 0.1256209 0.0790806 0.1267278 0.2318439 0.1165619 0.0895956 0.1276399 0.1337475 0.1509491 0.0407314 0.1454208 0.1368048 0.1325325 0.2025436 0.1056220 0.1538793 0.1326365 0.1511135 0.0916094 0.1369962 0.0379932 0.1098889 0.0230333 0.1482264 0.1226456 0.1244539 0.1050343 0.1079123 0.2329890 0.2354323 0.1225714 0.1405393 0.1003130 0.1096484 0.1391800 0.0824616 0.1501494 0.1461360 0.2046935 
AB104873.1_Perophora_sagamiensis         0.0835892 0.1354993 0.1443683 0.1431705 0.1185751 0.0700429 0.0667602 0.0820037 0.1374391 0.1187497 0.1335603 0.0803303 0.0000000 0.1696615 0.1192858 0.1295724 0.3136575 0.0742568 0.0714513 0.1364975 0.1200243 0.1387363 0.0774822 0.1151042 0.0811296 0.1423974 0.1420533 0.1160927 0.1433599 0.0801345 0.1354001 0.2184462 0.1308235 0.0626214 0.1416070 0.1521428 0.1417872 0.0903317 0.1663156 0.1276665 0.1346186 0.2177820 0.1166214 0.1498567 0.1343505 0.1652224 0.0712024 0.1361874 0.0911457 0.1032542 0.0746636 0.1438865 0.1323044 0.1319145 0.1167127 0.1201358 0.2187242 0.2203202 0.1324269 0.1522596 0.1035660 0.1182353 0.1460521 0.0589092 0.1503028 0.1429768 0.1796397 
HQ015406.1_Salpa_thompsoni               0.1671927 0.1162765 0.1135349 0.1023599 0.0620154 0.1443074 0.1436133 0.1548578 0.1059540 0.0546256 0.1077603 0.1544436 0.1696615 0.0000000 0.0584050 0.0638155 0.3775270 0.1853762 0.1605692 0.1328563 0.0902970 0.1193534 0.2025995 0.2000181 0.1534033 0.1451102 0.1102946 0.0638248 0.1117253 0.1782380 0.0932373 0.3101734 0.1047814 0.1771231 0.0428747 0.1293957 0.1479032 0.1839775 0.1384165 0.1776036 0.1075883 0.2017013 0.0629607 0.1547030 0.1498736 0.1440273 0.1874695 0.2104378 0.1829531 0.1298463 0.1563028 0.1522151 0.0858344 0.1011681 0.0982030 0.0861363 0.2609619 0.2945620 0.0597443 0.0599896 0.0426035 0.0882173 0.1255347 0.1721918 0.2013017 0.2084753 0.2880533 
HQ015405.1_Salpa_aspera                  0.1213987 0.0653386 0.0757521 0.0656203 0.0095543 0.0994942 0.0940367 0.1106487 0.0701641 0.0089456 0.0714167 0.1106335 0.1192858 0.0584050 0.0000000 0.0303662 0.3154653 0.1334947 0.1148226 0.1027811 0.0552590 0.0726172 0.1347342 0.1458888 0.1106487 0.1094983 0.0751446 0.0322629 0.0757521 0.1306476 0.0511893 0.2358587 0.0680780 0.1230857 0.0548378 0.0887093 0.1078494 0.1332023 0.0985861 0.1267007 0.0686311 0.1358453 0.0322629 0.1136736 0.1034874 0.0931251 0.1349453 0.1525123 0.1256608 0.0832601 0.1108014 0.1082274 0.0509238 0.0642665 0.0494579 0.0496747 0.2503190 0.2400852 0.0362871 0.0760351 0.0146153 0.0530668 0.0815019 0.1200961 0.1539397 0.1545479 0.2355833 
HQ015409.1_Salpa_fusiformis              0.1263470 0.0755718 0.0832593 0.0610422 0.0230533 0.1059087 0.1015286 0.1187957 0.0510020 0.0224557 0.0755580 0.1184864 0.1295724 0.0638155 0.0303662 0.0000000 0.3273706 0.1379320 0.1203789 0.1145045 0.0430474 0.0832970 0.1458847 0.1618669 0.1181849 0.1200362 0.0824474 0.0363753 0.0832593 0.1358333 0.0629301 0.2478389 0.0740085 0.1321130 0.0602898 0.0956240 0.1045965 0.1390033 0.1000856 0.1302339 0.0685037 0.1561378 0.0363753 0.1127220 0.1127015 0.1066885 0.1406948 0.1665067 0.1333108 0.0926861 0.1157025 0.1168618 0.0549588 0.0648330 0.0604425 0.0506553 0.2540685 0.2482391 0.0338474 0.0819026 0.0163410 0.0430581 0.0838117 0.1241123 0.1628327 0.1651849 0.2433330 
M97574.1_Myxine_glutinosa                0.3258374 0.3425012 0.3401098 0.3250648 0.3105288 0.2958091 0.2961735 0.3093517 0.3387614 0.3093794 0.3464195 0.3074654 0.3136575 0.3775270 0.3154653 0.3273706 0.0000000 0.3341897 0.3136860 0.3469725 0.3180969 0.3453757 0.3264682 0.3076015 0.3081511 0.3495536 0.3330633 0.3012437 0.3372331 0.3302786 0.3322728 0.4267341 0.3250739 0.3232543 0.3348589 0.3592587 0.3491322 0.3344767 0.3798676 0.3440951 0.3444256 0.4567823 0.3061207 0.3741138 0.3628555 0.3844497 0.3194395 0.3357639 0.3384612 0.3004029 0.3095635 0.3697356 0.3206833 0.3315760 0.3137887 0.3249982 0.3291873 0.4535825 0.3321553 0.3529696 0.3098357 0.3139344 0.3309765 0.3022593 0.3426673 0.3358333 0.2717955 
FM244840.1_Clavelina_meridionalis        0.1087811 0.1532236 0.1568478 0.1501941 0.1342133 0.0883353 0.0797840 0.0803097 0.1427619 0.1331124 0.1430488 0.0786491 0.0742568 0.1853762 0.1334947 0.1379320 0.3341897 0.0000000 0.0875199 0.1469113 0.1290788 0.1554911 0.0961674 0.1220332 0.0791182 0.1503502 0.1520002 0.1327906 0.1533719 0.1073698 0.1488539 0.2295118 0.1378467 0.0806306 0.1562708 0.1483140 0.1474127 0.1222465 0.1776717 0.1330075 0.1478138 0.2491703 0.1312039 0.1654470 0.1470545 0.1899426 0.0896841 0.1564871 0.1191654 0.1179344 0.0940474 0.1611302 0.1437222 0.1416126 0.1315189 0.1273478 0.2293903 0.2413630 0.1424694 0.1668975 0.1189576 0.1239980 0.1558366 0.0499730 0.1646870 0.1579957 0.2115326 
AB013017.1_Ciona_intestinalis            0.0952332 0.1353540 0.1399165 0.1234363 0.1139344 0.0770414 0.0727621 0.0901722 0.1310820 0.1126118 0.1203337 0.0884685 0.0714513 0.1605692 0.1148226 0.1203789 0.3136860 0.0875199 0.0000000 0.1352086 0.1159364 0.1349919 0.0981912 0.1213534 0.0888283 0.1401870 0.1367772 0.1110719 0.1364601 0.1024562 0.1304166 0.2108545 0.1264777 0.0818589 0.1378241 0.1519151 0.1346977 0.1095100 0.1267301 0.1150386 0.1278123 0.2229780 0.1093469 0.1495460 0.1273741 0.1674480 0.0907098 0.1336888 0.1103755 0.1146876 0.0815543 0.1472152 0.1218340 0.1245538 0.1121230 0.1127548 0.2175393 0.2252820 0.1263183 0.1481221 0.1019598 0.1144888 0.1448257 0.0774585 0.1508329 0.1338940 0.2054555 
HQ015387.1_Pegea_confoederata            0.1509406 0.1210038 0.1263372 0.1286769 0.0995922 0.1288067 0.1223097 0.1434765 0.1195881 0.0997420 0.1168840 0.1431004 0.1364975 0.1328563 0.1027811 0.1145045 0.3469725 0.1469113 0.1352086 0.0000000 0.1023180 0.1267539 0.1589489 0.1737550 0.1412857 0.0142689 0.1240215 0.1016728 0.1246000 0.1356874 0.1221038 0.2617573 0.1180553 0.1486588 0.1116620 0.1364249 0.1361532 0.1597294 0.1488387 0.1349212 0.1158996 0.2105967 0.1022852 0.1448610 0.0279434 0.1561673 0.1545411 0.1654709 0.1569319 0.0977949 0.1320794 0.1326523 0.1165212 0.1141285 0.1013847 0.0992416 0.2592964 0.2569936 0.1175711 0.1195614 0.1033073 0.1017051 0.1318664 0.1326629 0.1748134 0.1773527 0.2400129 
FM244866.1_Iasis_cylindrica              0.1102507 0.0784457 0.0681100 0.0503969 0.0515542 0.0885315 0.0990047 0.0965610 0.0601077 0.0507692 0.0418859 0.0965244 0.1200243 0.0902970 0.0552590 0.0430474 0.3180969 0.1290788 0.1159364 0.1023180 0.0000000 0.0580655 0.1383923 0.1543819 0.0965610 0.1063148 0.0674085 0.0396855 0.0681100 0.1300355 0.0631582 0.2433187 0.0586353 0.1227440 0.0611734 0.0803243 0.1000021 0.1226344 0.0573387 0.1179008 0.0727306 0.1540941 0.0396855 0.1068789 0.0932939 0.1062381 0.1328222 0.1658668 0.1134957 0.0766862 0.0979443 0.1059163 0.0610681 0.0672746 0.0265607 0.0556195 0.2401226 0.2337170 0.0559584 0.0840056 0.0402503 0.0427881 0.0792911 0.1160858 0.1564292 0.1572619 0.2227766 
HQ015402.1_Iasis_cylindrica              0.1372887 0.0502769 0.0973384 0.0954213 0.0690135 0.1121588 0.1270648 0.1202585 0.1007577 0.0682348 0.0705195 0.1202146 0.1387363 0.1193534 0.0726172 0.0832970 0.3453757 0.1554911 0.1349919 0.1267539 0.0580655 0.0000000 0.1569344 0.1681664 0.1202585 0.1298621 0.0974708 0.0643651 0.0973384 0.1550735 0.0462981 0.2672551 0.0893191 0.1389680 0.0871357 0.1136778 0.1372804 0.1497382 0.0946907 0.1523450 0.1012604 0.0863422 0.0643651 0.1226413 0.1196274 0.0453299 0.1509111 0.1801089 0.1395567 0.0902868 0.1217359 0.1339417 0.0846766 0.0936051 0.0423896 0.0825891 0.2571653 0.2507352 0.0900855 0.1085097 0.0652313 0.0853588 0.0850795 0.1410437 0.1666113 0.1689687 0.2526516 
L12378.2_Ascidia_ceratodes               0.1200665 0.1600756 0.1676909 0.1494195 0.1414700 0.0979579 0.0991028 0.1011506 0.1615642 0.1343445 0.1464059 0.0994272 0.0774822 0.2025995 0.1347342 0.1458847 0.3264682 0.0961674 0.0981912 0.1589489 0.1383923 0.1569344 0.0000000 0.1287282 0.0996599 0.1637886 0.1631026 0.1252005 0.1652349 0.1133301 0.1502488 0.2352886 0.1554871 0.0883391 0.1566368 0.1649235 0.1635212 0.1329169 0.1773878 0.1561227 0.1590483 0.2388182 0.1262479 0.1721857 0.1579538 0.1855386 0.0938719 0.1571794 0.1286781 0.1220722 0.0987557 0.1732090 0.1441557 0.1470422 0.1345151 0.1404896 0.2215123 0.2487813 0.1530783 0.1705158 0.1113750 0.1389810 0.1709428 0.0880212 0.1666098 0.1606654 0.2084932 
AY903925.1_Halocynthia_igaboja           0.1425452 0.1666793 0.1780487 0.1696055 0.1470358 0.1183263 0.1160257 0.1276193 0.1722069 0.1479422 0.1654511 0.1289671 0.1151042 0.2000181 0.1458888 0.1618669 0.3076015 0.1220332 0.1213534 0.1737550 0.1543819 0.1681664 0.1287282 0.0000000 0.1256492 0.1771055 0.1736938 0.1456921 0.1756618 0.1455212 0.1640952 0.1695557 0.1669412 0.1160855 0.1699582 0.1891540 0.1771208 0.1512559 0.1997998 0.1662160 0.1748463 0.2544123 0.1478982 0.1896640 0.1728252 0.2047463 0.1167397 0.1770000 0.1480962 0.1412943 0.1214153 0.1817954 0.1641168 0.1599489 0.1454413 0.1581366 0.2197919 0.2345000 0.1604603 0.1813778 0.1270797 0.1540111 0.1748884 0.1143422 0.1853922 0.1803340 0.1980756 
HQ015382.1_Pyrosomella_verticillata      0.0344075 0.1278036 0.1275865 0.1258606 0.1104832 0.0101226 0.0206546 0.0000010 0.1283339 0.1110254 0.1142694 0.0011550 0.0811296 0.1534033 0.1106487 0.1181849 0.3081511 0.0791182 0.0888283 0.1412857 0.0965610 0.1202585 0.0996599 0.1256492 0.0000000 0.1434595 0.1230802 0.1042847 0.1253068 0.0780956 0.1258651 0.2330115 0.1160850 0.0907921 0.1269425 0.1337964 0.1488563 0.0425485 0.1461461 0.1350677 0.1307169 0.2039499 0.1052045 0.1525969 0.1320837 0.1511687 0.0935515 0.1370472 0.0415613 0.1096166 0.0221503 0.1475819 0.1211636 0.1244984 0.1037487 0.1079518 0.2306231 0.2345176 0.1217228 0.1420450 0.1003595 0.1093738 0.1373907 0.0828935 0.1501263 0.1451349 0.2057230 
HQ015388.1_Pegea_bicaudata               0.1533264 0.1276251 0.1292164 0.1318592 0.1050052 0.1308172 0.1254623 0.1446093 0.1242449 0.1039786 0.1207457 0.1442274 0.1423974 0.1451102 0.1094983 0.1200362 0.3495536 0.1503502 0.1401870 0.0142689 0.1063148 0.1298621 0.1637886 0.1771055 0.1434595 0.0000000 0.1249631 0.1063434 0.1264773 0.1396623 0.1269407 0.2546696 0.1219993 0.1481400 0.1212783 0.1415898 0.1429851 0.1632738 0.1511210 0.1398921 0.1236788 0.1974533 0.1075807 0.1461023 0.0325626 0.1477824 0.1559945 0.1653825 0.1532626 0.0996765 0.1367681 0.1403819 0.1222371 0.1194392 0.1052797 0.1055674 0.2630039 0.2669853 0.1216649 0.1283836 0.1058227 0.1087554 0.1333474 0.1356446 0.1690103 0.1780252 0.2527194 
HQ015413.1_Thalia_democratica            0.1372141 0.1025368 0.0017603 0.0910611 0.0737052 0.1121383 0.1204341 0.1230802 0.1011797 0.0729276 0.0901645 0.1230370 0.1420533 0.1102946 0.0751446 0.0824474 0.3330633 0.1520002 0.1367772 0.1240215 0.0674085 0.0974708 0.1631026 0.1736938 0.1230802 0.1249631 0.0000000 0.0608891 0.0023484 0.1448846 0.0931491 0.2502887 0.0085862 0.1361325 0.0866971 0.0270951 0.1204890 0.1494024 0.1162360 0.1345193 0.1004091 0.1776140 0.0608891 0.1259520 0.1227472 0.1292525 0.1421245 0.1713662 0.1362358 0.1046398 0.1238992 0.1217029 0.0798145 0.0934659 0.0743441 0.0794645 0.2705099 0.2350190 0.0868198 0.0986165 0.0767249 0.0836903 0.0574505 0.1384555 0.1717265 0.1725820 0.2416073 
KR057223.1_Brooksia_lacromae             0.1150902 0.0654458 0.0645640 0.0397338 0.0295746 0.0937837 0.0928484 0.1058859 0.0620070 0.0276510 0.0535592 0.1056220 0.1160927 0.0638248 0.0322629 0.0363753 0.3012437 0.1327906 0.1110719 0.1016728 0.0396855 0.0643651 0.1252005 0.1456921 0.1042847 0.1063434 0.0608891 0.0000000 0.0610903 0.1207274 0.0410661 0.2363678 0.0535557 0.1207505 0.0393915 0.0729405 0.1040935 0.1287127 0.0798613 0.1232291 0.0602895 0.1410706 0.0000010 0.1070278 0.0993850 0.0922610 0.1329664 0.1511076 0.1215932 0.0771744 0.1011806 0.0980484 0.0274271 0.0544424 0.0422746 0.0430390 0.2347280 0.2262930 0.0414606 0.0654983 0.0219132 0.0455013 0.0760168 0.1143003 0.1471161 0.1517244 0.2099506 
HQ015414.1_Thalia_democratica            0.1396417 0.1024278 0.0005813 0.0918182 0.0738171 0.1138058 0.1229060 0.1259424 0.1021116 0.0732405 0.0894966 0.1256209 0.1433599 0.1117253 0.0757521 0.0832593 0.3372331 0.1533719 0.1364601 0.1246000 0.0681100 0.0973384 0.1652349 0.1756618 0.1253068 0.1264773 0.0023484 0.0610903 0.0000000 0.1461781 0.0931142 0.2519643 0.0103720 0.1357732 0.0882032 0.0289969 0.1210911 0.1506920 0.1162347 0.1342212 0.1003148 0.1777303 0.0610903 0.1265179 0.1224708 0.1292965 0.1425808 0.1682638 0.1375533 0.1045579 0.1252890 0.1206764 0.0798817 0.0940773 0.0737534 0.0800976 0.2701032 0.2317045 0.0868336 0.1008994 0.0765771 0.0844924 0.0563392 0.1397866 0.1694964 0.1692436 0.2423410 
HQ015379.1_Pyrostremma_spinosum          0.0832588 0.1406892 0.1493252 0.1448626 0.1283359 0.0651677 0.0616289 0.0792766 0.1400118 0.1291120 0.1390856 0.0790806 0.0801345 0.1782380 0.1306476 0.1358333 0.3302786 0.1073698 0.1024562 0.1356874 0.1300355 0.1550735 0.1133301 0.1455212 0.0780956 0.1396623 0.1448846 0.1207274 0.1461781 0.0000000 0.1413754 0.2515409 0.1346133 0.1004301 0.1456212 0.1573030 0.1431715 0.0852984 0.1754130 0.1379044 0.1346739 0.2333176 0.1218361 0.1535218 0.1364338 0.1737865 0.1066577 0.1538721 0.0924305 0.1116300 0.0708216 0.1229389 0.1331317 0.1348716 0.1259183 0.1232265 0.2555826 0.2455354 0.1416486 0.1558175 0.1169543 0.1210530 0.1505916 0.0880272 0.1644138 0.1561879 0.2174725 
HQ015410.1_Ritteriella_retracta          0.1366494 0.0390485 0.0935817 0.0750535 0.0466492 0.1143097 0.1144366 0.1270570 0.0820666 0.0462462 0.0793062 0.1267278 0.1354001 0.0932373 0.0511893 0.0629301 0.3322728 0.1488539 0.1304166 0.1221038 0.0631582 0.0462981 0.1502488 0.1640952 0.1258651 0.1269407 0.0931491 0.0410661 0.0931142 0.1413754 0.0000000 0.2683078 0.0837003 0.1399797 0.0507169 0.1061638 0.1300976 0.1500087 0.1096808 0.1461877 0.0762354 0.1087491 0.0411613 0.1327743 0.1213839 0.0659365 0.1522288 0.1721289 0.1397884 0.0833143 0.1236332 0.1268419 0.0629575 0.0730483 0.0573649 0.0593416 0.2583550 0.2498868 0.0652863 0.0882177 0.0462807 0.0641254 0.0819928 0.1363625 0.1665462 0.1674236 0.2379632 
L12426.2_Molgula_manhattensis            0.2479773 0.2774288 0.2551145 0.2664167 0.2406188 0.2164460 0.2177826 0.2325151 0.2637480 0.2316801 0.2621274 0.2318439 0.2184462 0.3101734 0.2358587 0.2478389 0.4267341 0.2295118 0.2108545 0.2617573 0.2433187 0.2672551 0.2352886 0.1695557 0.2330115 0.2546696 0.2502887 0.2363678 0.2519643 0.2515409 0.2683078 0.0000000 0.2546642 0.1969639 0.2743091 0.2757980 0.2681287 0.2632061 0.2972775 0.2513128 0.2841738 0.3513019 0.2344074 0.2724104 0.2565757 0.3041794 0.1804453 0.2539179 0.2304055 0.2182715 0.2240314 0.2752905 0.2610267 0.2602785 0.2492601 0.2573942 0.2893314 0.3306734 0.2543523 0.2856355 0.2160441 0.2490595 0.2766897 0.2116058 0.2650114 0.2539274 0.2794814 
AB859889.1_Thalia_longicauda             0.1272998 0.0943127 0.0103576 0.0816361 0.0661133 0.1049468 0.1081140 0.1168630 0.0918794 0.0656285 0.0805302 0.1165619 0.1308235 0.1047814 0.0680780 0.0740085 0.3250739 0.1378467 0.1264777 0.1180553 0.0586353 0.0893191 0.1554871 0.1669412 0.1160850 0.1219993 0.0085862 0.0535557 0.0103720 0.1346133 0.0837003 0.2546642 0.0000000 0.1396540 0.0818492 0.0194280 0.1078447 0.1378272 0.1072821 0.1237903 0.0896178 0.1702783 0.0535557 0.1141216 0.1145667 0.1211446 0.1485995 0.1579500 0.1326036 0.0950535 0.1131792 0.1091419 0.0703905 0.0857312 0.0659676 0.0703944 0.2672769 0.2295193 0.0784005 0.0963001 0.0646100 0.0751823 0.0483822 0.1255702 0.1646629 0.1630393 0.2318464 
AF165821.2_Chelyosoma_siboja             0.0994169 0.1378054 0.1391905 0.1451821 0.1213982 0.0799884 0.0782867 0.0912864 0.1399768 0.1209439 0.1376512 0.0895956 0.0626214 0.1771231 0.1230857 0.1321130 0.3232543 0.0806306 0.0818589 0.1486588 0.1227440 0.1389680 0.0883391 0.1160855 0.0907921 0.1481400 0.1361325 0.1207505 0.1357732 0.1004301 0.1399797 0.1969639 0.1396540 0.0000000 0.1438206 0.1609797 0.1442063 0.1111963 0.1697195 0.1354585 0.1427298 0.2143023 0.1198986 0.1520273 0.1417947 0.1635645 0.0260543 0.1446009 0.0979504 0.1101931 0.0871976 0.1584492 0.1368601 0.1347192 0.1213028 0.1243839 0.2184666 0.2279265 0.1352937 0.1603485 0.1134569 0.1203291 0.1558555 0.0642213 0.1517278 0.1468506 0.2043949 
HQ015411.1_Ritteriella_retracta          0.1392501 0.0809744 0.0908807 0.0730512 0.0502879 0.1165406 0.1159737 0.1279702 0.0814552 0.0497577 0.0789623 0.1276399 0.1416070 0.0428747 0.0548378 0.0602898 0.3348589 0.1562708 0.1378241 0.1116620 0.0611734 0.0871357 0.1566368 0.1699582 0.1269425 0.1212783 0.0866971 0.0393915 0.0882032 0.1456212 0.0507169 0.2743091 0.0818492 0.1438206 0.0000000 0.1032346 0.1296613 0.1527137 0.1087138 0.1486993 0.0769605 0.1645467 0.0392657 0.1357784 0.1236686 0.1124522 0.1557174 0.1867257 0.1428596 0.1020065 0.1274117 0.1299943 0.0620747 0.0717888 0.0625614 0.0602027 0.2441235 0.2620168 0.0633712 0.0585698 0.0463277 0.0642602 0.0979817 0.1404768 0.1779157 0.1839184 0.2481414 
D14366.1_Thalia_democratica              0.1491001 0.1187543 0.0289969 0.1039772 0.0861517 0.1261759 0.1289303 0.1339062 0.1149943 0.0853193 0.1036255 0.1337475 0.1521428 0.1293957 0.0887093 0.0956240 0.3592587 0.1483140 0.1519151 0.1364249 0.0803243 0.1136778 0.1649235 0.1891540 0.1337964 0.1415898 0.0270951 0.0729405 0.0289969 0.1573030 0.1061638 0.2757980 0.0194280 0.1609797 0.1032346 0.0000000 0.1285958 0.1627120 0.1322683 0.1482799 0.1127072 0.2034833 0.0729405 0.1355164 0.1336948 0.1479688 0.1709778 0.1836467 0.1584494 0.1186191 0.1358186 0.1280588 0.0915827 0.1087946 0.0877365 0.0924834 0.2998478 0.2590026 0.1013832 0.1179194 0.0786300 0.0968311 0.0706914 0.1485456 0.1886438 0.1879764 0.2534168 
FM244865.1_Ihlea_racovitzai              0.1579969 0.1325683 0.1254377 0.1135586 0.1006654 0.1371982 0.1247297 0.1513568 0.1231017 0.1009261 0.1162859 0.1509491 0.1417872 0.1479032 0.1078494 0.1045965 0.3491322 0.1474127 0.1346977 0.1361532 0.1000021 0.1372804 0.1635212 0.1771208 0.1488563 0.1429851 0.1204890 0.1040935 0.1210911 0.1431715 0.1300976 0.2681287 0.1078447 0.1442063 0.1296613 0.1285958 0.0000000 0.1629246 0.1368699 0.1420004 0.1270594 0.2305018 0.1032458 0.0338309 0.1406848 0.1718744 0.1573158 0.1780633 0.1650043 0.1184953 0.1368728 0.0873155 0.1095231 0.1103696 0.1131897 0.1076089 0.2636896 0.2383287 0.1114590 0.1455474 0.1000081 0.1047576 0.1193491 0.1414530 0.1798730 0.1705190 0.2480911 
HQ015384.1_Pyrosoma_godeauxi             0.0313604 0.1519528 0.1520107 0.1529642 0.1332930 0.0300556 0.0402194 0.0421778 0.1498257 0.1323532 0.1383939 0.0407314 0.0903317 0.1839775 0.1332023 0.1390033 0.3344767 0.1222465 0.1095100 0.1597294 0.1226344 0.1497382 0.1329169 0.1512559 0.0425485 0.1632738 0.1494024 0.1287127 0.1506920 0.0852984 0.1500087 0.2632061 0.1378272 0.1111963 0.1527137 0.1627120 0.1629246 0.0000000 0.1733343 0.1547985 0.1504516 0.2385419 0.1272249 0.1666371 0.1480285 0.1797698 0.1159649 0.1528007 0.0573526 0.1233450 0.0409241 0.1642916 0.1480751 0.1490871 0.1286530 0.1263696 0.2538897 0.2628280 0.1459582 0.1658703 0.1172494 0.1297746 0.1592104 0.0895422 0.1758485 0.1689260 0.2219441 
HQ015401.1_Iasis_cylindrica              0.1605243 0.1175043 0.1162347 0.0941297 0.0950946 0.1330349 0.1459068 0.1458111 0.1121874 0.0936281 0.0296262 0.1454208 0.1663156 0.1384165 0.0985861 0.1000856 0.3798676 0.1776717 0.1267301 0.1488387 0.0573387 0.0946907 0.1773878 0.1997998 0.1461461 0.1511210 0.1162360 0.0798613 0.1162347 0.1754130 0.1096808 0.2972775 0.1072821 0.1697195 0.1087138 0.1322683 0.1368699 0.1733343 0.0000000 0.1441527 0.1129224 0.2037213 0.0798613 0.1675540 0.1216022 0.1473666 0.1812763 0.2069552 0.1642155 0.1284347 0.1255168 0.1562680 0.1022762 0.0634706 0.0570625 0.0926633 0.2919229 0.2808480 0.1044502 0.1250170 0.0895625 0.0958064 0.1311583 0.1641951 0.2067510 0.1987512 0.2629250 
HQ015389.1_Soestia_zonaria               0.1462477 0.1393869 0.1395088 0.1345950 0.1333861 0.1228150 0.1174969 0.1371612 0.1358926 0.1267263 0.1300922 0.1368048 0.1276665 0.1776036 0.1267007 0.1302339 0.3440951 0.1330075 0.1150386 0.1349212 0.1179008 0.1523450 0.1561227 0.1662160 0.1350677 0.1398921 0.1345193 0.1232291 0.1342212 0.1379044 0.1461877 0.2513128 0.1237903 0.1354585 0.1486993 0.1482799 0.1420004 0.1547985 0.1441527 0.0000000 0.1348474 0.2315984 0.1233224 0.1556331 0.1209847 0.1778290 0.1450708 0.1697942 0.1549710 0.0785016 0.1269533 0.1498867 0.1358797 0.1266473 0.1347576 0.1164973 0.2619557 0.2368324 0.1377283 0.1566623 0.1248500 0.1197464 0.1393697 0.1223634 0.1684852 0.1694527 0.2375941 
FM244864.1_Cyclosalpa_quadriluminis      0.1377760 0.0612403 0.1038439 0.0819205 0.0637683 0.1199814 0.1125039 0.1328882 0.0562421 0.0623923 0.0837509 0.1325325 0.1346186 0.1075883 0.0686311 0.0685037 0.3444256 0.1478138 0.1278123 0.1158996 0.0727306 0.1012604 0.1590483 0.1748463 0.1307169 0.1236788 0.1004091 0.0602895 0.1003148 0.1346739 0.0762354 0.2841738 0.0896178 0.1427298 0.0769605 0.1127072 0.1270594 0.1504516 0.1129224 0.1348474 0.0000000 0.1485212 0.0579876 0.1331762 0.1148592 0.0969111 0.1524472 0.1655401 0.1507320 0.0968181 0.1282228 0.1297946 0.0731615 0.0506386 0.0748753 0.0291247 0.2732552 0.2628088 0.0723106 0.0716306 0.0610601 0.0389465 0.1096542 0.1301114 0.1766620 0.1762051 0.2540943 
HQ015391.1_Cyclosalpa_affinis            0.2247151 0.0829734 0.1752276 0.1740827 0.1391534 0.1887949 0.1958705 0.2019999 0.1458406 0.1367000 0.1658773 0.2025436 0.2177820 0.2017013 0.1358453 0.1561378 0.4567823 0.2491703 0.2229780 0.2105967 0.1540941 0.0863422 0.2388182 0.2544123 0.2039499 0.1974533 0.1776140 0.1410706 0.1777303 0.2333176 0.1087491 0.3513019 0.1702783 0.2143023 0.1645467 0.2034833 0.2305018 0.2385419 0.2037213 0.2315984 0.1485212 0.0000000 0.1380536 0.1746603 0.1977357 0.0346659 0.2347623 0.2673668 0.2079977 0.1634844 0.2060952 0.2277818 0.1622432 0.1376469 0.1437607 0.1298136 0.3765748 0.3735060 0.1639979 0.1570555 0.1347863 0.1256735 0.1657101 0.2266740 0.2492198 0.2641965 0.3598659 
KR057222.1_Brooksia_lacromae             0.1150902 0.0638334 0.0610020 0.0399616 0.0281946 0.0937837 0.0928484 0.1058859 0.0620070 0.0276510 0.0535592 0.1056220 0.1166214 0.0629607 0.0322629 0.0363753 0.3061207 0.1312039 0.1093469 0.1022852 0.0396855 0.0643651 0.1262479 0.1478982 0.1052045 0.1075807 0.0608891 0.0000010 0.0610903 0.1218361 0.0411613 0.2344074 0.0535557 0.1198986 0.0392657 0.0729405 0.1032458 0.1272249 0.0798613 0.1233224 0.0579876 0.1380536 0.0000000 0.1066539 0.0993850 0.0922610 0.1322299 0.1511076 0.1192089 0.0771744 0.1006820 0.0980484 0.0269788 0.0544424 0.0410739 0.0430390 0.2380256 0.2261367 0.0381761 0.0654983 0.0219132 0.0455013 0.0768668 0.1148150 0.1503321 0.1534204 0.2116070 
HQ015378.1_Ihlea_racovitzai              0.1626551 0.1251911 0.1283259 0.1222310 0.1065591 0.1412382 0.1289742 0.1542966 0.1294334 0.1066226 0.1326641 0.1538793 0.1498567 0.1547030 0.1136736 0.1127220 0.3741138 0.1654470 0.1495460 0.1448610 0.1068789 0.1226413 0.1721857 0.1896640 0.1525969 0.1461023 0.1259520 0.1070278 0.1265179 0.1535218 0.1327743 0.2724104 0.1141216 0.1520273 0.1357784 0.1355164 0.0338309 0.1666371 0.1675540 0.1556331 0.1331762 0.1746603 0.1066539 0.0000000 0.1457112 0.1380926 0.1653867 0.1885696 0.1696329 0.1230689 0.1513151 0.0981057 0.1138920 0.1316525 0.1197464 0.1129508 0.2751787 0.2441561 0.1197244 0.1501934 0.1093987 0.1107342 0.1195261 0.1538729 0.1876872 0.1835976 0.2562245 
HQ015386.1_Pegea_confoederata            0.1400295 0.1170305 0.1222770 0.1217136 0.1007908 0.1181999 0.1117212 0.1329850 0.1174955 0.1003800 0.1001768 0.1326365 0.1343505 0.1498736 0.1034874 0.1127015 0.3628555 0.1470545 0.1273741 0.0279434 0.0932939 0.1196274 0.1579538 0.1728252 0.1320837 0.0325626 0.1227472 0.0993850 0.1224708 0.1364338 0.1213839 0.2565757 0.1145667 0.1417947 0.1236686 0.1336948 0.1406848 0.1480285 0.1216022 0.1209847 0.1148592 0.1977357 0.0993850 0.1457112 0.0000000 0.1474700 0.1496069 0.1633377 0.1488259 0.0984855 0.1210487 0.1336851 0.1175313 0.1094382 0.1000643 0.0982597 0.2626140 0.2470006 0.1165054 0.1324441 0.1023804 0.1014569 0.1289249 0.1319669 0.1706665 0.1717800 0.2403434 
HQ015392.1_Cyclosalpa_affinis            0.1683710 0.0427383 0.1292965 0.1205709 0.0911645 0.1397971 0.1434048 0.1515198 0.0964674 0.0903481 0.1150287 0.1511135 0.1652224 0.1440273 0.0931251 0.1066885 0.3844497 0.1899426 0.1674480 0.1561673 0.1062381 0.0453299 0.1855386 0.2047463 0.1511687 0.1477824 0.1292525 0.0922610 0.1292965 0.1737865 0.0659365 0.3041794 0.1211446 0.1635645 0.1124522 0.1479688 0.1718744 0.1797698 0.1473666 0.1778290 0.0969111 0.0346659 0.0922610 0.1380926 0.1474700 0.0000000 0.1829019 0.2081396 0.1697638 0.1182922 0.1522763 0.1702138 0.1094533 0.0899401 0.0952027 0.0810022 0.3072820 0.2979016 0.1104656 0.1064419 0.0866794 0.0793344 0.1155397 0.1707691 0.1957653 0.2077240 0.2938592 
AB075543.1_Megalodicopia_hians           0.1033482 0.1513737 0.1468609 0.1566394 0.1315862 0.0842983 0.0845366 0.0933074 0.1488031 0.1318398 0.1482512 0.0916094 0.0712024 0.1874695 0.1349453 0.1406948 0.3194395 0.0896841 0.0907098 0.1545411 0.1328222 0.1509111 0.0938719 0.1167397 0.0935515 0.1559945 0.1421245 0.1329664 0.1425808 0.1066577 0.1522288 0.1804453 0.1485995 0.0260543 0.1557174 0.1709778 0.1573158 0.1159649 0.1812763 0.1450708 0.1524472 0.2347623 0.1322299 0.1653867 0.1496069 0.1829019 0.0000000 0.1528970 0.0958654 0.1208120 0.0923727 0.1648970 0.1509068 0.1461511 0.1316366 0.1349842 0.2236727 0.2396142 0.1463604 0.1702316 0.1249125 0.1295767 0.1660329 0.0735507 0.1623095 0.1566688 0.2120838 
HQ015376.1_Doliolum_denticulatum         0.1440344 0.1651032 0.1682638 0.1777792 0.1497562 0.1265552 0.1261457 0.1370472 0.1775831 0.1487294 0.1703052 0.1369962 0.1361874 0.2104378 0.1525123 0.1665067 0.3357639 0.1564871 0.1336888 0.1654709 0.1658668 0.1801089 0.1571794 0.1770000 0.1370472 0.1653825 0.1713662 0.1511076 0.1682638 0.1538721 0.1721289 0.2539179 0.1579500 0.1446009 0.1867257 0.1836467 0.1780633 0.1528007 0.2069552 0.1697942 0.1655401 0.2673668 0.1511076 0.1885696 0.1633377 0.2081396 0.1528970 0.0000000 0.1539464 0.1479479 0.1326973 0.1867677 0.1693438 0.1673810 0.1543980 0.1546916 0.2495252 0.2662511 0.1681557 0.1944531 0.1499902 0.1593668 0.1763963 0.1354733 0.0319932 0.0305909 0.2418127 
AB013011.1_Pyrosoma_atlanticum           0.0512670 0.1498761 0.1428072 0.1464284 0.1340820 0.0278210 0.0403014 0.0393997 0.1439766 0.1260247 0.1324751 0.0379932 0.0911457 0.1829531 0.1256608 0.1333108 0.3384612 0.1191654 0.1103755 0.1569319 0.1134957 0.1395567 0.1286781 0.1480962 0.0415613 0.1532626 0.1362358 0.1215932 0.1375533 0.0924305 0.1397884 0.2304055 0.1326036 0.0979504 0.1428596 0.1584494 0.1650043 0.0573526 0.1642155 0.1549710 0.1507320 0.2079977 0.1192089 0.1696329 0.1488259 0.1697638 0.0958654 0.1539464 0.0000000 0.1191889 0.0438304 0.1684686 0.1415329 0.1417171 0.1251416 0.1248014 0.2469437 0.2510614 0.1451158 0.1562130 0.1169927 0.1239841 0.1532938 0.0960333 0.1654160 0.1629400 0.2300167 
HQ015390.1_Thetys_vagina                 0.1133086 0.0875898 0.1045579 0.1032916 0.0789379 0.0963103 0.0900894 0.1101687 0.1009960 0.0783689 0.1017020 0.1098889 0.1032542 0.1298463 0.0832601 0.0926861 0.3004029 0.1179344 0.1146876 0.0977949 0.0766862 0.0902868 0.1220722 0.1412943 0.1096166 0.0996765 0.1046398 0.0771744 0.1045579 0.1116300 0.0833143 0.2182715 0.0950535 0.1101931 0.1020065 0.1186191 0.1184953 0.1233450 0.1284347 0.0785016 0.0968181 0.1634844 0.0771744 0.1230689 0.0984855 0.1182922 0.1208120 0.1479479 0.1191889 0.0000000 0.1037018 0.1115025 0.0916986 0.0973515 0.0805453 0.0789281 0.2134099 0.2240018 0.0932565 0.1137673 0.0857463 0.0841999 0.0920820 0.1056332 0.1490296 0.1527566 0.2032244 
FM244863.1_Pyrosomella_verticillata      0.0341157 0.1288880 0.1283008 0.1226040 0.1112827 0.0108536 0.0222867 0.0217981 0.1257152 0.1103068 0.0955696 0.0230333 0.0746636 0.1563028 0.1108014 0.1157025 0.3095635 0.0940474 0.0815543 0.1320794 0.0979443 0.1217359 0.0987557 0.1214153 0.0221503 0.1367681 0.1238992 0.1011806 0.1252890 0.0708216 0.1236332 0.2240314 0.1131792 0.0871976 0.1274117 0.1358186 0.1368728 0.0409241 0.1255168 0.1269533 0.1282228 0.2060952 0.1006820 0.1513151 0.1210487 0.1522763 0.0923727 0.1326973 0.0438304 0.1037018 0.0000000 0.1430805 0.1198499 0.1036579 0.1012163 0.1065657 0.2317008 0.2320547 0.1229082 0.1403002 0.0955359 0.1068883 0.1386900 0.0761246 0.1447821 0.1396526 0.1990036 
HQ015377.1_Salpidae_gen._nov._sp._nov._A 0.1559349 0.1328807 0.1204824 0.1214305 0.1063943 0.1347098 0.1222844 0.1486320 0.1294439 0.1059878 0.1191651 0.1482264 0.1438865 0.1522151 0.1082274 0.1168618 0.3697356 0.1611302 0.1472152 0.1326523 0.1059163 0.1339417 0.1732090 0.1817954 0.1475819 0.1403819 0.1217029 0.0980484 0.1206764 0.1229389 0.1268419 0.2752905 0.1091419 0.1584492 0.1299943 0.1280588 0.0873155 0.1642916 0.1562680 0.1498867 0.1297946 0.2277818 0.0980484 0.0981057 0.1336851 0.1702138 0.1648970 0.1867677 0.1684686 0.1115025 0.1430805 0.0000000 0.1057440 0.1242306 0.1073253 0.1090474 0.2862451 0.2550166 0.1216842 0.1438137 0.1024605 0.1125794 0.1165699 0.1505640 0.1965493 0.1934106 0.2298365 
HQ015404.1_Brooksia_rostrata             0.1329937 0.0812132 0.0830244 0.0380200 0.0493721 0.1106887 0.1025834 0.1229669 0.0626705 0.0485361 0.0752543 0.1226456 0.1323044 0.0858344 0.0509238 0.0549588 0.3206833 0.1437222 0.1218340 0.1165212 0.0610681 0.0846766 0.1441557 0.1641168 0.1211636 0.1222371 0.0798145 0.0274271 0.0798817 0.1331317 0.0629575 0.2610267 0.0703905 0.1368601 0.0620747 0.0915827 0.1095231 0.1480751 0.1022762 0.1358797 0.0731615 0.1622432 0.0269788 0.1138920 0.1175313 0.1094533 0.1509068 0.1693438 0.1415329 0.0916986 0.1198499 0.1057440 0.0000000 0.0688664 0.0611230 0.0546250 0.2565779 0.2398016 0.0621958 0.0836495 0.0416073 0.0553544 0.0921022 0.1267006 0.1626492 0.1666221 0.2319017 
HQ015398.1_Cyclosalpa_sewelli            0.1373555 0.0530983 0.0940773 0.0768323 0.0599685 0.1148953 0.1124383 0.1244984 0.0535865 0.0592315 0.0429478 0.1244539 0.1319145 0.1011681 0.0642665 0.0648330 0.3315760 0.1416126 0.1245538 0.1141285 0.0672746 0.0936051 0.1470422 0.1599489 0.1244984 0.1194392 0.0934659 0.0544424 0.0940773 0.1348716 0.0730483 0.2602785 0.0857312 0.1347192 0.0717888 0.1087946 0.1103696 0.1490871 0.0634706 0.1266473 0.0506386 0.1376469 0.0544424 0.1316525 0.1094382 0.0899401 0.1461511 0.1673810 0.1417171 0.0973515 0.1036579 0.1242306 0.0688664 0.0000000 0.0640875 0.0363839 0.2534481 0.2502865 0.0697484 0.0654110 0.0544462 0.0379571 0.1016177 0.1327338 0.1687693 0.1650531 0.2303463 
HQ015400.1_Iasis_cylindrica              0.1173495 0.0744815 0.0772876 0.0732302 0.0459120 0.0947209 0.1007688 0.1053006 0.0757192 0.0452890 0.0342952 0.1050343 0.1167127 0.0982030 0.0494579 0.0604425 0.3137887 0.1315189 0.1121230 0.1013847 0.0265607 0.0423896 0.1345151 0.1454413 0.1037487 0.1052797 0.0743441 0.0422746 0.0737534 0.1259183 0.0573649 0.2492601 0.0659676 0.1213028 0.0625614 0.0877365 0.1131897 0.1286530 0.0570625 0.1347576 0.0748753 0.1437607 0.0410739 0.1197464 0.1000643 0.0952027 0.1316366 0.1543980 0.1251416 0.0805453 0.1012163 0.1073253 0.0611230 0.0640875 0.0000000 0.0562771 0.2360117 0.2414382 0.0689663 0.0822852 0.0478869 0.0603985 0.0823308 0.1167571 0.1560114 0.1475695 0.2163968 
HQ015397.1_Cyclosalpa_quadriluminis      0.1130537 0.0448502 0.0800976 0.0637415 0.0453802 0.0988221 0.0959857 0.1079518 0.0406764 0.0446472 0.0661241 0.1079123 0.1201358 0.0861363 0.0496747 0.0506553 0.3249982 0.1273478 0.1127548 0.0992416 0.0556195 0.0825891 0.1404896 0.1581366 0.1079518 0.1055674 0.0794645 0.0430390 0.0800976 0.1232265 0.0593416 0.2573942 0.0703944 0.1243839 0.0602027 0.0924834 0.1076089 0.1263696 0.0926633 0.1164973 0.0291247 0.1298136 0.0430390 0.1129508 0.0982597 0.0810022 0.1349842 0.1546916 0.1248014 0.0789281 0.1065657 0.1090474 0.0546250 0.0363839 0.0562771 0.0000000 0.2444883 0.2292749 0.0550205 0.0558290 0.0404069 0.0253397 0.0879125 0.1185052 0.1525740 0.1562135 0.2293022 
