53
HQ015388.1_Pegea_bicaudata               0.0000000 0.0535163 0.0531127 0.0557970 0.0465090 0.0982068 0.0691245 0.1290511 0.0531127 0.0513731 0.0535554 0.1367478 0.0479953 0.0691353 0.0879916 0.0557970 0.0704613 0.0429409 0.0815517 0.0500590 0.0530732 0.3705073 0.0500590 0.0459959 0.0880759 0.0691245 0.0803047 0.0459959 0.0070457 0.0559930 0.0823796 0.0640143 0.1889812 0.0513731 0.0530732 0.0691353 0.0000010 0.0844789 0.1388943 0.2131262 0.0702045 0.0815517 0.0851346 0.0535090 0.0482039 0.1290511 0.0535554 0.0596356 0.0500590 0.0822263 0.1702261 0.0713318 0.0695432 
HQ015405.1_Salpa_aspera                  0.0535163 0.0000000 0.0069766 0.0318249 0.0187443 0.0775516 0.0522957 0.1175319 0.0069766 0.0098283 0.0157770 0.1280581 0.0250079 0.0523535 0.0631181 0.0318249 0.0501129 0.0501627 0.0641389 0.0186948 0.0112536 0.3354880 0.0186948 0.0233520 0.0677341 0.0522957 0.0716619 0.0233520 0.0515378 0.0319288 0.0700246 0.0540628 0.1630658 0.0098283 0.0112536 0.0523535 0.0534467 0.0701246 0.1301901 0.2065629 0.0499353 0.0641389 0.0611045 0.0351741 0.0202236 0.1175319 0.0157770 0.0248806 0.0186948 0.0658116 0.1548368 0.0543141 0.0576611 
HQ015407.1_Salpa_maxima                  0.0531127 0.0069766 0.0000000 0.0268719 0.0142141 0.0809190 0.0517617 0.1127673 0.0000010 0.0055376 0.0113116 0.1295647 0.0173255 0.0517688 0.0663961 0.0268719 0.0445499 0.0449822 0.0654091 0.0141775 0.0041438 0.3227187 0.0141775 0.0157587 0.0695183 0.0517617 0.0731916 0.0157587 0.0511529 0.0269585 0.0714508 0.0517983 0.1565239 0.0055376 0.0041438 0.0517688 0.0530442 0.0698067 0.1316872 0.2004180 0.0443941 0.0654091 0.0623673 0.0286193 0.0156647 0.1127673 0.0113116 0.0201970 0.0141775 0.0672401 0.1491899 0.0537534 0.0553428 
D14366.1_Thalia_democratica              0.0557970 0.0318249 0.0268719 0.0000000 0.0302097 0.0957146 0.0619880 0.1308528 0.0268719 0.0267968 0.0334981 0.1349875 0.0237953 0.0619973 0.0821729 0.0000010 0.0443604 0.0492798 0.0787853 0.0334478 0.0283380 0.3376966 0.0334478 0.0221300 0.0909579 0.0619880 0.0790898 0.0221300 0.0514764 0.0000010 0.0813455 0.0578537 0.1622238 0.0267968 0.0283380 0.0619973 0.0557233 0.0835944 0.1371366 0.2111406 0.0442059 0.0787853 0.0815178 0.0055795 0.0317794 0.1308528 0.0334981 0.0402694 0.0334478 0.0811896 0.1659513 0.0641304 0.0464949 
HQ015392.1_Cyclosalpa_affinis            0.0465090 0.0187443 0.0142141 0.0302097 0.0000000 0.0859455 0.0556978 0.1188437 0.0142141 0.0142441 0.0202916 0.1293302 0.0173643 0.0557057 0.0688902 0.0302097 0.0479910 0.0398544 0.0679221 0.0027554 0.0156981 0.3461266 0.0027554 0.0157938 0.0758330 0.0556978 0.0738822 0.0157938 0.0445991 0.0303081 0.0740769 0.0557378 0.1636418 0.0142441 0.0156981 0.0557057 0.0464496 0.0724172 0.1314870 0.1955505 0.0478225 0.0679221 0.0647827 0.0352027 0.0013718 0.1188437 0.0202916 0.0113802 0.0027554 0.0739424 0.1546183 0.0577441 0.0614122 
AY903925.1_Halocynthia_igaboja           0.0982068 0.0775516 0.0809190 0.0957146 0.0859455 0.0000000 0.0596630 0.1123525 0.0809190 0.0811763 0.0905485 0.0738049 0.0853219 0.0559571 0.0460237 0.0957146 0.1065877 0.0609429 0.0404613 0.0859527 0.0869230 0.3129131 0.0859527 0.0827593 0.0458367 0.0596630 0.0854372 0.0827593 0.0976530 0.0960849 0.0441367 0.0552460 0.1565490 0.0811763 0.0869230 0.0559571 0.0980577 0.0440811 0.0755979 0.1748188 0.1061700 0.0404613 0.0463363 0.0973815 0.0858995 0.1123525 0.0905485 0.0927743 0.0840356 0.0417967 0.1349476 0.0617635 0.1028741 
FM244862.1_Pyrosoma_godeauxi             0.0691245 0.0522957 0.0517617 0.0619880 0.0556978 0.0596630 0.0000000 0.0942468 0.0517617 0.0519036 0.0598372 0.1126396 0.0515126 0.0027502 0.0378071 0.0619880 0.0734271 0.0463781 0.0366069 0.0593754 0.0570982 0.3085697 0.0593754 0.0535702 0.0450433 0.0000010 0.0606688 0.0535702 0.0711464 0.0622098 0.0386293 0.0144838 0.1665293 0.0519036 0.0570982 0.0027502 0.0690295 0.0420692 0.1146696 0.2002521 0.0731547 0.0383005 0.0399122 0.0679940 0.0574388 0.0942468 0.0598372 0.0652955 0.0558540 0.0418276 0.1421475 0.0013737 0.0743027 
HQ015376.1_Doliolum_denticulatum         0.1290511 0.1175319 0.1127673 0.1308528 0.1188437 0.1123525 0.0942468 0.0000000 0.1127673 0.1131434 0.1193134 0.1422462 0.1156306 0.0942633 0.0912797 0.1308528 0.1299222 0.1020683 0.1009966 0.1169052 0.1189808 0.3001712 0.1169052 0.1127842 0.1004039 0.0942468 0.1300047 0.1127842 0.1340040 0.1313520 0.1012746 0.0901693 0.2164081 0.1131434 0.1189808 0.0942633 0.1288509 0.1058747 0.1443476 0.2068554 0.1294006 0.1009966 0.0931491 0.1333914 0.1168366 0.0000010 0.1193134 0.1244750 0.1169052 0.1065480 0.1935756 0.0966588 0.1317148 
HQ015408.1_Salpa_maxima                  0.0531127 0.0069766 0.0000010 0.0268719 0.0142141 0.0809190 0.0517617 0.1127673 0.0000000 0.0055376 0.0113116 0.1295647 0.0173255 0.0517688 0.0663961 0.0268719 0.0445499 0.0449822 0.0654091 0.0141775 0.0041438 0.3227187 0.0141775 0.0157587 0.0695183 0.0517617 0.0731916 0.0157587 0.0511529 0.0269585 0.0714508 0.0517983 0.1565239 0.0055376 0.0041438 0.0517688 0.0530442 0.0698067 0.1316872 0.2004180 0.0443941 0.0654091 0.0623673 0.0286193 0.0156647 0.1127673 0.0113116 0.0201970 0.0141775 0.0672401 0.1491899 0.0537534 0.0553428 
HQ015406.1_Salpa_thompsoni               0.0513731 0.0098283 0.0055376 0.0267968 0.0142441 0.0811763 0.0519036 0.1131434 0.0055376 0.0000000 0.0098406 0.1204969 0.0172798 0.0519107 0.0665893 0.0267968 0.0444110 0.0449659 0.0656013 0.0142074 0.0041339 0.3273732 0.0142074 0.0157177 0.0734052 0.0519036 0.0713905 0.0157177 0.0494297 0.0268829 0.0716665 0.0519404 0.1515360 0.0000010 0.0041339 0.0519107 0.0513071 0.0700171 0.1226018 0.1926934 0.0442562 0.0656013 0.0625450 0.0316723 0.0156981 0.1131434 0.0098406 0.0202414 0.0113185 0.0674389 0.1442426 0.0539026 0.0533693 
HQ015404.1_Brooksia_rostrata             0.0535554 0.0157770 0.0113116 0.0334981 0.0202916 0.0905485 0.0598372 0.1193134 0.0113116 0.0098406 0.0000000 0.1337766 0.0235489 0.0598460 0.0750612 0.0334981 0.0500779 0.0525701 0.0741593 0.0202374 0.0112678 0.3354595 0.0202374 0.0219032 0.0822756 0.0598372 0.0801490 0.0219032 0.0515744 0.0336080 0.0804920 0.0598810 0.1636602 0.0098406 0.0112678 0.0598460 0.0534857 0.0788231 0.1359379 0.2089909 0.0499005 0.0741593 0.0708234 0.0385728 0.0217813 0.1193134 0.0000010 0.0280995 0.0202374 0.0760541 0.1582020 0.0619448 0.0571344 
AB921975.1_Molgula_manhattensis          0.1367478 0.1280581 0.1295647 0.1349875 0.1293302 0.0738049 0.1126396 0.1422462 0.1295647 0.1204969 0.1337766 0.0000000 0.1204359 0.1126628 0.0926196 0.1349875 0.1440825 0.0951342 0.0909633 0.1293382 0.1268643 0.3807534 0.1293382 0.1173108 0.0999266 0.1126396 0.1212370 0.1173108 0.1308827 0.1355362 0.0998141 0.0961037 0.1842207 0.1204969 0.1268643 0.1126628 0.1365178 0.0950204 0.0013729 0.1750233 0.1434712 0.0909633 0.1012588 0.1312543 0.1292572 0.1422462 0.1337766 0.1306960 0.1272070 0.0958814 0.1534566 0.1154468 0.1441685 
HQ015399.1_Iasis_cylindrica              0.0479953 0.0250079 0.0173255 0.0237953 0.0173643 0.0853219 0.0515126 0.1156306 0.0173255 0.0172798 0.0235489 0.1204359 0.0000000 0.0515196 0.0725625 0.0237953 0.0483662 0.0398983 0.0716386 0.0203882 0.0158036 0.3503430 0.0203882 0.0013789 0.0716915 0.0515126 0.0794407 0.0013789 0.0460815 0.0238718 0.0777877 0.0557767 0.1580960 0.0172798 0.0158036 0.0515196 0.0479341 0.0762068 0.1225402 0.1846781 0.0481951 0.0716386 0.0663829 0.0255078 0.0188473 0.1156306 0.0235489 0.0266880 0.0203882 0.0776441 0.1418858 0.0534925 0.0515766 
HQ015382.1_Pyrosomella_verticillata      0.0691353 0.0523535 0.0517688 0.0619973 0.0557057 0.0559571 0.0027502 0.0942633 0.0517688 0.0519107 0.0598460 0.1126628 0.0515196 0.0000000 0.0411043 0.0619973 0.0734390 0.0463843 0.0399292 0.0593840 0.0571063 0.3086830 0.0593840 0.0535777 0.0484791 0.0027502 0.0606777 0.0535777 0.0711577 0.0622192 0.0420104 0.0144852 0.1665722 0.0519107 0.0571063 0.0000010 0.0690403 0.0455014 0.1146935 0.2003097 0.0731664 0.0416484 0.0432761 0.0680047 0.0574470 0.0942633 0.0598460 0.0653054 0.0558620 0.0452343 0.1421810 0.0041486 0.0743149 
AJ250778.1_Ciona_intestinalis            0.0879916 0.0631181 0.0663961 0.0821729 0.0688902 0.0460237 0.0378071 0.0912797 0.0663961 0.0665893 0.0750612 0.0926196 0.0725625 0.0411043 0.0000000 0.0821729 0.0919663 0.0550990 0.0144504 0.0690943 0.0719578 0.2828686 0.0690943 0.0702448 0.0252674 0.0378071 0.0682900 0.0702448 0.0885750 0.0824761 0.0236020 0.0417219 0.1545201 0.0665893 0.0719578 0.0411043 0.0878664 0.0235717 0.0945801 0.1613772 0.0916170 0.0144504 0.0173829 0.0837119 0.0670725 0.0912797 0.0750612 0.0733329 0.0690943 0.0268437 0.1317861 0.0395700 0.0968651 
HQ015414.1_Thalia_democratica            0.0557970 0.0318249 0.0268719 0.0000010 0.0302097 0.0957146 0.0619880 0.1308528 0.0268719 0.0267968 0.0334981 0.1349875 0.0237953 0.0619973 0.0821729 0.0000000 0.0443604 0.0492798 0.0787853 0.0334478 0.0283380 0.3376966 0.0334478 0.0221300 0.0909579 0.0619880 0.0790898 0.0221300 0.0514764 0.0000010 0.0813455 0.0578537 0.1622238 0.0267968 0.0283380 0.0619973 0.0557233 0.0835944 0.1371366 0.2111406 0.0442059 0.0787853 0.0815178 0.0055795 0.0317794 0.1308528 0.0334981 0.0402694 0.0334478 0.0811896 0.1659513 0.0641304 0.0464949 
HQ015378.1_Ihlea_racovitzai              0.0704613 0.0501129 0.0445499 0.0443604 0.0479910 0.1065877 0.0734271 0.1299222 0.0445499 0.0444110 0.0500779 0.1440825 0.0483662 0.0734390 0.0919663 0.0443604 0.0000000 0.0576884 0.0826181 0.0478395 0.0460818 0.3567961 0.0478395 0.0463483 0.0907958 0.0734271 0.0821553 0.0463483 0.0752822 0.0445113 0.0908019 0.0601559 0.1877604 0.0444110 0.0460818 0.0734390 0.0703650 0.0873879 0.1462818 0.2198165 0.0000010 0.0826181 0.0924062 0.0497962 0.0496812 0.1299222 0.0500779 0.0595536 0.0478395 0.0862703 0.1821508 0.0756942 0.0320526 
HQ015390.1_Thetys_vagina                 0.0429409 0.0501627 0.0449822 0.0492798 0.0398544 0.0609429 0.0463781 0.1020683 0.0449822 0.0449659 0.0525701 0.0951342 0.0398983 0.0463843 0.0550990 0.0492798 0.0576884 0.0000000 0.0470443 0.0397963 0.0449481 0.3040246 0.0397963 0.0379727 0.0510035 0.0463781 0.0282946 0.0379727 0.0491538 0.0494534 0.0456169 0.0316938 0.1625622 0.0449659 0.0449481 0.0463843 0.0428868 0.0422914 0.0970647 0.1752637 0.0574807 0.0470443 0.0529678 0.0473498 0.0397963 0.1020683 0.0525701 0.0432300 0.0398544 0.0437729 0.1321962 0.0483071 0.0523239 
AB075543.1_Megalodicopia_hians           0.0815517 0.0641389 0.0654091 0.0787853 0.0679221 0.0404613 0.0366069 0.1009966 0.0654091 0.0656013 0.0741593 0.0909633 0.0716386 0.0399292 0.0144504 0.0787853 0.0826181 0.0470443 0.0000000 0.0699406 0.0710343 0.2995177 0.0699406 0.0692996 0.0157517 0.0366069 0.0668588 0.0692996 0.0856715 0.0790772 0.0142183 0.0312288 0.1549470 0.0656013 0.0710343 0.0399292 0.0814380 0.0142000 0.0928838 0.1731156 0.0823114 0.0027626 0.0175308 0.0803402 0.0678871 0.1009966 0.0741593 0.0762160 0.0681254 0.0187526 0.1315020 0.0383793 0.0896276 
HQ015394.1_Cyclosalpa_polae              0.0500590 0.0186948 0.0141775 0.0334478 0.0027554 0.0859527 0.0593754 0.1169052 0.0141775 0.0142074 0.0202374 0.1293382 0.0203882 0.0593840 0.0690943 0.0334478 0.0478395 0.0397963 0.0699406 0.0000000 0.0156574 0.3461181 0.0000010 0.0187843 0.0779147 0.0593754 0.0716861 0.0187843 0.0481113 0.0335573 0.0761504 0.0576361 0.1629422 0.0142074 0.0156574 0.0593840 0.0499943 0.0744881 0.1314950 0.1978583 0.0476721 0.0699406 0.0649707 0.0385147 0.0013745 0.1169052 0.0202374 0.0084770 0.0027488 0.0718100 0.1516841 0.0614619 0.0593615 
HQ015410.1_Ritteriella_retracta          0.0530732 0.0112536 0.0041438 0.0283380 0.0156981 0.0869230 0.0570982 0.1189808 0.0041438 0.0041339 0.0112678 0.1268643 0.0158036 0.0571063 0.0719578 0.0283380 0.0460818 0.0449481 0.0710343 0.0156574 0.0000000 0.3269713 0.0156574 0.0142562 0.0752366 0.0570982 0.0768810 0.0142562 0.0511150 0.0284291 0.0771943 0.0571391 0.1580051 0.0041339 0.0000010 0.0571063 0.0530049 0.0718484 0.1289753 0.1947022 0.0459211 0.0710343 0.0678388 0.0300966 0.0171572 0.1189808 0.0112678 0.0217272 0.0156574 0.0692414 0.1420609 0.0591441 0.0550830 
M97574.1_Myxine_glutinosa                0.3705073 0.3354880 0.3227187 0.3376966 0.3461266 0.3129131 0.3085697 0.3001712 0.3227187 0.3273732 0.3354595 0.3807534 0.3503430 0.3086830 0.2828686 0.3376966 0.3567961 0.3040246 0.2995177 0.3461181 0.3269713 0.0000000 0.3461181 0.3470949 0.2959786 0.3085697 0.3493047 0.3470949 0.3830781 0.3394051 0.2965230 0.2934604 0.4806614 0.3273732 0.3269713 0.3086830 0.3696261 0.2980910 0.3840994 0.3379540 0.3596823 0.2995177 0.3135444 0.3438226 0.3459393 0.3001712 0.3354595 0.3566508 0.3431141 0.2949069 0.2550611 0.3142388 0.3686465 
HQ015395.1_Cyclosalpa_sewelli            0.0500590 0.0186948 0.0141775 0.0334478 0.0027554 0.0859527 0.0593754 0.1169052 0.0141775 0.0142074 0.0202374 0.1293382 0.0203882 0.0593840 0.0690943 0.0334478 0.0478395 0.0397963 0.0699406 0.0000010 0.0156574 0.3461181 0.0000000 0.0187843 0.0779147 0.0593754 0.0716861 0.0187843 0.0481113 0.0335573 0.0761504 0.0576361 0.1629422 0.0142074 0.0156574 0.0593840 0.0499943 0.0744881 0.1314950 0.1978583 0.0476721 0.0699406 0.0649707 0.0385147 0.0013745 0.1169052 0.0202374 0.0084770 0.0027488 0.0718100 0.1516841 0.0614619 0.0593615 
HQ015402.1_Iasis_cylindrica              0.0459959 0.0233520 0.0157587 0.0221300 0.0157938 0.0827593 0.0535702 0.1127842 0.0157587 0.0157177 0.0219032 0.1173108 0.0013789 0.0535777 0.0702448 0.0221300 0.0463483 0.0379727 0.0692996 0.0187843 0.0142562 0.3470949 0.0187843 0.0000000 0.0693484 0.0535702 0.0770103 0.0000010 0.0441127 0.0222006 0.0753634 0.0536595 0.1545792 0.0157177 0.0142562 0.0535777 0.0459379 0.0737892 0.1193936 0.1806503 0.0461856 0.0692996 0.0641563 0.0238125 0.0172624 0.1127842 0.0219032 0.0250055 0.0187843 0.0752268 0.1452769 0.0555823 0.0495345 
L12378.2_Ascidia_ceratodes               0.0880759 0.0677341 0.0695183 0.0909579 0.0758330 0.0458367 0.0450433 0.1004039 0.0695183 0.0734052 0.0822756 0.0999266 0.0716915 0.0484791 0.0252674 0.0909579 0.0907958 0.0510035 0.0157517 0.0779147 0.0752366 0.2959786 0.0779147 0.0693484 0.0000000 0.0450433 0.0693320 0.0693484 0.0924714 0.0912987 0.0217201 0.0376768 0.1655111 0.0734052 0.0752366 0.0484791 0.0879504 0.0217992 0.1018874 0.1644905 0.0904553 0.0157517 0.0287079 0.0915685 0.0757936 0.1004039 0.0822756 0.0843939 0.0760670 0.0264464 0.1317092 0.0469054 0.0980663 
HQ015385.1_Pyrosoma_atlanticum           0.0691245 0.0522957 0.0517617 0.0619880 0.0556978 0.0596630 0.0000010 0.0942468 0.0517617 0.0519036 0.0598372 0.1126396 0.0515126 0.0027502 0.0378071 0.0619880 0.0734271 0.0463781 0.0366069 0.0593754 0.0570982 0.3085697 0.0593754 0.0535702 0.0450433 0.0000000 0.0606688 0.0535702 0.0711464 0.0622098 0.0386293 0.0144838 0.1665293 0.0519036 0.0570982 0.0027502 0.0690295 0.0420692 0.1146696 0.2002521 0.0731547 0.0383005 0.0399122 0.0679940 0.0574388 0.0942468 0.0598372 0.0652955 0.0558540 0.0418276 0.1421475 0.0013737 0.0743027 
HQ015389.1_Soestia_zonaria               0.0803047 0.0716619 0.0731916 0.0790898 0.0738822 0.0854372 0.0606688 0.1300047 0.0731916 0.0713905 0.0801490 0.1212370 0.0794407 0.0606777 0.0682900 0.0790898 0.0821553 0.0282946 0.0668588 0.0716861 0.0768810 0.3493047 0.0716861 0.0770103 0.0693320 0.0606688 0.0000000 0.0770103 0.0832040 0.0793765 0.0637413 0.0480526 0.1825541 0.0713905 0.0768810 0.0606777 0.0801923 0.0635078 0.1232423 0.2040186 0.0818523 0.0668588 0.0738493 0.0806099 0.0737732 0.1300047 0.0801490 0.0760079 0.0699394 0.0614435 0.1616639 0.0627481 0.0777340 
HQ015400.1_Iasis_cylindrica              0.0459959 0.0233520 0.0157587 0.0221300 0.0157938 0.0827593 0.0535702 0.1127842 0.0157587 0.0157177 0.0219032 0.1173108 0.0013789 0.0535777 0.0702448 0.0221300 0.0463483 0.0379727 0.0692996 0.0187843 0.0142562 0.3470949 0.0187843 0.0000010 0.0693484 0.0535702 0.0770103 0.0000000 0.0441127 0.0222006 0.0753634 0.0536595 0.1545792 0.0157177 0.0142562 0.0535777 0.0459379 0.0737892 0.1193936 0.1806503 0.0461856 0.0692996 0.0641563 0.0238125 0.0172624 0.1127842 0.0219032 0.0250055 0.0187843 0.0752268 0.1452769 0.0555823 0.0495345 
HQ015386.1_Pegea_confoederata            0.0070457 0.0515378 0.0511529 0.0514764 0.0445991 0.0976530 0.0711464 0.1340040 0.0511529 0.0494297 0.0515744 0.1308827 0.0460815 0.0711577 0.0885750 0.0514764 0.0752822 0.0491538 0.0856715 0.0481113 0.0511150 0.3830781 0.0481113 0.0441127 0.0924714 0.0711464 0.0832040 0.0441127 0.0000000 0.0516536 0.0884638 0.0710809 0.1841651 0.0494297 0.0511150 0.0711577 0.0070382 0.0906591 0.1329956 0.2078708 0.0750028 0.0856715 0.0857036 0.0492876 0.0462790 0.1340040 0.0515744 0.0575677 0.0481113 0.0882903 0.1754127 0.0733781 0.0698319 
HQ015413.1_Thalia_democratica            0.0559930 0.0319288 0.0269585 0.0000010 0.0303081 0.0960849 0.0622098 0.1313520 0.0269585 0.0268829 0.0336080 0.1355362 0.0238718 0.0622192 0.0824761 0.0000010 0.0445113 0.0494534 0.0790772 0.0335573 0.0284291 0.3394051 0.0335573 0.0222006 0.0912987 0.0622098 0.0793765 0.0222006 0.0516536 0.0000000 0.0816499 0.0580581 0.1628799 0.0268829 0.0284291 0.0622192 0.0559188 0.0839097 0.1376938 0.2120649 0.0443558 0.0790772 0.0818158 0.0055964 0.0318830 0.1313520 0.0336080 0.0404034 0.0335573 0.0814927 0.1666417 0.0643615 0.0466548 
FM244841.1_Pycnoclavella_aff._detorta    0.0823796 0.0700246 0.0714508 0.0813455 0.0740769 0.0441367 0.0386293 0.1012746 0.0714508 0.0716665 0.0804920 0.0998141 0.0777877 0.0420104 0.0236020 0.0813455 0.0908019 0.0456169 0.0142183 0.0761504 0.0771943 0.2965230 0.0761504 0.0753634 0.0217201 0.0386293 0.0637413 0.0753634 0.0884638 0.0816499 0.0000000 0.0346223 0.1672069 0.0716665 0.0771943 0.0420104 0.0822633 0.0157533 0.1017703 0.1711424 0.0904615 0.0142183 0.0285531 0.0829086 0.0740385 0.1012746 0.0804920 0.0826027 0.0743047 0.0098927 0.1278043 0.0404398 0.0904919 
HQ015379.1_Pyrostremma_spinosum          0.0640143 0.0540628 0.0517983 0.0578537 0.0557378 0.0552460 0.0144838 0.0901693 0.0517983 0.0519404 0.0598810 0.0961037 0.0557767 0.0144852 0.0417219 0.0578537 0.0601559 0.0316938 0.0312288 0.0576361 0.0571391 0.2934604 0.0576361 0.0536595 0.0376768 0.0144838 0.0480526 0.0536595 0.0710809 0.0580581 0.0346223 0.0000000 0.1595108 0.0519404 0.0571391 0.0144852 0.0639293 0.0347630 0.0980196 0.1895825 0.0599426 0.0312288 0.0455877 0.0637178 0.0557098 0.0901693 0.0598810 0.0635255 0.0558943 0.0377280 0.1298279 0.0160297 0.0610138 
AB013014.1_Oikopleura_dioica             0.1889812 0.1630658 0.1565239 0.1622238 0.1636418 0.1565490 0.1665293 0.2164081 0.1565239 0.1515360 0.1636602 0.1842207 0.1580960 0.1665722 0.1545201 0.1622238 0.1877604 0.1625622 0.1549470 0.1629422 0.1580051 0.4806614 0.1629422 0.1545792 0.1655111 0.1665293 0.1825541 0.1545792 0.1841651 0.1628799 0.1672069 0.1595108 0.0000000 0.1515360 0.1580051 0.1665722 0.1886319 0.1714167 0.1864887 0.2473327 0.1869510 0.1492985 0.1618715 0.1709166 0.1658320 0.2164081 0.1636602 0.1671369 0.1585282 0.1538303 0.2365853 0.1700302 0.2115557 
FM244867.1_Salpa_thompsoni               0.0513731 0.0098283 0.0055376 0.0267968 0.0142441 0.0811763 0.0519036 0.1131434 0.0055376 0.0000010 0.0098406 0.1204969 0.0172798 0.0519107 0.0665893 0.0267968 0.0444110 0.0449659 0.0656013 0.0142074 0.0041339 0.3273732 0.0142074 0.0157177 0.0734052 0.0519036 0.0713905 0.0157177 0.0494297 0.0268829 0.0716665 0.0519404 0.1515360 0.0000000 0.0041339 0.0519107 0.0513071 0.0700171 0.1226018 0.1926934 0.0442562 0.0656013 0.0625450 0.0316723 0.0156981 0.1131434 0.0098406 0.0202414 0.0113185 0.0674389 0.1442426 0.0539026 0.0533693 
HQ015411.1_Ritteriella_retracta          0.0530732 0.0112536 0.0041438 0.0283380 0.0156981 0.0869230 0.0570982 0.1189808 0.0041438 0.0041339 0.0112678 0.1268643 0.0158036 0.0571063 0.0719578 0.0283380 0.0460818 0.0449481 0.0710343 0.0156574 0.0000010 0.3269713 0.0156574 0.0142562 0.0752366 0.0570982 0.0768810 0.0142562 0.0511150 0.0284291 0.0771943 0.0571391 0.1580051 0.0041339 0.0000000 0.0571063 0.0530049 0.0718484 0.1289753 0.1947022 0.0459211 0.0710343 0.0678388 0.0300966 0.0171572 0.1189808 0.0112678 0.0217272 0.0156574 0.0692414 0.1420609 0.0591441 0.0550830 
HQ015381.1_Pyrosoma_atlanticum           0.0691353 0.0523535 0.0517688 0.0619973 0.0557057 0.0559571 0.0027502 0.0942633 0.0517688 0.0519107 0.0598460 0.1126628 0.0515196 0.0000010 0.0411043 0.0619973 0.0734390 0.0463843 0.0399292 0.0593840 0.0571063 0.3086830 0.0593840 0.0535777 0.0484791 0.0027502 0.0606777 0.0535777 0.0711577 0.0622192 0.0420104 0.0144852 0.1665722 0.0519107 0.0571063 0.0000000 0.0690403 0.0455014 0.1146935 0.2003097 0.0731664 0.0416484 0.0432761 0.0680047 0.0574470 0.0942633 0.0598460 0.0653054 0.0558620 0.0452343 0.1421810 0.0041486 0.0743149 
HQ015387.1_Pegea_confoederata            0.0000010 0.0534467 0.0530442 0.0557233 0.0464496 0.0980577 0.0690295 0.1288509 0.0530442 0.0513071 0.0534857 0.1365178 0.0479341 0.0690403 0.0878664 0.0557233 0.0703650 0.0428868 0.0814380 0.0499943 0.0530049 0.3696261 0.0499943 0.0459379 0.0879504 0.0690295 0.0801923 0.0459379 0.0070382 0.0559188 0.0822633 0.0639293 0.1886319 0.0513071 0.0530049 0.0690403 0.0000000 0.0843590 0.1386604 0.2127168 0.0701089 0.0814380 0.0850127 0.0534394 0.0481421 0.1288509 0.0534857 0.0595558 0.0499943 0.0821106 0.1699244 0.0712328 0.0694470 
AB104873.1_Perophora_sagamiensis         0.0844789 0.0701246 0.0698067 0.0835944 0.0724172 0.0440811 0.0420692 0.1058747 0.0698067 0.0700171 0.0788231 0.0950204 0.0762068 0.0455014 0.0235717 0.0835944 0.0873879 0.0422914 0.0142000 0.0744881 0.0718484 0.2980910 0.0744881 0.0737892 0.0217992 0.0420692 0.0635078 0.0737892 0.0906591 0.0839097 0.0157533 0.0347630 0.1714167 0.0700171 0.0718484 0.0455014 0.0843590 0.0000000 0.0969523 0.1771659 0.0870589 0.0142000 0.0269504 0.0851586 0.0723794 0.1058747 0.0788231 0.0809324 0.0726396 0.0173650 0.1260099 0.0439189 0.0946099 
L12426.2_Molgula_manhattensis            0.1388943 0.1301901 0.1316872 0.1371366 0.1314870 0.0755979 0.1146696 0.1443476 0.1316872 0.1226018 0.1359379 0.0013729 0.1225402 0.1146935 0.0945801 0.1371366 0.1462818 0.0970647 0.0928838 0.1314950 0.1289753 0.3840994 0.1314950 0.1193936 0.1018874 0.1146696 0.1232423 0.1193936 0.1329956 0.1376938 0.1017703 0.0980196 0.1864887 0.1226018 0.1289753 0.1146935 0.1386604 0.0969523 0.0000000 0.1772637 0.1456615 0.0928838 0.1032467 0.1333740 0.1314130 0.1443476 0.1359379 0.1328783 0.1293625 0.0977904 0.1556680 0.1174954 0.1463331 
M97571.1_Branchiostoma_floridae          0.2131262 0.2065629 0.2004180 0.2111406 0.1955505 0.1748188 0.2002521 0.2068554 0.2004180 0.1926934 0.2089909 0.1750233 0.1846781 0.2003097 0.1613772 0.2111406 0.2198165 0.1752637 0.1731156 0.1978583 0.1947022 0.3379540 0.1978583 0.1806503 0.1644905 0.2002521 0.2040186 0.1806503 0.2078708 0.2120649 0.1711424 0.1895825 0.2473327 0.1926934 0.1947022 0.2003097 0.2127168 0.1771659 0.1772637 0.0000000 0.2222613 0.1731156 0.1780929 0.2033103 0.1979113 0.2068554 0.2089909 0.2048254 0.1930742 0.1579857 0.1773275 0.2042135 0.2406057 
FM244865.1_Ihlea_racovitzai              0.0702045 0.0499353 0.0443941 0.0442059 0.0478225 0.1061700 0.0731547 0.1294006 0.0443941 0.0442562 0.0499005 0.1434712 0.0481951 0.0731664 0.0916170 0.0442059 0.0000010 0.0574807 0.0823114 0.0476721 0.0459211 0.3596823 0.0476721 0.0461856 0.0904553 0.0731547 0.0818523 0.0461856 0.0750028 0.0443558 0.0904615 0.0599426 0.1869510 0.0442562 0.0459211 0.0731664 0.0701089 0.0870589 0.1456615 0.2222613 0.0000000 0.0823114 0.0920536 0.0496208 0.0495066 0.1294006 0.0499005 0.0593383 0.0476721 0.0859502 0.1813739 0.0754114 0.0319447 
AF165821.2_Chelyosoma_siboja             0.0815517 0.0641389 0.0654091 0.0787853 0.0679221 0.0404613 0.0383005 0.1009966 0.0654091 0.0656013 0.0741593 0.0909633 0.0716386 0.0416484 0.0144504 0.0787853 0.0826181 0.0470443 0.0027626 0.0699406 0.0710343 0.2995177 0.0699406 0.0692996 0.0157517 0.0383005 0.0668588 0.0692996 0.0856715 0.0790772 0.0142183 0.0312288 0.1492985 0.0656013 0.0710343 0.0416484 0.0814380 0.0142000 0.0928838 0.1731156 0.0823114 0.0000000 0.0175308 0.0803402 0.0678871 0.1009966 0.0741593 0.0762160 0.0681254 0.0187526 0.1315020 0.0400921 0.0896276 
AB013017.1_Ciona_intestinalis            0.0851346 0.0611045 0.0623673 0.0815178 0.0647827 0.0463363 0.0399122 0.0931491 0.0623673 0.0625450 0.0708234 0.1012588 0.0663829 0.0432761 0.0173829 0.0815178 0.0924062 0.0529678 0.0175308 0.0649707 0.0678388 0.3135444 0.0649707 0.0641563 0.0287079 0.0399122 0.0738493 0.0641563 0.0857036 0.0818158 0.0285531 0.0455877 0.1618715 0.0625450 0.0678388 0.0432761 0.0850127 0.0269504 0.1032467 0.1780929 0.0920536 0.0175308 0.0000000 0.0830443 0.0629915 0.0931491 0.0708234 0.0710175 0.0649707 0.0335687 0.1449524 0.0417179 0.0921932 
HQ015412.1_Thalia_orientalis             0.0535090 0.0351741 0.0286193 0.0055795 0.0352027 0.0973815 0.0679940 0.1333914 0.0286193 0.0316723 0.0385728 0.1312543 0.0255078 0.0680047 0.0837119 0.0055795 0.0497962 0.0473498 0.0803402 0.0385147 0.0300966 0.3438226 0.0385147 0.0238125 0.0915685 0.0679940 0.0806099 0.0238125 0.0492876 0.0055964 0.0829086 0.0637178 0.1709166 0.0316723 0.0300966 0.0680047 0.0534394 0.0851586 0.1333740 0.2033103 0.0496208 0.0803402 0.0830443 0.0000000 0.0368009 0.1333914 0.0385728 0.0455211 0.0385147 0.0827493 0.1643913 0.0702138 0.0520258 
HQ015391.1_Cyclosalpa_affinis            0.0482039 0.0202236 0.0156647 0.0317794 0.0013718 0.0858995 0.0574388 0.1168366 0.0156647 0.0156981 0.0217813 0.1292572 0.0188473 0.0574470 0.0670725 0.0317794 0.0496812 0.0397963 0.0678871 0.0013745 0.0171572 0.3459393 0.0013745 0.0172624 0.0757936 0.0574388 0.0737732 0.0172624 0.0462790 0.0318830 0.0740385 0.0557098 0.1658320 0.0156981 0.0171572 0.0574470 0.0481421 0.0723794 0.1314130 0.1979113 0.0495066 0.0678871 0.0629915 0.0368009 0.0000000 0.1168366 0.0217813 0.0099344 0.0041410 0.0739041 0.1545325 0.0595007 0.0613224 
FM244861.1_Doliolum_denticulatum         0.1290511 0.1175319 0.1127673 0.1308528 0.1188437 0.1123525 0.0942468 0.0000010 0.1127673 0.1131434 0.1193134 0.1422462 0.1156306 0.0942633 0.0912797 0.1308528 0.1299222 0.1020683 0.1009966 0.1169052 0.1189808 0.3001712 0.1169052 0.1127842 0.1004039 0.0942468 0.1300047 0.1127842 0.1340040 0.1313520 0.1012746 0.0901693 0.2164081 0.1131434 0.1189808 0.0942633 0.1288509 0.1058747 0.1443476 0.2068554 0.1294006 0.1009966 0.0931491 0.1333914 0.1168366 0.0000000 0.1193134 0.1244750 0.1169052 0.1065480 0.1935756 0.0966588 0.1317148 
HQ015403.1_Brooksia_rostrata             0.0535554 0.0157770 0.0113116 0.0334981 0.0202916 0.0905485 0.0598372 0.1193134 0.0113116 0.0098406 0.0000010 0.1337766 0.0235489 0.0598460 0.0750612 0.0334981 0.0500779 0.0525701 0.0741593 0.0202374 0.0112678 0.3354595 0.0202374 0.0219032 0.0822756 0.0598372 0.0801490 0.0219032 0.0515744 0.0336080 0.0804920 0.0598810 0.1636602 0.0098406 0.0112678 0.0598460 0.0534857 0.0788231 0.1359379 0.2089909 0.0499005 0.0741593 0.0708234 0.0385728 0.0217813 0.1193134 0.0000000 0.0280995 0.0202374 0.0760541 0.1582020 0.0619448 0.0571344 
FM244864.1_Cyclosalpa_quadriluminis      0.0596356 0.0248806 0.0201970 0.0402694 0.0113802 0.0927743 0.0652955 0.1244750 0.0201970 0.0202414 0.0280995 0.1306960 0.0266880 0.0653054 0.0733329 0.0402694 0.0595536 0.0432300 0.0762160 0.0084770 0.0217272 0.3566508 0.0084770 0.0250055 0.0843939 0.0652955 0.0760079 0.0250055 0.0575677 0.0404034 0.0826027 0.0635255 0.1671369 0.0202414 0.0217272 0.0653054 0.0595558 0.0809324 0.1328783 0.2048254 0.0593383 0.0762160 0.0710175 0.0455211 0.0099344 0.1244750 0.0280995 0.0000000 0.0113512 0.0781212 0.1576443 0.0674572 0.0672725 
HQ015393.1_Cyclosalpa_floridana          0.0500590 0.0186948 0.0141775 0.0334478 0.0027554 0.0840356 0.0558540 0.1169052 0.0141775 0.0113185 0.0202374 0.1272070 0.0203882 0.0558620 0.0690943 0.0334478 0.0478395 0.0398544 0.0681254 0.0027488 0.0156574 0.3431141 0.0027488 0.0187843 0.0760670 0.0558540 0.0699394 0.0187843 0.0481113 0.0335573 0.0743047 0.0558943 0.1585282 0.0113185 0.0156574 0.0558620 0.0499943 0.0726396 0.1293625 0.1930742 0.0476721 0.0681254 0.0649707 0.0385147 0.0041410 0.1169052 0.0202374 0.0113512 0.0000000 0.0699904 0.1495317 0.0579082 0.0612060 
FM244840.1_Clavelina_meridionalis        0.0822263 0.0658116 0.0672401 0.0811896 0.0739424 0.0417967 0.0418276 0.1065480 0.0672401 0.0674389 0.0760541 0.0958814 0.0776441 0.0452343 0.0268437 0.0811896 0.0862703 0.0437729 0.0187526 0.0718100 0.0692414 0.2949069 0.0718100 0.0752268 0.0264464 0.0418276 0.0614435 0.0752268 0.0882903 0.0814927 0.0098927 0.0377280 0.1538303 0.0674389 0.0692414 0.0452343 0.0821106 0.0173650 0.0977904 0.1579857 0.0859502 0.0187526 0.0335687 0.0827493 0.0739041 0.1065480 0.0760541 0.0781212 0.0699904 0.0000000 0.1200834 0.0436628 0.0916286 
M91181.1_Echinorhinus_cookei             0.1702261 0.1548368 0.1491899 0.1659513 0.1546183 0.1349476 0.1421475 0.1935756 0.1491899 0.1442426 0.1582020 0.1534566 0.1418858 0.1421810 0.1317861 0.1659513 0.1821508 0.1321962 0.1315020 0.1516841 0.1420609 0.2550611 0.1516841 0.1452769 0.1317092 0.1421475 0.1616639 0.1452769 0.1754127 0.1666417 0.1278043 0.1298279 0.2365853 0.1442426 0.1420609 0.1421810 0.1699244 0.1260099 0.1556680 0.1773275 0.1813739 0.1315020 0.1449524 0.1643913 0.1545325 0.1935756 0.1582020 0.1576443 0.1495317 0.1200834 0.0000000 0.1453423 0.1741546 
AB013011.1_Pyrosoma_atlanticum           0.0713318 0.0543141 0.0537534 0.0641304 0.0577441 0.0617635 0.0013737 0.0966588 0.0537534 0.0539026 0.0619448 0.1154468 0.0534925 0.0041486 0.0395700 0.0641304 0.0756942 0.0483071 0.0383793 0.0614619 0.0591441 0.3142388 0.0614619 0.0555823 0.0469054 0.0013737 0.0627481 0.0555823 0.0733781 0.0643615 0.0404398 0.0160297 0.1700302 0.0539026 0.0591441 0.0041486 0.0712328 0.0439189 0.1174954 0.2042135 0.0754114 0.0400921 0.0417179 0.0702138 0.0595007 0.0966588 0.0619448 0.0674572 0.0579082 0.0436628 0.1453423 0.0000000 0.0766065 
HQ015377.1_Salpidae_gen._nov._sp._nov._A 0.0695432 0.0576611 0.0553428 0.0464949 0.0614122 0.1028741 0.0743027 0.1317148 0.0553428 0.0533693 0.0571344 0.1441685 0.0515766 0.0743149 0.0968651 0.0464949 0.0320526 0.0523239 0.0896276 0.0593615 0.0550830 0.3686465 0.0593615 0.0495345 0.0980663 0.0743027 0.0777340 0.0495345 0.0698319 0.0466548 0.0904919 0.0610138 0.2115557 0.0533693 0.0550830 0.0743149 0.0694470 0.0946099 0.1463331 0.2406057 0.0319447 0.0896276 0.0921932 0.0520258 0.0613224 0.1317148 0.0571344 0.0672725 0.0612060 0.0916286 0.1741546 0.0766065 0.0000000 
