66
AB013011.1_Pyrosoma_atlanticum           0.0000000 0.1613393 0.0792851 0.1497913 0.1640750 0.0071529 0.0065103 0.1180550 0.1547772 0.1040288 0.1179290 0.0053542 0.1641725 0.2510691 0.2425066 0.4514659 0.2740375 0.3004741 0.1517656 0.1745996 0.0794309 0.0708397 0.0720968 0.1089429 0.0612247 0.0687359 0.0711503 0.1268952 0.1477120 0.1406119 0.1388721 0.1563917 0.1128063 0.1136341 0.1206850 0.1201957 0.1261776 0.1208736 0.1264984 0.1260627 0.0995799 0.1067636 0.1086838 0.1054285 0.1173290 0.1140934 0.1169584 0.1177334 0.1182438 0.1077832 0.1077136 0.1069479 0.1032199 0.1427305 0.1380130 0.1421489 0.1387241 0.0042797 0.0066454 0.0041307 0.0052670 0.0053352 0.0053542 0.0337351 0.1637646 0.1562305 
AB013012.1_Doliolum_nationalis           0.1613393 0.0000000 0.1466075 0.2149932 0.0000010 0.1474407 0.1589412 0.1807879 0.2028856 0.1749042 0.1843891 0.1573293 0.2188379 0.2760141 0.3158593 0.4826825 0.3074255 0.3578268 0.2268843 0.2176558 0.1609367 0.1509234 0.1495979 0.1605628 0.1509514 0.1558750 0.1440255 0.1816294 0.1996411 0.1920253 0.1963779 0.2077626 0.1870037 0.1891574 0.1897494 0.1876204 0.1836723 0.1985426 0.1967807 0.1960497 0.1610121 0.1849740 0.1796762 0.1819639 0.1792745 0.1710535 0.1799208 0.1799381 0.1726896 0.1778177 0.1822773 0.1776347 0.1741788 0.2000908 0.1974123 0.1997278 0.2008167 0.1608310 0.1658766 0.1561472 0.1548222 0.1565455 0.1573293 0.1455711 0.2135442 0.0000010 
AB013017.1_Ciona_intestinalis            0.0792851 0.1466075 0.0000000 0.1574986 0.1463752 0.0670966 0.0763641 0.1188316 0.1503862 0.1272154 0.1266677 0.0754151 0.1670584 0.2009276 0.2277997 0.4492239 0.2603706 0.2944493 0.1309437 0.1425312 0.0652828 0.0593575 0.0614014 0.0772096 0.0346092 0.0542753 0.0555209 0.1262709 0.1559267 0.1487430 0.1490674 0.1608436 0.1282923 0.1292803 0.1242802 0.1250135 0.1233793 0.1290490 0.1358478 0.1353768 0.1166999 0.1224069 0.1196452 0.1238375 0.1193369 0.1183793 0.1189415 0.1197348 0.1168837 0.1164355 0.1240900 0.1194081 0.1121907 0.1315319 0.1414817 0.1446522 0.1433603 0.0728269 0.0782787 0.0742277 0.0748629 0.0760540 0.0754151 0.0677788 0.1603920 0.1414279 
D14366.1_Thalia_democratica              0.1497913 0.2149932 0.1574986 0.0000000 0.2148060 0.1367771 0.1445869 0.0826977 0.1295569 0.0671097 0.0794227 0.1428895 0.1257378 0.2989396 0.3180004 0.5088063 0.3721623 0.3333923 0.2242356 0.2223137 0.1548222 0.1496905 0.1675399 0.1863193 0.1473094 0.1612787 0.1599085 0.0794227 0.0074191 0.0074191 0.0055638 0.0449442 0.0739402 0.0731148 0.0805867 0.0805867 0.0816058 0.0834894 0.0782132 0.0782132 0.0628821 0.0720428 0.0720428 0.0776284 0.0830114 0.0785798 0.0826428 0.0826428 0.0826428 0.0767584 0.0795612 0.0795612 0.1118950 0.1535345 0.1434043 0.1456249 0.1388184 0.1428103 0.1428895 0.1428895 0.1428895 0.1430192 0.1428895 0.1351545 0.1297710 0.1998771 
FM244861.1_Doliolum_denticulatum         0.1640750 0.0000010 0.1463752 0.2148060 0.0000000 0.1473196 0.1588189 0.1792789 0.2034493 0.1754237 0.1847997 0.1573479 0.2188621 0.2794247 0.3142596 0.4797374 0.3102118 0.3612611 0.2270266 0.2176558 0.1608116 0.1508084 0.1520599 0.1632832 0.1509514 0.1558933 0.1448359 0.1847997 0.2012489 0.1935773 0.1979846 0.2094561 0.1884797 0.1906741 0.1897706 0.1891315 0.1868849 0.2001705 0.1968024 0.1964146 0.1622923 0.1859787 0.1827901 0.1832428 0.1803977 0.1709127 0.1799412 0.1799587 0.1756675 0.1792278 0.1837378 0.1790235 0.1755513 0.2036592 0.1989907 0.2013261 0.2022550 0.1607016 0.1657450 0.1573479 0.1559963 0.1577520 0.1573479 0.1455886 0.2152982 0.0000010 
FM244862.1_Pyrosoma_godeauxi             0.0071529 0.1474407 0.0670966 0.1367771 0.1473196 0.0000000 0.0051524 0.1057841 0.1344261 0.1077056 0.1104195 0.0038368 0.1388688 0.2275077 0.2270162 0.4404323 0.2649431 0.2692745 0.1372082 0.1650973 0.0580585 0.0503493 0.0595717 0.0924262 0.0565267 0.0527970 0.0566694 0.1104195 0.1365802 0.1365802 0.1334850 0.1461823 0.1087026 0.1076813 0.1118490 0.1118490 0.1131384 0.1119493 0.1196462 0.1196462 0.1047767 0.1047767 0.1047767 0.1032203 0.1098261 0.1065768 0.1098261 0.1098261 0.1098261 0.1022319 0.1018826 0.1038317 0.0833154 0.1212050 0.1198998 0.1246302 0.1184396 0.0000010 0.0000010 0.0025495 0.0038368 0.0038368 0.0038368 0.0225072 0.1346636 0.1431681 
FM244863.1_Pyrosomella_verticillata      0.0065103 0.1589412 0.0763641 0.1445869 0.1588189 0.0051524 0.0000000 0.1153347 0.1515543 0.1055413 0.1175451 0.0011737 0.1591886 0.2319445 0.2368237 0.4408589 0.2762344 0.2991633 0.1429977 0.1656274 0.0729773 0.0680245 0.0708719 0.0981171 0.0593470 0.0660165 0.0688550 0.1175451 0.1455971 0.1380349 0.1362799 0.1527699 0.1131927 0.1132665 0.1194659 0.1198488 0.1190251 0.1205279 0.1253562 0.1251241 0.0991514 0.1061304 0.1046337 0.1049440 0.1158528 0.1118196 0.1148422 0.1156009 0.1132023 0.1064949 0.1064173 0.1064468 0.0996231 0.1346799 0.1334269 0.1379637 0.1336491 0.0018126 0.0041805 0.0023535 0.0011615 0.0011759 0.0011737 0.0301611 0.1602633 0.1481533 
FM244864.1_Cyclosalpa_quadriluminis      0.1180550 0.1807879 0.1188316 0.0826977 0.1792789 0.1057841 0.1153347 0.0000000 0.1132735 0.0373830 0.0369210 0.1145889 0.1107663 0.2765669 0.2893120 0.4899796 0.2970173 0.3326760 0.1966564 0.2462666 0.1272571 0.1217390 0.1325007 0.1441623 0.1277452 0.1311197 0.1218563 0.0383022 0.0811137 0.0749978 0.0748421 0.0775023 0.0305167 0.0309145 0.0348260 0.0349174 0.0362270 0.0402984 0.0384822 0.0385472 0.0344655 0.0391791 0.0397318 0.0399808 0.0000010 0.0000010 0.0000010 0.0000010 0.0011696 0.0091505 0.0097874 0.0096107 0.0760920 0.1242050 0.0993360 0.0977722 0.1019482 0.1161800 0.1183817 0.1146725 0.1129333 0.1149552 0.1145889 0.1021962 0.1214097 0.1721077 
FM244865.1_Ihlea_racovitzai              0.1547772 0.2028856 0.1503862 0.1295569 0.2034493 0.1344261 0.1515543 0.1132735 0.0000000 0.1078374 0.1058859 0.1510602 0.0822239 0.2870042 0.3056075 0.5272193 0.3177869 0.3300181 0.2294042 0.2279933 0.1473187 0.1454433 0.1535517 0.1704919 0.1504936 0.1513573 0.1423742 0.1058859 0.1296356 0.1227892 0.1210160 0.1209011 0.1139605 0.1146621 0.1050221 0.1050963 0.1038166 0.1140103 0.1151706 0.1147804 0.1003252 0.1164232 0.1140054 0.1142682 0.1141710 0.1043644 0.1134557 0.1142019 0.1108457 0.1136459 0.1142350 0.1115921 0.1174483 0.1539094 0.1460250 0.1423845 0.1538134 0.1525488 0.1582517 0.1506731 0.1482704 0.1510602 0.1510602 0.1297478 0.0035171 0.2000440 
FM244866.1_Iasis_cylindrica              0.1040288 0.1749042 0.1272154 0.0671097 0.1754237 0.1077056 0.1055413 0.0373830 0.1078374 0.0000000 0.0321502 0.1028280 0.0966826 0.2799200 0.2852031 0.4964486 0.2754952 0.3026903 0.1900253 0.2327734 0.1297039 0.1208808 0.1310212 0.1475608 0.1321095 0.1263776 0.1222825 0.0321502 0.0568016 0.0568016 0.0568859 0.0626256 0.0298956 0.0291611 0.0330906 0.0330179 0.0338282 0.0375274 0.0344892 0.0343175 0.0012806 0.0012806 0.0012806 0.0065077 0.0366935 0.0372764 0.0367969 0.0369374 0.0366935 0.0328296 0.0345864 0.0360730 0.0662537 0.1287625 0.0924637 0.0934156 0.0885583 0.1053290 0.1049668 0.1024823 0.1024823 0.1024823 0.1028280 0.1032159 0.1080191 0.1794170 
FM244867.1_Salpa_thompsoni               0.1179290 0.1843891 0.1266677 0.0794227 0.1847997 0.1104195 0.1175451 0.0369210 0.1058859 0.0321502 0.0000000 0.1168041 0.1069045 0.2671303 0.2876989 0.4852802 0.2932407 0.3239919 0.2011231 0.2248982 0.1355246 0.1332122 0.1391723 0.1505334 0.1220523 0.1359612 0.1284530 0.0005752 0.0771264 0.0711543 0.0709733 0.0779598 0.0262047 0.0258616 0.0083865 0.0083807 0.0094203 0.0115252 0.0319026 0.0318105 0.0295392 0.0369540 0.0368920 0.0400323 0.0372601 0.0334231 0.0371151 0.0373217 0.0369292 0.0313339 0.0364852 0.0371278 0.0861895 0.1333700 0.1087799 0.1084913 0.1077353 0.1173886 0.1228438 0.1163348 0.1145849 0.1166191 0.1168041 0.1125461 0.1134108 0.1822575 
HQ015280.1_Pyrosomella_verticillata      0.0053542 0.1573293 0.0754151 0.1428895 0.1573479 0.0038368 0.0011737 0.1145889 0.1510602 0.1028280 0.1168041 0.0000000 0.1565163 0.2322148 0.2332493 0.4375814 0.2755768 0.2993410 0.1424427 0.1650973 0.0729616 0.0670353 0.0699110 0.0972865 0.0592216 0.0645357 0.0678793 0.1168041 0.1354750 0.1354750 0.1333801 0.1522838 0.1124243 0.1114774 0.1170781 0.1171634 0.1182923 0.1178227 0.1241752 0.1237622 0.0966691 0.1038138 0.1038138 0.1027150 0.1132278 0.1091828 0.1124383 0.1129027 0.1124383 0.1042565 0.1039163 0.1056387 0.0974649 0.1340677 0.1327973 0.1373673 0.1313638 0.0012035 0.0011865 0.0011690 0.0000010 0.0000010 0.0000010 0.0289674 0.1513133 0.1464215 
HQ015377.1_Salpidae_gen._nov._sp._nov._A 0.1641725 0.2188379 0.1670584 0.1257378 0.2188621 0.1388688 0.1591886 0.1107663 0.0822239 0.0966826 0.1069045 0.1565163 0.0000000 0.2918981 0.2893173 0.5468859 0.3369489 0.3362702 0.2251413 0.2424099 0.1605628 0.1529366 0.1726602 0.1885846 0.1659671 0.1612874 0.1657688 0.1069045 0.1195448 0.1197512 0.1199563 0.1136536 0.1089350 0.1078731 0.1114874 0.1118393 0.1124784 0.1168390 0.1098001 0.1098001 0.0892031 0.1066577 0.1064005 0.1045598 0.1109717 0.1022514 0.1099300 0.1101962 0.1097432 0.1117593 0.1139211 0.1142917 0.1046092 0.1514538 0.1416568 0.1411658 0.1441660 0.1565480 0.1564646 0.1566411 0.1558190 0.1570553 0.1565163 0.1347276 0.0823463 0.1999440 
L12426.2_Molgula_manhattensis            0.2510691 0.2760141 0.2009276 0.2989396 0.2794247 0.2275077 0.2319445 0.2765669 0.2870042 0.2799200 0.2671303 0.2322148 0.2918981 0.0000000 0.2972987 0.5757815 0.3154043 0.3650425 0.1500646 0.0011984 0.1988234 0.1924508 0.1807837 0.1970557 0.1638125 0.1998681 0.1894053 0.2624549 0.3030861 0.2961634 0.2934131 0.3070712 0.2796398 0.2888797 0.2737410 0.2733467 0.2649591 0.2758372 0.2886017 0.2888976 0.2579559 0.2774835 0.2676923 0.2780145 0.2807609 0.2755202 0.2776225 0.2783971 0.2669390 0.2741786 0.2749752 0.2663348 0.2186784 0.2472334 0.2817298 0.2879943 0.2781967 0.2342348 0.2394526 0.2284445 0.2244584 0.2290815 0.2322148 0.2077478 0.3015276 0.2722326 
M91181.1_Echinorhinus_cookei             0.2425066 0.3158593 0.2277997 0.3180004 0.3142596 0.2270162 0.2368237 0.2893120 0.3056075 0.2852031 0.2876989 0.2332493 0.2893173 0.2972987 0.0000000 0.3518230 0.2142779 0.4024169 0.2475875 0.2202560 0.2244680 0.2260616 0.2291186 0.2300843 0.1936414 0.2087588 0.2285876 0.2882005 0.3180851 0.3079451 0.3067478 0.3079371 0.2814919 0.2856676 0.2910129 0.2924079 0.2885903 0.3056540 0.2948579 0.2936410 0.2723999 0.2890131 0.2826143 0.2868014 0.2881059 0.2855301 0.2864006 0.2857374 0.2818598 0.2819493 0.2942665 0.2883779 0.2500793 0.2838642 0.3013643 0.3014587 0.3101488 0.2380389 0.2455357 0.2362886 0.2359132 0.2369596 0.2332493 0.2209255 0.3266958 0.3098129 
M97574.1_Myxine_glutinosa                0.4514659 0.4826825 0.4492239 0.5088063 0.4797374 0.4404323 0.4408589 0.4899796 0.5272193 0.4964486 0.4852802 0.4375814 0.5468859 0.5757815 0.3518230 0.0000000 0.4633081 0.7829308 0.4674265 0.5634809 0.4440592 0.4383746 0.4464147 0.4448801 0.4804305 0.4521465 0.4530293 0.4908737 0.5001139 0.4903818 0.4807200 0.4915779 0.4838594 0.4974239 0.4943712 0.4880198 0.4867016 0.5034059 0.4939515 0.4915663 0.4656087 0.4897823 0.4845686 0.5031432 0.4838082 0.4867075 0.4880635 0.4855752 0.4795208 0.4682501 0.4692197 0.4705005 0.4527053 0.5016276 0.5225645 0.5280883 0.5422662 0.4456475 0.4598529 0.4318667 0.4310263 0.4333125 0.4375814 0.4114166 0.5476610 0.4828081 
M97571.1_Branchiostoma_floridae          0.2740375 0.3074255 0.2603706 0.3721623 0.3102118 0.2649431 0.2762344 0.2970173 0.3177869 0.2754952 0.2932407 0.2755768 0.3369489 0.3154043 0.2142779 0.4633081 0.0000000 0.4000645 0.2731858 0.2861639 0.2427601 0.2480251 0.2379599 0.2467325 0.2439347 0.2509803 0.2370751 0.2939817 0.3487588 0.3414786 0.3422938 0.3201304 0.2935199 0.3003686 0.3036118 0.2993698 0.2958166 0.3142094 0.3232606 0.3218913 0.2541611 0.2873847 0.2798879 0.2901222 0.2939700 0.2876560 0.2960219 0.2969108 0.2879620 0.2832170 0.2936640 0.2890460 0.2641175 0.3268146 0.3083640 0.3154842 0.3179617 0.2807972 0.2867212 0.2698623 0.2663150 0.2706474 0.2755768 0.2526959 0.3274412 0.3000159 
AB013014.1_Oikopleura_dioica             0.3004741 0.3578268 0.2944493 0.3333923 0.3612611 0.2692745 0.2991633 0.3326760 0.3300181 0.3026903 0.3239919 0.2993410 0.3362702 0.3650425 0.4024169 0.7829308 0.4000645 0.0000000 0.3115542 0.2705755 0.2858329 0.2875359 0.2781225 0.2957848 0.2566834 0.2824068 0.2679540 0.3226952 0.3202557 0.3098165 0.3151593 0.3187467 0.3159994 0.3171576 0.3383462 0.3347329 0.3322248 0.3420396 0.3379155 0.3364620 0.2903371 0.3291185 0.3227217 0.3263604 0.3274675 0.3156363 0.3298012 0.3325980 0.3213926 0.3206098 0.3200856 0.3156458 0.2877092 0.3063818 0.3459120 0.3457594 0.3467181 0.3030707 0.3098367 0.2949591 0.2910341 0.2958515 0.2993410 0.2763121 0.3421819 0.3456176 
AY903925.1_Halocynthia_igaboja           0.1517656 0.2268843 0.1309437 0.2242356 0.2270266 0.1372082 0.1429977 0.1966564 0.2294042 0.1900253 0.2011231 0.1424427 0.2251413 0.1500646 0.2475875 0.4674265 0.2731858 0.3115542 0.0000000 0.1108725 0.1248333 0.1228830 0.1154171 0.1377115 0.0914969 0.1263702 0.1199730 0.2035028 0.2293349 0.2227369 0.2200198 0.2212182 0.1933965 0.1965697 0.2018079 0.2018191 0.1997384 0.1993229 0.2070487 0.2062664 0.1775556 0.1895890 0.1857782 0.1912013 0.1963776 0.1958297 0.1953931 0.1968408 0.1931511 0.1887303 0.1966302 0.1927594 0.1655987 0.2041396 0.2064343 0.2131442 0.2089589 0.1473822 0.1502990 0.1436853 0.1394208 0.1419448 0.1424427 0.1328592 0.2397772 0.2194405 
AB921975.1_Molgula_manhattensis          0.1745996 0.2176558 0.1425312 0.2223137 0.2176558 0.1650973 0.1656274 0.2462666 0.2279933 0.2327734 0.2248982 0.1650973 0.2424099 0.0011984 0.2202560 0.5634809 0.2861639 0.2705755 0.1108725 0.0000000 0.1408186 0.1386262 0.1338035 0.1381573 0.1317064 0.1362390 0.1363684 0.2248982 0.2336984 0.2336984 0.2289389 0.2617613 0.2434437 0.2408045 0.2304815 0.2304815 0.2304815 0.2238286 0.2468159 0.2468159 0.2265405 0.2265405 0.2265405 0.2291519 0.2462666 0.2462666 0.2462666 0.2462666 0.2462666 0.2469293 0.2511475 0.2511475 0.1603348 0.2008586 0.2460661 0.2483653 0.2331789 0.1650973 0.1650973 0.1650973 0.1650973 0.1650973 0.1650973 0.1502272 0.2288570 0.2176558 
FM244840.1_Clavelina_meridionalis        0.0794309 0.1609367 0.0652828 0.1548222 0.1608116 0.0580585 0.0729773 0.1272571 0.1473187 0.1297039 0.1355246 0.0729616 0.1605628 0.1988234 0.2244680 0.4440592 0.2427601 0.2858329 0.1248333 0.1408186 0.0000000 0.0167363 0.0530059 0.0770748 0.0463011 0.0457875 0.0455056 0.1355246 0.1593123 0.1505590 0.1488171 0.1500698 0.1347352 0.1318358 0.1333724 0.1338145 0.1359072 0.1353398 0.1409274 0.1412499 0.1183008 0.1292300 0.1303926 0.1261331 0.1258449 0.1208583 0.1258679 0.1261856 0.1271625 0.1200612 0.1241701 0.1241193 0.0998780 0.1205810 0.1321305 0.1368750 0.1341143 0.0699613 0.0744292 0.0713410 0.0720148 0.0731725 0.0729616 0.0571968 0.1524669 0.1508708 
FM244841.1_Pycnoclavella_aff._detorta    0.0708397 0.1509234 0.0593575 0.1496905 0.1508084 0.0503493 0.0680245 0.1217390 0.1454433 0.1208808 0.1332122 0.0670353 0.1529366 0.1924508 0.2260616 0.4383746 0.2480251 0.2875359 0.1228830 0.1386262 0.0167363 0.0000000 0.0467024 0.0674270 0.0435865 0.0435712 0.0395753 0.1332122 0.1550678 0.1474244 0.1456819 0.1468611 0.1295255 0.1298363 0.1343041 0.1347465 0.1335854 0.1342723 0.1337884 0.1340895 0.1114264 0.1221034 0.1202310 0.1217676 0.1266777 0.1194791 0.1254473 0.1257610 0.1236024 0.1187545 0.1220546 0.1189371 0.0947153 0.1175551 0.1313903 0.1359107 0.1354193 0.0634056 0.0669705 0.0654453 0.0661757 0.0672271 0.0670353 0.0512352 0.1538894 0.1427064 
AB075543.1_Megalodicopia_hians           0.0720968 0.1495979 0.0614014 0.1675399 0.1520599 0.0595717 0.0708719 0.1325007 0.1535517 0.1310212 0.1391723 0.0699110 0.1726602 0.1807837 0.2291186 0.4464147 0.2379599 0.2781225 0.1154171 0.1338035 0.0530059 0.0467024 0.0000000 0.0696261 0.0295051 0.0420154 0.0153982 0.1385026 0.1644331 0.1582877 0.1576547 0.1662242 0.1349885 0.1386702 0.1395381 0.1385137 0.1350779 0.1411486 0.1514258 0.1508944 0.1202036 0.1331279 0.1283848 0.1360781 0.1307794 0.1280987 0.1314494 0.1323383 0.1271330 0.1254288 0.1277699 0.1245176 0.1077249 0.1355961 0.1370056 0.1426895 0.1387296 0.0674673 0.0717502 0.0670698 0.0677554 0.0687903 0.0699110 0.0582514 0.1615167 0.1467944 
L12378.2_Ascidia_ceratodes               0.1089429 0.1605628 0.0772096 0.1863193 0.1632832 0.0924262 0.0981171 0.1441623 0.1704919 0.1475608 0.1505334 0.0972865 0.1885846 0.1970557 0.2300843 0.4448801 0.2467325 0.2957848 0.1377115 0.1381573 0.0770748 0.0674270 0.0696261 0.0000000 0.0490839 0.0577781 0.0653633 0.1497179 0.1799123 0.1736495 0.1709550 0.1901044 0.1430393 0.1470130 0.1523951 0.1512418 0.1484399 0.1484748 0.1505827 0.1500478 0.1341412 0.1382243 0.1353788 0.1417693 0.1422974 0.1436524 0.1431489 0.1441343 0.1384882 0.1365019 0.1379701 0.1343895 0.1203186 0.1463411 0.1584393 0.1617235 0.1610952 0.0961348 0.1006608 0.0936754 0.0941060 0.0956367 0.0972865 0.0729742 0.1790865 0.1579876 
AJ250778.1_Ciona_intestinalis            0.0612247 0.1509514 0.0346092 0.1473094 0.1509514 0.0565267 0.0593470 0.1277452 0.1504936 0.1321095 0.1220523 0.0592216 0.1659671 0.1638125 0.1936414 0.4804305 0.2439347 0.2566834 0.0914969 0.1317064 0.0463011 0.0435865 0.0295051 0.0490839 0.0000000 0.0319067 0.0295545 0.1220523 0.1515359 0.1515359 0.1499238 0.1739853 0.1284861 0.1267550 0.1228230 0.1228230 0.1228230 0.1167636 0.1388083 0.1388083 0.1282154 0.1282154 0.1282154 0.1299037 0.1277452 0.1277452 0.1277452 0.1277452 0.1277452 0.1190954 0.1280598 0.1246752 0.0972756 0.1324468 0.1525362 0.1541381 0.1518443 0.0565267 0.0565267 0.0565267 0.0592216 0.0592216 0.0592216 0.0610455 0.1509316 0.1509514 
AB104873.1_Perophora_sagamiensis         0.0687359 0.1558750 0.0542753 0.1612787 0.1558933 0.0527970 0.0660165 0.1311197 0.1513573 0.1263776 0.1359612 0.0645357 0.1612874 0.1998681 0.2087588 0.4521465 0.2509803 0.2824068 0.1263702 0.1362390 0.0457875 0.0435712 0.0420154 0.0577781 0.0319067 0.0000000 0.0370567 0.1359612 0.1611832 0.1561707 0.1544623 0.1687417 0.1334481 0.1327427 0.1372667 0.1377208 0.1375953 0.1369920 0.1443446 0.1443446 0.1171891 0.1263816 0.1254002 0.1299917 0.1305048 0.1249958 0.1304972 0.1308246 0.1295742 0.1242128 0.1256566 0.1234184 0.1004572 0.1345388 0.1459389 0.1479859 0.1460684 0.0613128 0.0666919 0.0629760 0.0640067 0.0647175 0.0645357 0.0525163 0.1576995 0.1468552 
AF165821.2_Chelyosoma_siboja             0.0711503 0.1440255 0.0555209 0.1599085 0.1448359 0.0566694 0.0688550 0.1218563 0.1423742 0.1222825 0.1284530 0.0678793 0.1657688 0.1894053 0.2285876 0.4530293 0.2370751 0.2679540 0.1199730 0.1363684 0.0455056 0.0395753 0.0153982 0.0653633 0.0295545 0.0370567 0.0000000 0.1316182 0.1593953 0.1532640 0.1537623 0.1568847 0.1247203 0.1256202 0.1293189 0.1283785 0.1267910 0.1298233 0.1378773 0.1373981 0.1113307 0.1239724 0.1210523 0.1268599 0.1205986 0.1179729 0.1214271 0.1222418 0.1189855 0.1171120 0.1150444 0.1121602 0.0995598 0.1299860 0.1312819 0.1394126 0.1328609 0.0669498 0.0705420 0.0668579 0.0675508 0.0685903 0.0678793 0.0540461 0.1500447 0.1405797 
HQ015406.1_Salpa_thompsoni               0.1268952 0.1816294 0.1262709 0.0794227 0.1847997 0.1104195 0.1175451 0.0383022 0.1058859 0.0321502 0.0005752 0.1168041 0.1069045 0.2624549 0.2882005 0.4908737 0.2939817 0.3226952 0.2035028 0.2248982 0.1355246 0.1332122 0.1385026 0.1497179 0.1220523 0.1359612 0.1316182 0.0000000 0.0785785 0.0734300 0.0724863 0.0800587 0.0278663 0.0270530 0.0083865 0.0083408 0.0092814 0.0114696 0.0319026 0.0318105 0.0314693 0.0369270 0.0370423 0.0399575 0.0372116 0.0334231 0.0371151 0.0373217 0.0363456 0.0329721 0.0383909 0.0396359 0.0856879 0.1299751 0.1106541 0.1118485 0.1074951 0.1173886 0.1228438 0.1175852 0.1158340 0.1178695 0.1168041 0.1125461 0.1148557 0.1822575 
HQ015415.1_Thalia_democratica            0.1477120 0.1996411 0.1559267 0.0074191 0.2012489 0.1365802 0.1455971 0.0811137 0.1296356 0.0568016 0.0771264 0.1354750 0.1195448 0.3030861 0.3180851 0.5001139 0.3487588 0.3202557 0.2293349 0.2336984 0.1593123 0.1550678 0.1644331 0.1799123 0.1515359 0.1611832 0.1593953 0.0785785 0.0000000 0.0005787 0.0017530 0.0424625 0.0700956 0.0680868 0.0724839 0.0720189 0.0787418 0.0748144 0.0761160 0.0758782 0.0528031 0.0617416 0.0672362 0.0667978 0.0739349 0.0709984 0.0737259 0.0741677 0.0798491 0.0669293 0.0701713 0.0765361 0.1007011 0.1461465 0.1367721 0.1402839 0.1266001 0.1390763 0.1373813 0.1325222 0.1396612 0.1328478 0.1354750 0.1361059 0.1209256 0.1833646 
HQ015414.1_Thalia_democratica            0.1406119 0.1920253 0.1487430 0.0074191 0.1935773 0.1365802 0.1380349 0.0749978 0.1227892 0.0568016 0.0711543 0.1354750 0.1197512 0.2961634 0.3079451 0.4903818 0.3414786 0.3098165 0.2227369 0.2336984 0.1505590 0.1474244 0.1582877 0.1736495 0.1515359 0.1561707 0.1532640 0.0734300 0.0005787 0.0000000 0.0023395 0.0370630 0.0651078 0.0650176 0.0724839 0.0720189 0.0727538 0.0748144 0.0697736 0.0694262 0.0535504 0.0617416 0.0614607 0.0667978 0.0739349 0.0709984 0.0737259 0.0741677 0.0738836 0.0676830 0.0709404 0.0714332 0.1007011 0.1391214 0.1307554 0.1343609 0.1268171 0.1390763 0.1380460 0.1334807 0.1330564 0.1338089 0.1354750 0.1284824 0.1218267 0.1833646 
HQ015413.1_Thalia_democratica            0.1388721 0.1963779 0.1490674 0.0055638 0.1979846 0.1334850 0.1362799 0.0748421 0.1210160 0.0568859 0.0709733 0.1333801 0.1199563 0.2934131 0.3067478 0.4807200 0.3422938 0.3151593 0.2200198 0.2289389 0.1488171 0.1456819 0.1576547 0.1709550 0.1499238 0.1544623 0.1537623 0.0724863 0.0017530 0.0023395 0.0000000 0.0380453 0.0641385 0.0647968 0.0723115 0.0716406 0.0725844 0.0741288 0.0695821 0.0692330 0.0528760 0.0622168 0.0619693 0.0673075 0.0732503 0.0702914 0.0735633 0.0738431 0.0737235 0.0667229 0.0697905 0.0704845 0.1007431 0.1393634 0.1300939 0.1337240 0.1270799 0.1361138 0.1362687 0.1303665 0.1303665 0.1303665 0.1333801 0.1267091 0.1200619 0.1873817 
HQ015412.1_Thalia_orientalis             0.1563917 0.2077626 0.1608436 0.0449442 0.2094561 0.1461823 0.1527699 0.0775023 0.1209011 0.0626256 0.0779598 0.1522838 0.1136536 0.3070712 0.3079371 0.4915779 0.3201304 0.3187467 0.2212182 0.2617613 0.1500698 0.1468611 0.1662242 0.1901044 0.1739853 0.1687417 0.1568847 0.0800587 0.0424625 0.0370630 0.0380453 0.0000000 0.0716727 0.0734173 0.0776839 0.0771760 0.0768088 0.0827944 0.0827250 0.0824629 0.0581802 0.0729083 0.0715356 0.0780534 0.0775171 0.0724037 0.0772941 0.0777650 0.0763236 0.0773765 0.0758024 0.0745147 0.1011532 0.1348889 0.1267123 0.1277840 0.1247173 0.1566977 0.1595416 0.1502438 0.1478593 0.1506280 0.1522838 0.1423454 0.1274151 0.2003738 
HQ015411.1_Ritteriella_retracta          0.1128063 0.1870037 0.1282923 0.0739402 0.1884797 0.1087026 0.1131927 0.0305167 0.1139605 0.0298956 0.0262047 0.1124243 0.1089350 0.2796398 0.2814919 0.4838594 0.2935199 0.3159994 0.1933965 0.2434437 0.1347352 0.1295255 0.1349885 0.1430393 0.1284861 0.1334481 0.1247203 0.0278663 0.0700956 0.0651078 0.0641385 0.0716727 0.0000000 0.0005810 0.0267876 0.0266327 0.0268452 0.0315659 0.0261789 0.0261046 0.0279130 0.0347116 0.0340132 0.0349019 0.0306225 0.0289719 0.0305448 0.0307115 0.0304847 0.0266032 0.0310157 0.0323727 0.0816107 0.1346810 0.1071219 0.1079498 0.1081782 0.1160999 0.1183132 0.1100475 0.1084338 0.1103101 0.1124243 0.1039314 0.1208457 0.1850440 
HQ015410.1_Ritteriella_retracta          0.1136341 0.1891574 0.1292803 0.0731148 0.1906741 0.1076813 0.1132665 0.0309145 0.1146621 0.0291611 0.0258616 0.1114774 0.1078731 0.2888797 0.2856676 0.4974239 0.3003686 0.3171576 0.1965697 0.2408045 0.1318358 0.1298363 0.1386702 0.1470130 0.1267550 0.1327427 0.1256202 0.0270530 0.0680868 0.0650176 0.0647968 0.0734173 0.0005810 0.0000000 0.0261170 0.0259652 0.0265088 0.0308830 0.0256283 0.0255147 0.0279976 0.0340268 0.0337551 0.0342131 0.0306393 0.0289882 0.0305615 0.0307284 0.0301561 0.0268500 0.0317974 0.0329231 0.0807814 0.1358562 0.1089079 0.1085587 0.1072628 0.1151120 0.1173403 0.1113206 0.1104594 0.1115891 0.1114774 0.1037553 0.1192022 0.1838672 
HQ015409.1_Salpa_fusiformis              0.1206850 0.1897494 0.1242802 0.0805867 0.1897706 0.1118490 0.1194659 0.0348260 0.1050221 0.0330906 0.0083865 0.1170781 0.1114874 0.2737410 0.2910129 0.4943712 0.3036118 0.3383462 0.2018079 0.2304815 0.1333724 0.1343041 0.1395381 0.1523951 0.1228230 0.1372667 0.1293189 0.0083865 0.0724839 0.0724839 0.0723115 0.0776839 0.0267876 0.0261170 0.0000000 0.0000010 0.0005882 0.0090876 0.0329574 0.0328488 0.0304445 0.0371822 0.0371613 0.0402825 0.0345353 0.0312698 0.0342875 0.0344774 0.0342684 0.0328199 0.0366492 0.0379322 0.0836484 0.1345649 0.1067197 0.1067460 0.1041693 0.1198870 0.1192490 0.1170781 0.1167071 0.1173658 0.1170781 0.1141674 0.1051854 0.1845869 
HQ015408.1_Salpa_maxima                  0.1201957 0.1876204 0.1250135 0.0805867 0.1891315 0.1118490 0.1198488 0.0349174 0.1050963 0.0330179 0.0083807 0.1171634 0.1118393 0.2733467 0.2924079 0.4880198 0.2993698 0.3347329 0.2018191 0.2304815 0.1338145 0.1347465 0.1385137 0.1512418 0.1228230 0.1377208 0.1283785 0.0083408 0.0720189 0.0720189 0.0716406 0.0771760 0.0266327 0.0259652 0.0000010 0.0000000 0.0005851 0.0090157 0.0330425 0.0328910 0.0301829 0.0371067 0.0369694 0.0401769 0.0343761 0.0312698 0.0343761 0.0344966 0.0340680 0.0326287 0.0363382 0.0377080 0.0830968 0.1337011 0.1059812 0.1060074 0.1038514 0.1198870 0.1196360 0.1158728 0.1158728 0.1161548 0.1171634 0.1145284 0.1044471 0.1845869 
HQ015407.1_Salpa_maxima                  0.1261776 0.1836723 0.1233793 0.0816058 0.1868849 0.1131384 0.1190251 0.0362270 0.1038166 0.0338282 0.0094203 0.1182923 0.1124784 0.2649591 0.2885903 0.4867016 0.2958166 0.3322248 0.1997384 0.2304815 0.1359072 0.1335854 0.1350779 0.1484399 0.1228230 0.1375953 0.1267910 0.0092814 0.0787418 0.0727538 0.0725844 0.0768088 0.0268452 0.0265088 0.0005882 0.0005851 0.0000000 0.0096436 0.0334000 0.0333030 0.0309316 0.0377923 0.0378812 0.0408500 0.0351280 0.0320321 0.0350372 0.0352317 0.0337164 0.0332804 0.0370961 0.0377272 0.0838558 0.1295414 0.1051520 0.1048773 0.1044810 0.1211558 0.1243941 0.1170712 0.1153124 0.1173568 0.1182923 0.1139821 0.1106154 0.1861988 
HQ015405.1_Salpa_aspera                  0.1208736 0.1985426 0.1290490 0.0834894 0.2001705 0.1119493 0.1205279 0.0402984 0.1140103 0.0375274 0.0115252 0.1178227 0.1168390 0.2758372 0.3056540 0.5034059 0.3142094 0.3420396 0.1993229 0.2238286 0.1353398 0.1342723 0.1411486 0.1484748 0.1167636 0.1369920 0.1298233 0.0114696 0.0748144 0.0748144 0.0741288 0.0827944 0.0315659 0.0308830 0.0090876 0.0090157 0.0096436 0.0000000 0.0347233 0.0345623 0.0343749 0.0414740 0.0413187 0.0445956 0.0395063 0.0364880 0.0396623 0.0398036 0.0393003 0.0349640 0.0387186 0.0401082 0.0892778 0.1341979 0.1113935 0.1114202 0.1092308 0.1199891 0.1203222 0.1165182 0.1165182 0.1165182 0.1178227 0.1161034 0.1132926 0.1947855 
HQ015404.1_Brooksia_rostrata             0.1264984 0.1967807 0.1358478 0.0782132 0.1968024 0.1196462 0.1253562 0.0384822 0.1151706 0.0344892 0.0319026 0.1241752 0.1098001 0.2886017 0.2948579 0.4939515 0.3232606 0.3379155 0.2070487 0.2468159 0.1409274 0.1337884 0.1514258 0.1505827 0.1388083 0.1443446 0.1378773 0.0319026 0.0761160 0.0697736 0.0695821 0.0827250 0.0261789 0.0256283 0.0329574 0.0330425 0.0334000 0.0347233 0.0000000 0.0000010 0.0324829 0.0391537 0.0387777 0.0437580 0.0386410 0.0354342 0.0383412 0.0384473 0.0379957 0.0367591 0.0406260 0.0415261 0.0882716 0.1381021 0.1173217 0.1182531 0.1188164 0.1268461 0.1300076 0.1242667 0.1224561 0.1245746 0.1241752 0.1129702 0.1222280 0.1934775 
HQ015403.1_Brooksia_rostrata             0.1260627 0.1960497 0.1353768 0.0782132 0.1964146 0.1196462 0.1251241 0.0385472 0.1147804 0.0343175 0.0318105 0.1237622 0.1098001 0.2888976 0.2936410 0.4915663 0.3218913 0.3364620 0.2062664 0.2468159 0.1412499 0.1340895 0.1508944 0.1500478 0.1388083 0.1443446 0.1373981 0.0318105 0.0758782 0.0694262 0.0692330 0.0824629 0.0261046 0.0255147 0.0328488 0.0328910 0.0333030 0.0345623 0.0000010 0.0000000 0.0323305 0.0389732 0.0386650 0.0435533 0.0384622 0.0354342 0.0382357 0.0384473 0.0378856 0.0365915 0.0404381 0.0414052 0.0878127 0.1376259 0.1169323 0.1178604 0.1181661 0.1268461 0.1300076 0.1235647 0.1220381 0.1238692 0.1237622 0.1132121 0.1215436 0.1934775 
HQ015402.1_Iasis_cylindrica              0.0995799 0.1610121 0.1166999 0.0628821 0.1622923 0.1047767 0.0991514 0.0344655 0.1003252 0.0012806 0.0295392 0.0966691 0.0892031 0.2579559 0.2723999 0.4656087 0.2541611 0.2903371 0.1775556 0.2265405 0.1183008 0.1114264 0.1202036 0.1341412 0.1282154 0.1171891 0.1113307 0.0314693 0.0528031 0.0535504 0.0528760 0.0581802 0.0279130 0.0279976 0.0304445 0.0301829 0.0309316 0.0343749 0.0324829 0.0323305 0.0000000 0.0000010 0.0000010 0.0048910 0.0337389 0.0343531 0.0339176 0.0340397 0.0343421 0.0299389 0.0315473 0.0329266 0.0639691 0.1216660 0.0864689 0.0873463 0.0834608 0.0990109 0.0986923 0.0953014 0.0953014 0.0953014 0.0966691 0.0950799 0.0995431 0.1659952 
HQ015401.1_Iasis_cylindrica              0.1067636 0.1849740 0.1224069 0.0720428 0.1859787 0.1047767 0.1061304 0.0391791 0.1164232 0.0012806 0.0369540 0.1038138 0.1066577 0.2774835 0.2890131 0.4897823 0.2873847 0.3291185 0.1895890 0.2265405 0.1292300 0.1221034 0.1331279 0.1382243 0.1282154 0.1263816 0.1239724 0.0369270 0.0617416 0.0617416 0.0622168 0.0729083 0.0347116 0.0340268 0.0371822 0.0371067 0.0377923 0.0414740 0.0391537 0.0389732 0.0000010 0.0000000 0.0000010 0.0053544 0.0386681 0.0370973 0.0385674 0.0387607 0.0383893 0.0347390 0.0371348 0.0384332 0.0773646 0.1366906 0.0985177 0.0994108 0.0948407 0.1070864 0.1057624 0.1033196 0.1030742 0.1035661 0.1038138 0.1004073 0.1163240 0.1769542 
HQ015400.1_Iasis_cylindrica              0.1086838 0.1796762 0.1196452 0.0720428 0.1827901 0.1047767 0.1046337 0.0397318 0.1140054 0.0012806 0.0368920 0.1038138 0.1064005 0.2676923 0.2826143 0.4845686 0.2798879 0.3227217 0.1857782 0.2265405 0.1303926 0.1202310 0.1283848 0.1353788 0.1282154 0.1254002 0.1210523 0.0370423 0.0672362 0.0614607 0.0619693 0.0715356 0.0340132 0.0337551 0.0371613 0.0369694 0.0378812 0.0413187 0.0387777 0.0386650 0.0000010 0.0000010 0.0000000 0.0053464 0.0386462 0.0370973 0.0385457 0.0387607 0.0371095 0.0345929 0.0369973 0.0376285 0.0769939 0.1319659 0.0965473 0.0971465 0.0944931 0.1070864 0.1094106 0.1028586 0.1013603 0.1031030 0.1038138 0.0991682 0.1211837 0.1769542 
HQ015399.1_Iasis_cylindrica              0.1054285 0.1819639 0.1238375 0.0776284 0.1832428 0.1032203 0.1049440 0.0399808 0.1142682 0.0065077 0.0400323 0.1027150 0.1045598 0.2780145 0.2868014 0.5031432 0.2901222 0.3263604 0.1912013 0.2291519 0.1261331 0.1217676 0.1360781 0.1417693 0.1299037 0.1299917 0.1268599 0.0399575 0.0667978 0.0667978 0.0673075 0.0780534 0.0349019 0.0342131 0.0402825 0.0401769 0.0408500 0.0445956 0.0437580 0.0435533 0.0048910 0.0053544 0.0053464 0.0000000 0.0394284 0.0378979 0.0393546 0.0395749 0.0391282 0.0362777 0.0373467 0.0386307 0.0784502 0.1373472 0.0984642 0.0993567 0.0947899 0.1058436 0.1045633 0.1020846 0.1017722 0.1022415 0.1027150 0.1023764 0.1140081 0.1728842 
HQ015398.1_Cyclosalpa_sewelli            0.1173290 0.1792745 0.1193369 0.0830114 0.1803977 0.1098261 0.1158528 0.0000010 0.1141710 0.0366935 0.0372601 0.1132278 0.1109717 0.2807609 0.2881059 0.4838082 0.2939700 0.3274675 0.1963776 0.2462666 0.1258449 0.1266777 0.1307794 0.1422974 0.1277452 0.1305048 0.1205986 0.0372116 0.0739349 0.0739349 0.0732503 0.0775171 0.0306225 0.0306393 0.0345353 0.0343761 0.0351280 0.0395063 0.0386410 0.0384622 0.0337389 0.0386681 0.0386462 0.0394284 0.0000000 0.0000010 0.0000010 0.0000010 0.0000010 0.0090403 0.0096459 0.0096459 0.0749980 0.1235266 0.0993625 0.0980798 0.1005631 0.1160936 0.1155938 0.1125187 0.1125187 0.1125187 0.1132278 0.1029641 0.1139914 0.1719651 
HQ015397.1_Cyclosalpa_quadriluminis      0.1140934 0.1710535 0.1183793 0.0785798 0.1709127 0.1065768 0.1118196 0.0000010 0.1043644 0.0372764 0.0334231 0.1091828 0.1022514 0.2755202 0.2855301 0.4867075 0.2876560 0.3156363 0.1958297 0.2462666 0.1208583 0.1194791 0.1280987 0.1436524 0.1277452 0.1249958 0.1179729 0.0334231 0.0709984 0.0709984 0.0702914 0.0724037 0.0289719 0.0289882 0.0312698 0.0312698 0.0320321 0.0364880 0.0354342 0.0354342 0.0343531 0.0370973 0.0370973 0.0378979 0.0000010 0.0000000 0.0000010 0.0000010 0.0000010 0.0093570 0.0093506 0.0093506 0.0701122 0.1194514 0.0953521 0.0940586 0.0965665 0.1101523 0.1097950 0.1091828 0.1091828 0.1091828 0.1091828 0.1025069 0.1045309 0.1719651 
HQ015396.1_Cyclosalpa_polae              0.1169584 0.1799208 0.1189415 0.0826428 0.1799412 0.1098261 0.1148422 0.0000010 0.1134557 0.0367969 0.0371151 0.1124383 0.1099300 0.2776225 0.2864006 0.4880635 0.2960219 0.3298012 0.1953931 0.2462666 0.1258679 0.1254473 0.1314494 0.1431489 0.1277452 0.1304972 0.1214271 0.0371151 0.0737259 0.0737259 0.0735633 0.0772941 0.0305448 0.0305615 0.0342875 0.0343761 0.0350372 0.0396623 0.0383412 0.0382357 0.0339176 0.0385674 0.0385457 0.0393546 0.0000010 0.0000010 0.0000000 0.0000010 0.0000010 0.0090186 0.0096459 0.0096227 0.0747829 0.1231356 0.0990613 0.0977839 0.1002572 0.1160936 0.1144899 0.1125187 0.1121674 0.1127912 0.1124383 0.1020095 0.1136337 0.1719651 
HQ015395.1_Cyclosalpa_sewelli            0.1177334 0.1799381 0.1197348 0.0826428 0.1799587 0.1098261 0.1156009 0.0000010 0.1142019 0.0369374 0.0373217 0.1129027 0.1101962 0.2783971 0.2857374 0.4855752 0.2969108 0.3325980 0.1968408 0.2462666 0.1261856 0.1257610 0.1323383 0.1441343 0.1277452 0.1308246 0.1222418 0.0373217 0.0741677 0.0741677 0.0738431 0.0777650 0.0307115 0.0307284 0.0344774 0.0344966 0.0352317 0.0398036 0.0384473 0.0384473 0.0340397 0.0387607 0.0387607 0.0395749 0.0000010 0.0000010 0.0000010 0.0000000 0.0000010 0.0090657 0.0096779 0.0096730 0.0752374 0.1239522 0.0996936 0.0984054 0.1008992 0.1160936 0.1147718 0.1129838 0.1129027 0.1132585 0.1129027 0.1022537 0.1143821 0.1719651 
HQ015394.1_Cyclosalpa_polae              0.1182438 0.1726896 0.1168837 0.0826428 0.1756675 0.1098261 0.1132023 0.0011696 0.1108457 0.0366935 0.0369292 0.1124383 0.1097432 0.2669390 0.2818598 0.4795208 0.2879620 0.3213926 0.1931511 0.2462666 0.1271625 0.1236024 0.1271330 0.1384882 0.1277452 0.1295742 0.1189855 0.0363456 0.0798491 0.0738836 0.0737235 0.0763236 0.0304847 0.0301561 0.0342684 0.0340680 0.0337164 0.0393003 0.0379957 0.0378856 0.0343421 0.0383893 0.0371095 0.0391282 0.0000010 0.0000010 0.0000010 0.0000010 0.0000000 0.0095593 0.0101841 0.0100040 0.0740397 0.1175416 0.0975339 0.0960233 0.0994183 0.1160936 0.1182951 0.1123688 0.1107092 0.1126387 0.1124383 0.1008198 0.1189119 0.1719651 
HQ015393.1_Cyclosalpa_floridana          0.1077832 0.1778177 0.1164355 0.0767584 0.1792278 0.1022319 0.1064949 0.0091505 0.1136459 0.0328296 0.0313339 0.1042565 0.1117593 0.2741786 0.2819493 0.4682501 0.2832170 0.3206098 0.1887303 0.2469293 0.1200612 0.1187545 0.1254288 0.1365019 0.1190954 0.1242128 0.1171120 0.0329721 0.0669293 0.0676830 0.0667229 0.0773765 0.0266032 0.0268500 0.0328199 0.0326287 0.0332804 0.0349640 0.0367591 0.0365915 0.0299389 0.0347390 0.0345929 0.0362777 0.0090403 0.0093570 0.0090186 0.0090657 0.0095593 0.0000000 0.0101871 0.0119794 0.0697491 0.1229709 0.0937889 0.0940304 0.0958085 0.1075378 0.1061323 0.1020923 0.1017842 0.1023316 0.1042565 0.0958477 0.1127666 0.1713955 
HQ015392.1_Cyclosalpa_affinis            0.1077136 0.1822773 0.1240900 0.0795612 0.1837378 0.1018826 0.1064173 0.0097874 0.1142350 0.0345864 0.0364852 0.1039163 0.1139211 0.2749752 0.2942665 0.4692197 0.2936640 0.3200856 0.1966302 0.2511475 0.1241701 0.1220546 0.1277699 0.1379701 0.1280598 0.1256566 0.1150444 0.0383909 0.0701713 0.0709404 0.0697905 0.0758024 0.0310157 0.0317974 0.0366492 0.0363382 0.0370961 0.0387186 0.0406260 0.0404381 0.0315473 0.0371348 0.0369973 0.0373467 0.0096459 0.0093506 0.0096459 0.0096779 0.0101841 0.0101871 0.0000000 0.0011651 0.0736185 0.1259301 0.0964143 0.0951637 0.0965356 0.1071188 0.1060515 0.1024724 0.1024724 0.1027151 0.1039163 0.0984483 0.1133419 0.1754655 
HQ015391.1_Cyclosalpa_affinis            0.1069479 0.1776347 0.1194081 0.0795612 0.1790235 0.1038317 0.1064468 0.0096107 0.1115921 0.0360730 0.0371278 0.1056387 0.1142917 0.2663348 0.2883779 0.4705005 0.2890460 0.3156458 0.1927594 0.2511475 0.1241193 0.1189371 0.1245176 0.1343895 0.1246752 0.1234184 0.1121602 0.0396359 0.0765361 0.0714332 0.0704845 0.0745147 0.0323727 0.0329231 0.0379322 0.0377080 0.0377272 0.0401082 0.0415261 0.0414052 0.0329266 0.0384332 0.0376285 0.0386307 0.0096459 0.0093506 0.0096227 0.0096730 0.0100040 0.0119794 0.0011651 0.0000000 0.0726190 0.1219902 0.0962571 0.0948730 0.0969495 0.1089909 0.1112890 0.1049952 0.1034687 0.1052440 0.1056387 0.0961384 0.1184357 0.1743254 
HQ015390.1_Thetys_vagina                 0.1032199 0.1741788 0.1121907 0.1118950 0.1755513 0.0833154 0.0996231 0.0760920 0.1174483 0.0662537 0.0861895 0.0974649 0.1046092 0.2186784 0.2500793 0.4527053 0.2641175 0.2877092 0.1655987 0.1603348 0.0998780 0.0947153 0.1077249 0.1203186 0.0972756 0.1004572 0.0995598 0.0856879 0.1007011 0.1007011 0.1007431 0.1011532 0.0816107 0.0807814 0.0836484 0.0830968 0.0838558 0.0892778 0.0882716 0.0878127 0.0639691 0.0773646 0.0769939 0.0784502 0.0749980 0.0701122 0.0747829 0.0752374 0.0740397 0.0697491 0.0736185 0.0726190 0.0000000 0.0635532 0.0881649 0.0878099 0.0909536 0.0984216 0.0991882 0.0965061 0.0962168 0.0967310 0.0974649 0.0778491 0.1167157 0.1643460 
HQ015389.1_Soestia_zonaria               0.1427305 0.2000908 0.1315319 0.1535345 0.2036592 0.1212050 0.1346799 0.1242050 0.1539094 0.1287625 0.1333700 0.1340677 0.1514538 0.2472334 0.2838642 0.5016276 0.3268146 0.3063818 0.2041396 0.2008586 0.1205810 0.1175551 0.1355961 0.1463411 0.1324468 0.1345388 0.1299860 0.1299751 0.1461465 0.1391214 0.1393634 0.1348889 0.1346810 0.1358562 0.1345649 0.1337011 0.1295414 0.1341979 0.1381021 0.1376259 0.1216660 0.1366906 0.1319659 0.1373472 0.1235266 0.1194514 0.1231356 0.1239522 0.1175416 0.1229709 0.1259301 0.1219902 0.0635532 0.0000000 0.1337338 0.1319549 0.1315791 0.1364276 0.1405746 0.1327895 0.1307761 0.1331151 0.1340677 0.1101919 0.1623546 0.1976260 
HQ015388.1_Pegea_bicaudata               0.1380130 0.1974123 0.1414817 0.1434043 0.1989907 0.1198998 0.1334269 0.0993360 0.1460250 0.0924637 0.1087799 0.1327973 0.1416568 0.2817298 0.3013643 0.5225645 0.3083640 0.3459120 0.2064343 0.2460661 0.1321305 0.1313903 0.1370056 0.1584393 0.1525362 0.1459389 0.1312819 0.1106541 0.1367721 0.1307554 0.1300939 0.1267123 0.1071219 0.1089079 0.1067197 0.1059812 0.1051520 0.1113935 0.1173217 0.1169323 0.0864689 0.0985177 0.0965473 0.0984642 0.0993625 0.0953521 0.0990613 0.0996936 0.0975339 0.0937889 0.0964143 0.0962571 0.0881649 0.1337338 0.0000000 0.0034577 0.0089758 0.1362853 0.1393493 0.1306596 0.1286681 0.1309818 0.1327973 0.1098496 0.1531435 0.1977494 
HQ015387.1_Pegea_confoederata            0.1421489 0.1997278 0.1446522 0.1456249 0.2013261 0.1246302 0.1379637 0.0977722 0.1423845 0.0934156 0.1084913 0.1373673 0.1411658 0.2879943 0.3014587 0.5280883 0.3154842 0.3457594 0.2131442 0.2483653 0.1368750 0.1359107 0.1426895 0.1617235 0.1541381 0.1479859 0.1394126 0.1118485 0.1402839 0.1343609 0.1337240 0.1277840 0.1079498 0.1085587 0.1067460 0.1060074 0.1048773 0.1114202 0.1182531 0.1178604 0.0873463 0.0994108 0.0971465 0.0993567 0.0980798 0.0940586 0.0977839 0.0984054 0.0960233 0.0940304 0.0951637 0.0948730 0.0878099 0.1319549 0.0034577 0.0000000 0.0102300 0.1410608 0.1440707 0.1367166 0.1346201 0.1370553 0.1373673 0.1139936 0.1498717 0.2009184 
