63
HQ015383.1_Pyrosomella_verticillata      0.0000000 0.1227882 0.1394945 0.0827502 0.0830301 0.1229270 0.1403857 0.1078817 0.1543564 0.1245797 0.0923065 0.1548262 0.1253676 0.1571426 0.1499439 0.1049255 0.0011550 0.1142590 0.1310833 0.0337431 0.0785541 0.1202911 0.2390123 0.1299926 0.0255018 0.0011570 0.1494968 0.1133730 0.1455192 0.1216677 0.1329664 0.1114167 0.1339562 0.0998134 0.3159204 0.0993394 0.2317181 0.1324562 0.0856116 0.1540492 0.0410884 0.0260698 0.1372406 0.1405920 0.1206243 0.0871062 0.1234590 0.1498573 0.1559798 0.1291568 0.1138333 0.1411484 0.2066202 0.0414260 0.1359993 0.1245022 0.2322838 0.1455267 0.2068412 0.0898799 0.0193782 0.1129837 0.1318681 
HQ015413.1_Thalia_democratica            0.1227882 0.0000000 0.1731749 0.1520561 0.1370042 0.0922370 0.0984360 0.0802641 0.1247602 0.0017605 0.1364875 0.1326806 0.0023486 0.1293707 0.1763929 0.0743815 0.1228043 0.0767358 0.1048750 0.1380444 0.1516337 0.0942125 0.2391147 0.0971138 0.1257071 0.1228043 0.1750712 0.0759513 0.1272146 0.0998555 0.1779496 0.1086915 0.1014003 0.0730910 0.3328510 0.1626495 0.2524834 0.0284254 0.1462452 0.1276493 0.1386144 0.1262775 0.1063932 0.0610128 0.0901818 0.1349376 0.0877607 0.1213525 0.1101274 0.0866066 0.0774703 0.1378735 0.1802383 0.1502547 0.1228733 0.0973807 0.2676967 0.1247286 0.2484400 0.1417841 0.1170294 0.0900331 0.1087193 
HQ015376.1_Doliolum_denticulatum         0.1394945 0.1731749 0.0000000 0.1540618 0.1312723 0.1613127 0.1936550 0.1526413 0.1768960 0.1700621 0.1360047 0.2090677 0.1700621 0.1887020 0.0299693 0.1514455 0.1395649 0.1497320 0.1670728 0.1402408 0.1571954 0.1711224 0.2645453 0.1712155 0.1277102 0.1395649 0.0347208 0.1487081 0.1627879 0.1789435 0.1721705 0.1457331 0.1795603 0.1632943 0.3315069 0.1583355 0.2525845 0.1856495 0.1383123 0.1847367 0.1531331 0.1312178 0.1697820 0.1768462 0.1605784 0.1419936 0.1639818 0.2067245 0.2111503 0.1864728 0.1533962 0.1716899 0.2681103 0.1498050 0.1605788 0.1643841 0.2478808 0.1653097 0.2374624 0.1503176 0.1290676 0.1579036 0.1759962 
HQ015379.1_Pyrostremma_spinosum          0.0827502 0.1520561 0.1540618 0.0000000 0.0878742 0.1436010 0.1611507 0.1236558 0.1501385 0.1564555 0.1069344 0.1785538 0.1533142 0.1586746 0.1668779 0.1265248 0.0817289 0.1307966 0.1448901 0.0838976 0.1113166 0.1461997 0.2511734 0.1447353 0.0575471 0.0829660 0.1621994 0.1316012 0.1417134 0.1565389 0.1441492 0.1150117 0.1518547 0.1335744 0.3340888 0.1179491 0.2505849 0.1649316 0.0800121 0.1226346 0.0928644 0.0742253 0.1399462 0.1555481 0.1388482 0.1016010 0.1340842 0.1812656 0.1827424 0.1498742 0.1330552 0.1447864 0.2384901 0.0843174 0.1417551 0.1375491 0.2636316 0.1398709 0.2215801 0.1086442 0.0636018 0.1257936 0.1449169 
FM244841.1_Pycnoclavella_aff._detorta    0.0830301 0.1370042 0.1312723 0.0878742 0.0000000 0.1252695 0.1473820 0.1107801 0.1399963 0.1411638 0.0764022 0.1651257 0.1383400 0.1504244 0.1366133 0.1095235 0.0834585 0.1146734 0.1350860 0.0738993 0.0492021 0.1300853 0.2276697 0.1331153 0.0605752 0.0847276 0.1348903 0.1155350 0.1304323 0.1356827 0.1099776 0.1028364 0.1340027 0.1118085 0.2922091 0.0878118 0.2054069 0.1480965 0.0588414 0.1500589 0.0940414 0.0774124 0.1260327 0.1372990 0.1191633 0.0618004 0.1197087 0.1616899 0.1663496 0.1353351 0.1170180 0.1210443 0.2187054 0.0877261 0.1288784 0.1272097 0.2160175 0.1285336 0.1902614 0.0717785 0.0682073 0.1116515 0.1287557 
FM244867.1_Salpa_thompsoni               0.1229270 0.0922370 0.1613127 0.1436010 0.1252695 0.0000000 0.0878297 0.0578803 0.1128441 0.0956970 0.1263783 0.1143265 0.0922067 0.1211054 0.1651212 0.0717712 0.1220899 0.0392828 0.0870931 0.1287932 0.1444142 0.0855454 0.2478621 0.0710286 0.1071563 0.1240538 0.1659666 0.0360700 0.1186727 0.0915007 0.1633326 0.0952730 0.0631285 0.0552406 0.3394433 0.1579976 0.2579450 0.1071195 0.1325121 0.1220702 0.1432803 0.1248834 0.0804976 0.0919916 0.0338317 0.1345157 0.0642334 0.1055516 0.0647105 0.0677175 0.0409573 0.1406329 0.1681256 0.1436684 0.1144207 0.0717075 0.2496990 0.1173424 0.2434443 0.1464122 0.1112541 0.0564828 0.0738258 
HQ015393.1_Cyclosalpa_floridana          0.1403857 0.0984360 0.1936550 0.1611507 0.1473820 0.0878297 0.0000000 0.0550475 0.1462308 0.0999742 0.1469257 0.1071338 0.1007118 0.1508643 0.1945248 0.0800102 0.1418564 0.0748001 0.0763717 0.1502240 0.1666420 0.0959935 0.2820510 0.0897381 0.1277533 0.1407217 0.1984477 0.0726921 0.1305758 0.1075294 0.1818117 0.1136228 0.1008022 0.0873839 0.3480894 0.1711210 0.2863876 0.1212056 0.1528128 0.1462158 0.1577049 0.1410438 0.0762591 0.1179259 0.0873364 0.1571937 0.0892206 0.1265862 0.0599726 0.0592320 0.0745807 0.1572146 0.1566220 0.1619235 0.1332109 0.0646052 0.2267003 0.1202030 0.2599114 0.1679358 0.1281518 0.0631203 0.0818999 
HQ015397.1_Cyclosalpa_quadriluminis      0.1078817 0.0802641 0.1526413 0.1236558 0.1107801 0.0578803 0.0550475 0.0000000 0.1065822 0.0808941 0.1117519 0.0784056 0.0808941 0.1110969 0.1532755 0.0533161 0.1079352 0.0446508 0.0433325 0.1048197 0.1256396 0.0684175 0.2303380 0.0593311 0.0938882 0.1079352 0.1556013 0.0439207 0.1009756 0.0809276 0.1546959 0.0780389 0.0682017 0.0595850 0.3252132 0.1404979 0.2482090 0.0933059 0.1179958 0.1076421 0.1217456 0.1081210 0.0291131 0.0870729 0.0557082 0.1197181 0.0575648 0.0958613 0.0860423 0.0601609 0.0482198 0.1155178 0.1257744 0.1224054 0.0940638 0.0335186 0.2440964 0.0966628 0.2279263 0.1311060 0.0961538 0.0328689 0.0478285 
FM244865.1_Ihlea_racovitzai              0.1543564 0.1247602 0.1768960 0.1501385 0.1399963 0.1128441 0.1462308 0.1065822 0.0000000 0.1296796 0.1385772 0.1733489 0.1253371 0.0371488 0.1796061 0.1129763 0.1522356 0.1011601 0.1331197 0.1584635 0.1509459 0.1193293 0.2458052 0.1333438 0.1249774 0.1547943 0.1719042 0.1014280 0.1451838 0.1377961 0.1765722 0.1190776 0.1180821 0.1031876 0.3598282 0.1688162 0.2691175 0.1330628 0.1449521 0.0917753 0.1634895 0.1409366 0.1314377 0.1182518 0.1069165 0.1445868 0.1129044 0.1381770 0.1485069 0.1312301 0.1083324 0.1426922 0.2318197 0.1634174 0.1404573 0.1100908 0.2650220 0.1386691 0.2459039 0.1585966 0.1374837 0.1086001 0.1270911 
HQ015415.1_Thalia_democratica            0.1245797 0.0017605 0.1700621 0.1564555 0.1411638 0.0956970 0.0999742 0.0808941 0.1296796 0.0000000 0.1396223 0.1327031 0.0005813 0.1318257 0.1774221 0.0773244 0.1273031 0.0803565 0.1074098 0.1404739 0.1564716 0.0935099 0.2377951 0.0975073 0.1281952 0.1248703 0.1741380 0.0762487 0.1314385 0.0997180 0.1822564 0.1085935 0.1054434 0.0737965 0.3422130 0.1672275 0.2572667 0.0303282 0.1485275 0.1264809 0.1451672 0.1306605 0.1097670 0.0634787 0.0909484 0.1379962 0.0909239 0.1213203 0.1133596 0.0907818 0.0780754 0.1428376 0.1777894 0.1529317 0.1224963 0.0979879 0.2694331 0.1270294 0.2521653 0.1465090 0.1186879 0.0907992 0.1096240 
AB013017.1_Ciona_intestinalis            0.0923065 0.1364875 0.1360047 0.1069344 0.0764022 0.1263783 0.1469257 0.1117519 0.1385772 0.1396223 0.0000000 0.1688744 0.1361749 0.1537207 0.1504962 0.1126700 0.0926282 0.1161932 0.1367767 0.0959662 0.0898864 0.1250235 0.2256135 0.1344716 0.0775519 0.0940330 0.1352683 0.1148986 0.1412177 0.1373561 0.1243187 0.1176630 0.1246906 0.1201621 0.3138417 0.1020769 0.2085687 0.1525911 0.0765271 0.1511237 0.1117489 0.0843885 0.1323041 0.1454464 0.1230323 0.0832734 0.1264323 0.1287755 0.1621358 0.1383897 0.1171357 0.1174053 0.2242846 0.1094060 0.1296386 0.1233997 0.2232041 0.1375586 0.2089083 0.0929261 0.0823269 0.1165171 0.1331167 
HQ015392.1_Cyclosalpa_affinis            0.1548262 0.1326806 0.2090677 0.1785538 0.1651257 0.1143265 0.1071338 0.0784056 0.1733489 0.1327031 0.1688744 0.0000000 0.1327031 0.1357635 0.1973184 0.0934795 0.1549031 0.0902854 0.0427146 0.1672153 0.1918005 0.1181971 0.2976402 0.0672982 0.1452544 0.1552643 0.2090622 0.0894735 0.1493974 0.0453078 0.2029627 0.1179815 0.1278460 0.1095779 0.3797499 0.1896025 0.3034090 0.1516362 0.1649861 0.1692075 0.1702983 0.1543745 0.1000982 0.1152924 0.1130637 0.1634768 0.1150753 0.1506703 0.1448401 0.1131401 0.0922395 0.1782495 0.0346450 0.1785955 0.1490024 0.0897677 0.3156427 0.1599604 0.2923141 0.1816703 0.1424555 0.0862105 0.1045257 
HQ015414.1_Thalia_democratica            0.1253676 0.0023486 0.1700621 0.1533142 0.1383400 0.0922067 0.1007118 0.0808941 0.1253371 0.0005813 0.1361749 0.1327031 0.0000000 0.1299164 0.1741015 0.0737903 0.1250286 0.0768236 0.1047453 0.1404739 0.1530057 0.0935099 0.2357628 0.0970461 0.1281952 0.1256602 0.1717052 0.0762487 0.1287166 0.0997180 0.1799010 0.1085935 0.1020962 0.0737965 0.3393726 0.1647804 0.2541472 0.0303282 0.1475305 0.1265830 0.1399202 0.1276558 0.1062475 0.0598751 0.0909484 0.1345896 0.0877653 0.1213203 0.1115528 0.0881083 0.0780754 0.1375505 0.1803311 0.1515414 0.1225932 0.0979879 0.2673166 0.1252997 0.2491322 0.1422438 0.1186879 0.0907992 0.1096240 
HQ015378.1_Ihlea_racovitzai              0.1571426 0.1293707 0.1887020 0.1586746 0.1504244 0.1211054 0.1508643 0.1110969 0.0371488 0.1318257 0.1537207 0.1357635 0.1299164 0.0000000 0.1873487 0.1194025 0.1558534 0.1078575 0.1247848 0.1629357 0.1670532 0.1376875 0.2502285 0.1341276 0.1292771 0.1575897 0.1862357 0.1079309 0.1472811 0.1213232 0.1881463 0.1226561 0.1311526 0.1112522 0.3711590 0.1765826 0.2736789 0.1391261 0.1501021 0.1043346 0.1668053 0.1555638 0.1368434 0.1209209 0.1174274 0.1505362 0.1185958 0.1729237 0.1564707 0.1374758 0.1149795 0.1580467 0.1708529 0.1669480 0.1453522 0.1331184 0.2768017 0.1473682 0.2577346 0.1647508 0.1413690 0.1155676 0.1344802 
AB013012.1_Doliolum_nationalis           0.1499439 0.1763929 0.0299693 0.1668779 0.1366133 0.1651212 0.1945248 0.1532755 0.1796061 0.1774221 0.1504962 0.1973184 0.1741015 0.1873487 0.0000000 0.1546641 0.1499358 0.1480711 0.1635451 0.1595808 0.1655396 0.1777623 0.2747380 0.1691789 0.1329351 0.1503612 0.0305735 0.1476941 0.1673301 0.1672915 0.1856225 0.1505088 0.1751149 0.1588452 0.3347779 0.1651140 0.2595912 0.1937598 0.1507536 0.1997161 0.1603744 0.1442585 0.1806766 0.1807114 0.1620457 0.1485033 0.1612149 0.2092696 0.2019924 0.1786477 0.1548185 0.1707161 0.2505928 0.1717075 0.1692727 0.1681960 0.2546782 0.1762876 0.2519717 0.1598106 0.1373902 0.1630703 0.1819444 
HQ015400.1_Iasis_cylindrica              0.1049255 0.0743815 0.1514455 0.1265248 0.1095235 0.0717712 0.0800102 0.0533161 0.1129763 0.0773244 0.1126700 0.0934795 0.0737903 0.1194025 0.1546641 0.0000000 0.1036591 0.0478599 0.0702143 0.1129357 0.1312864 0.0342694 0.2386748 0.0572561 0.0986300 0.1052043 0.1498673 0.0438943 0.1032786 0.0409648 0.1459612 0.0780987 0.0781887 0.0286615 0.3182084 0.1369628 0.2430110 0.0877718 0.1172032 0.1059976 0.1228021 0.1026066 0.0764250 0.0806869 0.0653900 0.1201533 0.0660601 0.0569810 0.0940757 0.0625656 0.0480402 0.1317673 0.1416499 0.1242033 0.0991546 0.0626186 0.2355702 0.1004228 0.2164723 0.1304034 0.0930700 0.0646302 0.0809135 
HQ015382.1_Pyrosomella_verticillata      0.0011550 0.1228043 0.1395649 0.0817289 0.0834585 0.1220899 0.1418564 0.1079352 0.1522356 0.1273031 0.0926282 0.1549031 0.1250286 0.1558534 0.1499358 0.1036591 0.0000000 0.1128585 0.1303594 0.0350975 0.0790270 0.1200038 0.2380890 0.1291239 0.0261996 0.0000010 0.1484750 0.1134271 0.1446476 0.1217280 0.1295821 0.1111551 0.1325118 0.0998649 0.3165316 0.0995769 0.2328266 0.1325217 0.0863807 0.1533992 0.0439626 0.0251553 0.1353689 0.1388076 0.1203337 0.0875668 0.1219855 0.1506066 0.1548890 0.1284162 0.1138544 0.1393685 0.2080094 0.0432187 0.1354496 0.1245626 0.2297762 0.1435375 0.2078821 0.0910704 0.0181316 0.1127147 0.1318471 
HQ015407.1_Salpa_maxima                  0.1142590 0.0767358 0.1497320 0.1307966 0.1146734 0.0392828 0.0748001 0.0446508 0.1011601 0.0803565 0.1161932 0.0902854 0.0768236 0.1078575 0.1480711 0.0478599 0.1128585 0.0000000 0.0611329 0.1204351 0.1358251 0.0703292 0.2348502 0.0479268 0.0954613 0.1145664 0.1477690 0.0005876 0.1070857 0.0689333 0.1484308 0.0787661 0.0702480 0.0553128 0.3163640 0.1448309 0.2436913 0.0893646 0.1200051 0.1059572 0.1326089 0.1134547 0.0667711 0.0763152 0.0301688 0.1212155 0.0555525 0.0980543 0.0627174 0.0516704 0.0095547 0.1330848 0.1380230 0.1333351 0.1022403 0.0592189 0.2442045 0.1026425 0.2291914 0.1323209 0.1013388 0.0532694 0.0711167 
HQ015394.1_Cyclosalpa_polae              0.1310833 0.1048750 0.1670728 0.1448901 0.1350860 0.0870931 0.0763717 0.0433325 0.1331197 0.1074098 0.1367767 0.0427146 0.1047453 0.1247848 0.1635451 0.0702143 0.1303594 0.0611329 0.0000000 0.1391935 0.1559372 0.0908216 0.2533496 0.0403376 0.1160611 0.1314422 0.1659309 0.0593294 0.1289063 0.0502479 0.1652474 0.0874033 0.0975169 0.0815832 0.3439916 0.1613026 0.2728369 0.1212288 0.1351632 0.1323893 0.1509297 0.1309619 0.0640845 0.0906821 0.0806603 0.1357752 0.0855941 0.1206286 0.1171369 0.0808636 0.0645720 0.1436438 0.0828720 0.1499076 0.1185157 0.0530210 0.2675338 0.1241550 0.2462643 0.1499591 0.1174719 0.0534982 0.0707015 
HQ015385.1_Pyrosoma_atlanticum           0.0337431 0.1380444 0.1402408 0.0838976 0.0738993 0.1287932 0.1502240 0.1048197 0.1584635 0.1404739 0.0959662 0.1672153 0.1404739 0.1629357 0.1595808 0.1129357 0.0350975 0.1204351 0.1391935 0.0000000 0.1105255 0.1289191 0.2555082 0.1364759 0.0257573 0.0350975 0.1577889 0.1194905 0.1516926 0.1341955 0.1401048 0.1157162 0.1411540 0.1091480 0.3279899 0.1226473 0.2437793 0.1510651 0.0858818 0.1602911 0.0522951 0.0337946 0.1316283 0.1518915 0.1260312 0.0982757 0.1293645 0.1604577 0.1669716 0.1380607 0.1222893 0.1479207 0.2231679 0.0313358 0.1409299 0.1326895 0.2541738 0.1506693 0.2154466 0.1030309 0.0167715 0.1203156 0.1378385 
FM244840.1_Clavelina_meridionalis        0.0785541 0.1516337 0.1571954 0.1113166 0.0492021 0.1444142 0.1666420 0.1256396 0.1509459 0.1564716 0.0898864 0.1918005 0.1530057 0.1670532 0.1655396 0.1312864 0.0790270 0.1358251 0.1559372 0.1105255 0.0000000 0.1485329 0.2455615 0.1523819 0.0830007 0.0802122 0.1618282 0.1347453 0.1514914 0.1571691 0.1253507 0.1211918 0.1563312 0.1326034 0.3319407 0.0959847 0.2295054 0.1469374 0.0787726 0.1645075 0.1197488 0.0963018 0.1519103 0.1576593 0.1392817 0.0781855 0.1448218 0.1835672 0.1869787 0.1578670 0.1360393 0.1381844 0.2510164 0.1231483 0.1495027 0.1435890 0.2283894 0.1492347 0.2131435 0.0879416 0.0947463 0.1280292 0.1469086 
HQ015399.1_Iasis_cylindrica              0.1202911 0.0942125 0.1711224 0.1461997 0.1300853 0.0855454 0.0959935 0.0684175 0.1193293 0.0935099 0.1250235 0.1181971 0.0935099 0.1376875 0.1777623 0.0342694 0.1200038 0.0703292 0.0908216 0.1289191 0.1485329 0.0000000 0.2498720 0.0837021 0.1157774 0.1205219 0.1652472 0.0697554 0.1237159 0.0734912 0.1698854 0.1029874 0.0912488 0.0455073 0.3579558 0.1524282 0.2663746 0.1079416 0.1376821 0.1274598 0.1356767 0.0954446 0.0918091 0.1090725 0.0813011 0.1398578 0.0826018 0.0296067 0.1110254 0.0819215 0.0742735 0.1323235 0.1692961 0.1401238 0.1023607 0.0449885 0.2632100 0.1201337 0.2290480 0.1514091 0.1075404 0.0757472 0.0926653 
AB013014.1_Oikopleura_dioica             0.2390123 0.2391147 0.2645453 0.2511734 0.2276697 0.2478621 0.2820510 0.2303380 0.2458052 0.2377951 0.2256135 0.2976402 0.2357628 0.2502285 0.2747380 0.2386748 0.2380890 0.2348502 0.2533496 0.2555082 0.2455615 0.2498720 0.0000000 0.2530432 0.2177038 0.2397425 0.2692075 0.2334886 0.2671209 0.2501923 0.2361363 0.2259038 0.2631270 0.2368166 0.4655501 0.2489853 0.3302231 0.2632561 0.2247693 0.2604432 0.2524019 0.2365039 0.2692961 0.2506522 0.2456463 0.2271633 0.2455185 0.2841712 0.2948890 0.2643915 0.2402496 0.2395376 0.3725838 0.2635193 0.2474808 0.2518706 0.3119413 0.2604942 0.2904517 0.2399769 0.2240364 0.2423229 0.2715283 
HQ015410.1_Ritteriella_retracta          0.1299926 0.0971138 0.1712155 0.1447353 0.1331153 0.0710286 0.0897381 0.0593311 0.1333438 0.0975073 0.1344716 0.0672982 0.0970461 0.1341276 0.1691789 0.0572561 0.1291239 0.0479268 0.0403376 0.1364759 0.1523819 0.0837021 0.2530432 0.0000000 0.1140535 0.1303475 0.1678964 0.0475297 0.1282572 0.0476566 0.1674348 0.0846002 0.0831143 0.0686225 0.3412949 0.1565558 0.2703430 0.1103824 0.1386453 0.1288602 0.1401159 0.1276491 0.0817177 0.0833092 0.0701950 0.1414879 0.0702555 0.1143702 0.0963402 0.0528021 0.0524863 0.1484383 0.1101635 0.1498226 0.1237269 0.0744429 0.2634573 0.1245319 0.2390641 0.1546876 0.1150189 0.0706533 0.0897529 
FM244862.1_Pyrosoma_godeauxi             0.0255018 0.1257071 0.1277102 0.0575471 0.0605752 0.1071563 0.1277533 0.0938882 0.1249774 0.1281952 0.0775519 0.1452544 0.1281952 0.1292771 0.1329351 0.0986300 0.0261996 0.0954613 0.1160611 0.0257573 0.0830007 0.1157774 0.2177038 0.1140535 0.0000000 0.0261996 0.1295135 0.0945469 0.1240114 0.1264629 0.1137151 0.0883084 0.1183981 0.1003568 0.3025031 0.1031318 0.2159502 0.1346077 0.0658422 0.1263820 0.0421848 0.0248789 0.1114251 0.1347675 0.1009893 0.0771586 0.0981577 0.1494824 0.1439514 0.1155680 0.0945849 0.1203356 0.1977831 0.0321204 0.1134027 0.1105463 0.2293640 0.1221146 0.1894980 0.0842034 0.0122928 0.0945290 0.1046682 
HQ015381.1_Pyrosoma_atlanticum           0.0011570 0.1228043 0.1395649 0.0829660 0.0847276 0.1240538 0.1407217 0.1079352 0.1547943 0.1248703 0.0940330 0.1552643 0.1256602 0.1575897 0.1503612 0.1052043 0.0000010 0.1145664 0.1314422 0.0350975 0.0802122 0.1205219 0.2397425 0.1303475 0.0261996 0.0000000 0.1499137 0.1136776 0.1459225 0.1217280 0.1316168 0.1117147 0.1343268 0.0998649 0.3178535 0.1010609 0.2323294 0.1326298 0.0873155 0.1544922 0.0418284 0.0248399 0.1376293 0.1409805 0.1209544 0.0880144 0.1237984 0.1502808 0.1563620 0.1294623 0.1138544 0.1415358 0.2060942 0.0428765 0.1363749 0.1245626 0.2327773 0.1458766 0.2074576 0.0907964 0.0181753 0.1132900 0.1322352 
FM244861.1_Doliolum_denticulatu          0.1494968 0.1750712 0.0347208 0.1621994 0.1348903 0.1659666 0.1984477 0.1556013 0.1719042 0.1741380 0.1352683 0.2090622 0.1717052 0.1862357 0.0305735 0.1498673 0.1484750 0.1477690 0.1659309 0.1577889 0.1618282 0.1652472 0.2692075 0.1678964 0.1295135 0.1499137 0.0000000 0.1490533 0.1778418 0.1705016 0.1815457 0.1530089 0.1717319 0.1576545 0.3329407 0.1639911 0.2542103 0.1907190 0.1471454 0.1951785 0.1615179 0.1409012 0.1797526 0.1790969 0.1623762 0.1473024 0.1680850 0.1954917 0.2078962 0.1833007 0.1553497 0.1715103 0.2652797 0.1686280 0.1700494 0.1656050 0.2559209 0.1787306 0.2416218 0.1580461 0.1359696 0.1636754 0.1836819 
HQ015408.1_Salpa_maxima                  0.1133730 0.0759513 0.1487081 0.1316012 0.1155350 0.0360700 0.0726921 0.0439207 0.1014280 0.0762487 0.1148986 0.0894735 0.0762487 0.1079309 0.1476941 0.0438943 0.1134271 0.0005876 0.0593294 0.1194905 0.1347453 0.0697554 0.2334886 0.0475297 0.0945469 0.1136776 0.1490533 0.0000000 0.1061615 0.0681568 0.1493568 0.0781987 0.0702039 0.0545196 0.3152954 0.1387026 0.2336620 0.0885250 0.1201904 0.1055516 0.1255636 0.1125069 0.0661657 0.0759488 0.0295743 0.1207580 0.0547679 0.0965818 0.0560543 0.0511600 0.0089461 0.1272585 0.1355637 0.1323984 0.1018337 0.0584851 0.2454560 0.1029185 0.2280250 0.1325090 0.1005527 0.0526824 0.0703835 
HQ015388.1_Pegea_bicaudata               0.1455192 0.1272146 0.1627879 0.1417134 0.1304323 0.1186727 0.1305758 0.1009756 0.1451838 0.1314385 0.1412177 0.1493974 0.1287166 0.1472811 0.1673301 0.1032786 0.1446476 0.1070857 0.1289063 0.1516926 0.1514914 0.1237159 0.2671209 0.1282572 0.1240114 0.1459225 0.1778418 0.1061615 0.0000000 0.1284524 0.1787951 0.1003769 0.1363774 0.1077949 0.3416258 0.1639501 0.2523538 0.1439780 0.1442274 0.1450496 0.1518358 0.1377886 0.1242248 0.1343164 0.1204377 0.1455945 0.1227192 0.1524710 0.1508443 0.1259801 0.1125109 0.1411411 0.1970405 0.1614685 0.0344943 0.1174397 0.2639701 0.0179250 0.2503394 0.1542607 0.1311740 0.1093463 0.1247895 
HQ015402.1_Iasis_cylindrica              0.1216677 0.0998555 0.1789435 0.1565389 0.1356827 0.0915007 0.1075294 0.0809276 0.1377961 0.0997180 0.1373561 0.0453078 0.0997180 0.1213232 0.1672915 0.0409648 0.1217280 0.0689333 0.0502479 0.1341955 0.1571691 0.0734912 0.2501923 0.0476566 0.1264629 0.1217280 0.1705016 0.0681568 0.1284524 0.0000000 0.1706023 0.0900878 0.1025083 0.0618788 0.3469871 0.1614047 0.2693801 0.1162296 0.1400645 0.1351356 0.1389457 0.1240530 0.1047644 0.0849388 0.0863647 0.1384807 0.0861601 0.0978041 0.1191443 0.0886340 0.0725366 0.1528764 0.0862420 0.1465412 0.1203442 0.0934442 0.2603331 0.1265400 0.2515707 0.1513264 0.1118956 0.0876416 0.1039795 
AY903925.1_Halocynthia_igaboja           0.1329664 0.1779496 0.1721705 0.1441492 0.1099776 0.1633326 0.1818117 0.1546959 0.1765722 0.1822564 0.1243187 0.2029627 0.1799010 0.1881463 0.1856225 0.1459612 0.1295821 0.1484308 0.1652474 0.1401048 0.1253507 0.1698854 0.2361363 0.1674348 0.1137151 0.1316168 0.1815457 0.1493568 0.1787951 0.1706023 0.0000000 0.1446078 0.1778141 0.1566509 0.3124576 0.1326536 0.1713736 0.1938818 0.1156195 0.1851628 0.1465297 0.1242112 0.1756660 0.1782560 0.1658703 0.1173857 0.1679921 0.2044592 0.2012192 0.1712173 0.1473039 0.1703453 0.2521397 0.1478110 0.1740968 0.1615398 0.2240707 0.1767314 0.2015830 0.1188622 0.1195825 0.1568048 0.1750124 
HQ015390.1_Thetys_vagina                 0.1114167 0.1086915 0.1457331 0.1150117 0.1028364 0.0952730 0.1136228 0.0780389 0.1190776 0.1085935 0.1176630 0.1179815 0.1085935 0.1226561 0.1505088 0.0780987 0.1111551 0.0787661 0.0874033 0.1157162 0.1211918 0.1029874 0.2259038 0.0846002 0.0883084 0.1117147 0.1530089 0.0781987 0.1003769 0.0900878 0.1446078 0.0000000 0.1102412 0.0789014 0.3006996 0.1253500 0.2190663 0.1229233 0.1046964 0.1161998 0.1162986 0.1066316 0.1001147 0.0918743 0.0948248 0.1091757 0.0939905 0.1296932 0.1313499 0.1027182 0.0830697 0.0790686 0.1629086 0.1257617 0.0982574 0.0971317 0.2159557 0.0985356 0.2013302 0.1205980 0.0970560 0.0870027 0.1038823 
HQ015403.1_Brooksia_rostrata             0.1339562 0.1014003 0.1795603 0.1518547 0.1340027 0.0631285 0.1008022 0.0682017 0.1180821 0.1054434 0.1246906 0.1278460 0.1020962 0.1311526 0.1751149 0.0781887 0.1325118 0.0702480 0.0975169 0.1411540 0.1563312 0.0912488 0.2631270 0.0831143 0.1183981 0.1343268 0.1717319 0.0702039 0.1363774 0.1025083 0.1778141 0.1102412 0.0000000 0.0533197 0.3409828 0.1572259 0.2685993 0.1149028 0.1490464 0.1323530 0.1493004 0.1318889 0.0912954 0.1084354 0.0622611 0.1491245 0.0425669 0.0961930 0.1077703 0.0789123 0.0720737 0.1377028 0.1820717 0.1554204 0.1282580 0.0827313 0.2725540 0.1351088 0.2448088 0.1616042 0.1200584 0.0606491 0.0811891 
FM244866.1_Iasis_cylindrica              0.0998134 0.0730910 0.1632943 0.1335744 0.1118085 0.0552406 0.0873839 0.0595850 0.1031876 0.0737965 0.1201621 0.1095779 0.0737965 0.1112522 0.1588452 0.0286615 0.0998649 0.0553128 0.0815832 0.1091480 0.1326034 0.0455073 0.2368166 0.0686225 0.1003568 0.0998649 0.1576545 0.0545196 0.1077949 0.0618788 0.1566509 0.0789014 0.0533197 0.0000000 0.3274735 0.1416922 0.2424499 0.0863750 0.1222444 0.1119208 0.1149138 0.1019745 0.0820960 0.0823507 0.0430811 0.1221311 0.0632701 0.0610965 0.0963418 0.0651517 0.0590484 0.1203418 0.1576907 0.1214964 0.0947218 0.0702661 0.2440042 0.1066903 0.2226905 0.1331195 0.0900418 0.0428192 0.0616391 
M97574.1_Myxine_glutinosa                0.3159204 0.3328510 0.3315069 0.3340888 0.2922091 0.3394433 0.3480894 0.3252132 0.3598282 0.3422130 0.3138417 0.3797499 0.3393726 0.3711590 0.3347779 0.3182084 0.3165316 0.3163640 0.3439916 0.3279899 0.3319407 0.3579558 0.4655501 0.3412949 0.3025031 0.3178535 0.3329407 0.3152954 0.3416258 0.3469871 0.3124576 0.3006996 0.3409828 0.3274735 0.0000000 0.3305810 0.4101727 0.3655222 0.3123123 0.3887738 0.3316505 0.3108068 0.3524654 0.3342542 0.3349250 0.3247271 0.3345454 0.3932062 0.3849898 0.3414964 0.3203476 0.3433594 0.4466320 0.3373380 0.3613649 0.3370813 0.3316266 0.3450198 0.2707032 0.3223811 0.3004635 0.3196202 0.3433926 
L12378.2_Ascidia_ceratodes               0.0993394 0.1626495 0.1583355 0.1179491 0.0878118 0.1579976 0.1711210 0.1404979 0.1688162 0.1672275 0.1020769 0.1896025 0.1647804 0.1765826 0.1651140 0.1369628 0.0995769 0.1448309 0.1613026 0.1226473 0.0959847 0.1524282 0.2489853 0.1565558 0.1031318 0.1010609 0.1639911 0.1387026 0.1639501 0.1614047 0.1326536 0.1253500 0.1572259 0.1416922 0.3305810 0.0000000 0.2354012 0.1633705 0.0826784 0.1772006 0.1326864 0.1067551 0.1641370 0.1742989 0.1526309 0.0859092 0.1504006 0.1828891 0.2029464 0.1581428 0.1381895 0.1577210 0.2431942 0.1345933 0.1594084 0.1479098 0.2218093 0.1603192 0.2087105 0.0913896 0.1042515 0.1456591 0.1685659 
L12426.2_Molgula_manhattensis            0.2317181 0.2524834 0.2525845 0.2505849 0.2054069 0.2579450 0.2863876 0.2482090 0.2691175 0.2572667 0.2085687 0.3034090 0.2541472 0.2736789 0.2595912 0.2430110 0.2328266 0.2436913 0.2728369 0.2437793 0.2295054 0.2663746 0.3302231 0.2703430 0.2159502 0.2323294 0.2542103 0.2336620 0.2523538 0.2693801 0.1713736 0.2190663 0.2685993 0.2424499 0.4101727 0.2354012 0.0000000 0.2779461 0.2188966 0.2755053 0.2200224 0.2219539 0.2803435 0.2775595 0.2497440 0.1959257 0.2592917 0.3005172 0.2948586 0.2763389 0.2367738 0.2433004 0.3459197 0.2601753 0.2502540 0.2578525 0.2904012 0.2638724 0.2736025 0.1795508 0.2170086 0.2482803 0.2628268 
D14366.1_Thalia_democratica              0.1324562 0.0284254 0.1856495 0.1649316 0.1480965 0.1071195 0.1212056 0.0933059 0.1330628 0.0303282 0.1525911 0.1516362 0.0303282 0.1391261 0.1937598 0.0877718 0.1325217 0.0893646 0.1212288 0.1510651 0.1469374 0.1079416 0.2632561 0.1103824 0.1346077 0.1326298 0.1907190 0.0885250 0.1439780 0.1162296 0.1938818 0.1229233 0.1149028 0.0863750 0.3655222 0.1633705 0.2779461 0.0000000 0.1576254 0.1342843 0.1588479 0.1392981 0.1189246 0.0744859 0.1037779 0.1573665 0.0991640 0.1377267 0.1328141 0.1064847 0.0919567 0.1518086 0.2075105 0.1647294 0.1338462 0.1129505 0.3009584 0.1409200 0.2605619 0.1682413 0.1322981 0.1035402 0.1229492 
AB104873.1_Perophora_sagamiensis         0.0856116 0.1462452 0.1383123 0.0800121 0.0588414 0.1325121 0.1528128 0.1179958 0.1449521 0.1485275 0.0765271 0.1649861 0.1475305 0.1501021 0.1507536 0.1172032 0.0863807 0.1200051 0.1351632 0.0858818 0.0787726 0.1376821 0.2247693 0.1386453 0.0658422 0.0873155 0.1471454 0.1201904 0.1442274 0.1400645 0.1156195 0.1046964 0.1490464 0.1222444 0.3123123 0.0826784 0.2188966 0.1576254 0.0000000 0.1434804 0.0940347 0.0796573 0.1381349 0.1471778 0.1323192 0.0653519 0.1339426 0.1697419 0.1709566 0.1429626 0.1207331 0.1316632 0.2172947 0.0909746 0.1375714 0.1317288 0.2253066 0.1395508 0.1851054 0.0747172 0.0706497 0.1209844 0.1402052 
HQ015377.1_Salpidae_gen._nov._sp._nov._A 0.1540492 0.1276493 0.1847367 0.1226346 0.1500589 0.1220702 0.1462158 0.1076421 0.0917753 0.1264809 0.1511237 0.1692075 0.1265830 0.1043346 0.1997161 0.1059976 0.1533992 0.1059572 0.1323893 0.1602911 0.1645075 0.1274598 0.2604432 0.1288602 0.1263820 0.1544922 0.1951785 0.1055516 0.1450496 0.1351356 0.1851628 0.1161998 0.1323530 0.1119208 0.3887738 0.1772006 0.2755053 0.1342843 0.1434804 0.0000000 0.1685541 0.1495937 0.1348182 0.1199210 0.1206462 0.1587238 0.1105713 0.1643384 0.1555510 0.1332563 0.1077027 0.1530206 0.2261339 0.1666861 0.1376532 0.1259142 0.2937940 0.1394292 0.2364105 0.1661303 0.1387392 0.1155671 0.1324927 
AB013011.1_Pyrosoma_atlanticum           0.0410884 0.1386144 0.1531331 0.0928644 0.0940414 0.1432803 0.1577049 0.1217456 0.1634895 0.1451672 0.1117489 0.1702983 0.1399202 0.1668053 0.1603744 0.1228021 0.0439626 0.1326089 0.1509297 0.0522951 0.1197488 0.1356767 0.2524019 0.1401159 0.0421848 0.0418284 0.1615179 0.1255636 0.1518358 0.1389457 0.1465297 0.1162986 0.1493004 0.1149138 0.3316505 0.1326864 0.2200224 0.1588479 0.0940347 0.1685541 0.0000000 0.0436325 0.1515313 0.1535187 0.1324784 0.0977562 0.1383890 0.1658008 0.1812957 0.1460401 0.1260223 0.1561162 0.2071724 0.0590818 0.1484694 0.1395352 0.2494359 0.1602619 0.2297033 0.0949149 0.0335461 0.1245310 0.1444799 
FM244863.1_Pyrosomella_verticillata      0.0260698 0.1262775 0.1312178 0.0742253 0.0774124 0.1248834 0.1410438 0.1081210 0.1409366 0.1306605 0.0843885 0.1543745 0.1276558 0.1555638 0.1442585 0.1026066 0.0251553 0.1134547 0.1309619 0.0337946 0.0963018 0.0954446 0.2365039 0.1276491 0.0248789 0.0248399 0.1409012 0.1125069 0.1377886 0.1240530 0.1242112 0.1066316 0.1318889 0.1019745 0.3108068 0.1067551 0.2219539 0.1392981 0.0796573 0.1495937 0.0436325 0.0000000 0.1344371 0.1409695 0.1194645 0.0868319 0.1238426 0.1252806 0.1588426 0.1298081 0.1130034 0.1284431 0.2080614 0.0398555 0.1240919 0.1009110 0.2353316 0.1343556 0.2001020 0.0927613 0.0156931 0.1132562 0.1305749 
FM244864.1_Cyclosalpa_quadriluminis      0.1372406 0.1063932 0.1697820 0.1399462 0.1260327 0.0804976 0.0762591 0.0291131 0.1314377 0.1097670 0.1323041 0.1000982 0.1062475 0.1368434 0.1806766 0.0764250 0.1353689 0.0667711 0.0640845 0.1316283 0.1519103 0.0918091 0.2692961 0.0817177 0.1114251 0.1376293 0.1797526 0.0661657 0.1242248 0.1047644 0.1756660 0.1001147 0.0912954 0.0820960 0.3524654 0.1641370 0.2803435 0.1189246 0.1381349 0.1348182 0.1515313 0.1344371 0.0000000 0.1139370 0.0783964 0.1446777 0.0808356 0.1224617 0.1109685 0.0823621 0.0717391 0.1376811 0.1511181 0.1500898 0.1158433 0.0527437 0.2819127 0.1184485 0.2606795 0.1542937 0.1191305 0.0516677 0.0689261 
HQ015412.1_Thalia_orientalis             0.1405920 0.0610128 0.1768462 0.1555481 0.1372990 0.0919916 0.1179259 0.0870729 0.1182518 0.0634787 0.1454464 0.1152924 0.0598751 0.1209209 0.1807114 0.0806869 0.1388076 0.0763152 0.0906821 0.1518915 0.1576593 0.1090725 0.2506522 0.0833092 0.1347675 0.1409805 0.1790969 0.0759488 0.1343164 0.0849388 0.1782560 0.0918743 0.1084354 0.0823507 0.3342542 0.1742989 0.2775595 0.0744859 0.1471778 0.1199210 0.1535187 0.1409695 0.1139370 0.0000000 0.0866365 0.1534986 0.0943345 0.1342946 0.1244513 0.1001350 0.0806912 0.1397936 0.1652232 0.1596794 0.1294165 0.1014247 0.2699350 0.1331735 0.2464406 0.1645183 0.1288568 0.0903042 0.1090038 
HQ015409.1_Salpa_fusiformis              0.1206243 0.0901818 0.1605784 0.1388482 0.1191633 0.0338317 0.0873364 0.0557082 0.1069165 0.0909484 0.1230323 0.1130637 0.0909484 0.1174274 0.1620457 0.0653900 0.1203337 0.0301688 0.0806603 0.1260312 0.1392817 0.0813011 0.2456463 0.0701950 0.1009893 0.1209544 0.1623762 0.0295743 0.1204377 0.0863647 0.1658703 0.0948248 0.0622611 0.0430811 0.3349250 0.1526309 0.2497440 0.1037779 0.1323192 0.1206462 0.1324784 0.1194645 0.0783964 0.0866365 0.0000000 0.1297914 0.0577189 0.1044145 0.0711076 0.0661794 0.0376568 0.1324540 0.1631818 0.1386703 0.1139113 0.0690235 0.2541326 0.1176676 0.2416653 0.1391953 0.1063619 0.0430278 0.0516711 
AF165821.2_Chelyosoma_siboja             0.0871062 0.1349376 0.1419936 0.1016010 0.0618004 0.1345157 0.1571937 0.1197181 0.1445868 0.1379962 0.0832734 0.1634768 0.1345896 0.1505362 0.1485033 0.1201533 0.0875668 0.1212155 0.1357752 0.0982757 0.0781855 0.1398578 0.2271633 0.1414879 0.0771586 0.0880144 0.1473024 0.1207580 0.1455945 0.1384807 0.1173857 0.1091757 0.1491245 0.1221311 0.3247271 0.0859092 0.1959257 0.1573665 0.0653519 0.1587238 0.0977562 0.0868319 0.1446777 0.1534986 0.1297914 0.0000000 0.1333625 0.1710620 0.1756426 0.1425785 0.1220006 0.1352244 0.2140661 0.1108993 0.1405521 0.1310699 0.2142273 0.1482711 0.2025232 0.0254277 0.0813357 0.1196702 0.1391530 
HQ015404.1_Brooksia_rostrata             0.1234590 0.0877607 0.1639818 0.1340842 0.1197087 0.0642334 0.0892206 0.0575648 0.1129044 0.0909239 0.1264323 0.1150753 0.0877653 0.1185958 0.1612149 0.0660601 0.1219855 0.0555525 0.0855941 0.1293645 0.1448218 0.0826018 0.2455185 0.0702555 0.0981577 0.1237984 0.1680850 0.0547679 0.1227192 0.0861601 0.1679921 0.0939905 0.0425669 0.0632701 0.3345454 0.1504006 0.2592917 0.0991640 0.1339426 0.1105713 0.1383890 0.1238426 0.0808356 0.0943345 0.0577189 0.1333625 0.0000000 0.1074612 0.0920066 0.0672818 0.0572293 0.1373784 0.1684217 0.1434547 0.1189564 0.0740089 0.2588565 0.1197550 0.2344952 0.1482224 0.1098213 0.0566604 0.0633355 
HQ015401.1_Iasis_cylindrica              0.1498573 0.1213525 0.2067245 0.1812656 0.1616899 0.1055516 0.1265862 0.0958613 0.1381770 0.1213203 0.1287755 0.1506703 0.1213203 0.1729237 0.2092696 0.0569810 0.1506066 0.0980543 0.1206286 0.1604577 0.1835672 0.0296067 0.2841712 0.1143702 0.1494824 0.1502808 0.1954917 0.0965818 0.1524710 0.0978041 0.2044592 0.1296932 0.0961930 0.0610965 0.3932062 0.1828891 0.3005172 0.1377267 0.1697419 0.1643384 0.1658008 0.1252806 0.1224617 0.1342946 0.1044145 0.1710620 0.1074612 0.0000000 0.1426883 0.1110519 0.1015809 0.1464384 0.2072587 0.1732857 0.1238546 0.0656244 0.2988749 0.1522926 0.2612012 0.1836354 0.1355524 0.1002483 0.1176538 
HQ015406.1_Salpa_thompsoni               0.1559798 0.1101274 0.2111503 0.1827424 0.1663496 0.0647105 0.0599726 0.0860423 0.1485069 0.1133596 0.1621358 0.1448401 0.1115528 0.1564707 0.2019924 0.0940757 0.1548890 0.0627174 0.1171369 0.1669716 0.1869787 0.1110254 0.2948890 0.0963402 0.1439514 0.1563620 0.2078962 0.0560543 0.1508443 0.1191443 0.2012192 0.1313499 0.1077703 0.0963418 0.3849898 0.2029464 0.2948586 0.1328141 0.1709566 0.1555510 0.1812957 0.1588426 0.1109685 0.1244513 0.0711076 0.1756426 0.0920066 0.1426883 0.0000000 0.0428565 0.0591601 0.1800800 0.2012516 0.1838402 0.1526936 0.1009815 0.2598225 0.1333552 0.2916578 0.1859012 0.1448136 0.0952028 0.1141638 
HQ015411.1_Ritteriella_retracta          0.1291568 0.0866066 0.1864728 0.1498742 0.1353351 0.0677175 0.0592320 0.0601609 0.1312301 0.0907818 0.1383897 0.1131401 0.0881083 0.1374758 0.1786477 0.0625656 0.1284162 0.0516704 0.0808636 0.1380607 0.1578670 0.0819215 0.2643915 0.0528021 0.1155680 0.1294623 0.1833007 0.0511600 0.1259801 0.0886340 0.1712173 0.1027182 0.0789123 0.0651517 0.3414964 0.1581428 0.2763389 0.1064847 0.1429626 0.1332563 0.1460401 0.1298081 0.0823621 0.1001350 0.0661794 0.1425785 0.0672818 0.1110519 0.0428565 0.0000000 0.0555759 0.1510611 0.1640913 0.1525119 0.1254258 0.0716926 0.2442929 0.1114672 0.2487982 0.1553182 0.1163152 0.0694428 0.0877288 
HQ015405.1_Salpa_aspera                  0.1138333 0.0774703 0.1533962 0.1330552 0.1170180 0.0409573 0.0745807 0.0482198 0.1083324 0.0780754 0.1171357 0.0922395 0.0780754 0.1149795 0.1548185 0.0480402 0.1138544 0.0095547 0.0645720 0.1222893 0.1360393 0.0742735 0.2402496 0.0524863 0.0945849 0.1138544 0.1553497 0.0089461 0.1125109 0.0725366 0.1473039 0.0830697 0.0720737 0.0590484 0.3203476 0.1381895 0.2367738 0.0919567 0.1207331 0.1077027 0.1260223 0.1130034 0.0717391 0.0806912 0.0376568 0.1220006 0.0572293 0.1015809 0.0591601 0.0555759 0.0000000 0.1272270 0.1347189 0.1341119 0.1049506 0.0635072 0.2543646 0.1060356 0.2359808 0.1346927 0.1026637 0.0579140 0.0759961 
HQ015389.1_Soestia_zonaria               0.1411484 0.1378735 0.1716899 0.1447864 0.1210443 0.1406329 0.1572146 0.1155178 0.1426922 0.1428376 0.1174053 0.1782495 0.1375505 0.1580467 0.1707161 0.1317673 0.1393685 0.1330848 0.1436438 0.1479207 0.1381844 0.1323235 0.2395376 0.1484383 0.1203356 0.1415358 0.1715103 0.1272585 0.1411411 0.1528764 0.1703453 0.0790686 0.1377028 0.1203418 0.3433594 0.1577210 0.2433004 0.1518086 0.1316632 0.1530206 0.1561162 0.1284431 0.1376811 0.1397936 0.1324540 0.1352244 0.1373784 0.1464384 0.1800800 0.1510611 0.1272270 0.0000000 0.2317337 0.1564891 0.1216085 0.1254230 0.2685108 0.1381019 0.2376431 0.1455427 0.1262720 0.1228613 0.1390977 
HQ015391.1_Cyclosalpa_affinis            0.2066202 0.1802383 0.2681103 0.2384901 0.2187054 0.1681256 0.1566220 0.1257744 0.2318197 0.1777894 0.2242846 0.0346450 0.1803311 0.1708529 0.2505928 0.1416499 0.2080094 0.1380230 0.0828720 0.2231679 0.2510164 0.1692961 0.3725838 0.1101635 0.1977831 0.2060942 0.2652797 0.1355637 0.1970405 0.0862420 0.2521397 0.1629086 0.1820717 0.1576907 0.4466320 0.2431942 0.3459197 0.2075105 0.2172947 0.2261339 0.2071724 0.2080614 0.1511181 0.1652232 0.1631818 0.2140661 0.1684217 0.2072587 0.2012516 0.1640913 0.1347189 0.2317337 0.0000000 0.2369452 0.1992500 0.1372594 0.3852242 0.2133199 0.3575986 0.2332116 0.1916501 0.1333539 0.1549081 
HQ015384.1_Pyrosoma_godeauxi             0.0414260 0.1502547 0.1498050 0.0843174 0.0877261 0.1436684 0.1619235 0.1224054 0.1634174 0.1529317 0.1094060 0.1785955 0.1515414 0.1669480 0.1717075 0.1242033 0.0432187 0.1333351 0.1499076 0.0313358 0.1231483 0.1401238 0.2635193 0.1498226 0.0321204 0.0428765 0.1686280 0.1323984 0.1614685 0.1465412 0.1478110 0.1257617 0.1554204 0.1214964 0.3373380 0.1345933 0.2601753 0.1647294 0.0909746 0.1666861 0.0590818 0.0398555 0.1500898 0.1596794 0.1386703 0.1108993 0.1434547 0.1732857 0.1838402 0.1525119 0.1341119 0.1564891 0.2369452 0.0000000 0.1489093 0.1443193 0.2581292 0.1593651 0.2203453 0.1165128 0.0222239 0.1304971 0.1485942 
HQ015386.1_Pegea_confoederata            0.1359993 0.1228733 0.1605788 0.1417551 0.1288784 0.1144207 0.1332109 0.0940638 0.1404573 0.1224963 0.1296386 0.1490024 0.1225932 0.1453522 0.1692727 0.0991546 0.1354496 0.1022403 0.1185157 0.1409299 0.1495027 0.1023607 0.2474808 0.1237269 0.1134027 0.1363749 0.1700494 0.1018337 0.0344943 0.1203442 0.1740968 0.0982574 0.1282580 0.0947218 0.3613649 0.1594084 0.2502540 0.1338462 0.1375714 0.1376532 0.1484694 0.1240919 0.1158433 0.1294165 0.1139113 0.1405521 0.1189564 0.1238546 0.1526936 0.1254258 0.1049506 0.1216085 0.1992500 0.1489093 0.0000000 0.1091000 0.2644981 0.0318829 0.2405500 0.1492279 0.1214888 0.1027588 0.1187806 
HQ015398.1_Cyclosalpa_sewelli            0.1245022 0.0973807 0.1643841 0.1375491 0.1272097 0.0717075 0.0646052 0.0335186 0.1100908 0.0979879 0.1233997 0.0897677 0.0979879 0.1331184 0.1681960 0.0626186 0.1245626 0.0592189 0.0530210 0.1326895 0.1435890 0.0449885 0.2518706 0.0744429 0.1105463 0.1245626 0.1656050 0.0584851 0.1174397 0.0934442 0.1615398 0.0971317 0.0827313 0.0702661 0.3370813 0.1479098 0.2578525 0.1129505 0.1317288 0.1259142 0.1395352 0.1009110 0.0527437 0.1014247 0.0690235 0.1310699 0.0740089 0.0656244 0.1009815 0.0716926 0.0635072 0.1254230 0.1372594 0.1443193 0.1091000 0.0000000 0.2576245 0.1148023 0.2293375 0.1433041 0.1123287 0.0427259 0.0593242 
M97571.1_Branchiostoma_floridae          0.2322838 0.2676967 0.2478808 0.2636316 0.2160175 0.2496990 0.2267003 0.2440964 0.2650220 0.2694331 0.2232041 0.3156427 0.2673166 0.2768017 0.2546782 0.2355702 0.2297762 0.2442045 0.2675338 0.2541738 0.2283894 0.2632100 0.3119413 0.2634573 0.2293640 0.2327773 0.2559209 0.2454560 0.2639701 0.2603331 0.2240707 0.2159557 0.2725540 0.2440042 0.3316266 0.2218093 0.2904012 0.3009584 0.2253066 0.2937940 0.2494359 0.2353316 0.2819127 0.2699350 0.2541326 0.2142273 0.2588565 0.2988749 0.2598225 0.2442929 0.2543646 0.2685108 0.3852242 0.2581292 0.2644981 0.2576245 0.0000000 0.2594149 0.2035080 0.2204806 0.2231521 0.2485603 0.2734454 
HQ015387.1_Pegea_confoederata            0.1455267 0.1247286 0.1653097 0.1398709 0.1285336 0.1173424 0.1202030 0.0966628 0.1386691 0.1270294 0.1375586 0.1599604 0.1252997 0.1473682 0.1762876 0.1004228 0.1435375 0.1026425 0.1241550 0.1506693 0.1492347 0.1201337 0.2604942 0.1245319 0.1221146 0.1458766 0.1787306 0.1029185 0.0179250 0.1265400 0.1767314 0.0985356 0.1351088 0.1066903 0.3450198 0.1603192 0.2638724 0.1409200 0.1395508 0.1394292 0.1602619 0.1343556 0.1184485 0.1331735 0.1176676 0.1482711 0.1197550 0.1522926 0.1333552 0.1114672 0.1060356 0.1381019 0.2133199 0.1593651 0.0318829 0.1148023 0.2594149 0.0000000 0.2404928 0.1550255 0.1302896 0.1049458 0.1229718 
M91181.1_Echinorhinus_cookei             0.2068412 0.2484400 0.2374624 0.2215801 0.1902614 0.2434443 0.2599114 0.2279263 0.2459039 0.2521653 0.2089083 0.2923141 0.2491322 0.2577346 0.2519717 0.2164723 0.2078821 0.2291914 0.2462643 0.2154466 0.2131435 0.2290480 0.2904517 0.2390641 0.1894980 0.2074576 0.2416218 0.2280250 0.2503394 0.2515707 0.2015830 0.2013302 0.2448088 0.2226905 0.2707032 0.2087105 0.2736025 0.2605619 0.1851054 0.2364105 0.2297033 0.2001020 0.2606795 0.2464406 0.2416653 0.2025232 0.2344952 0.2612012 0.2916578 0.2487982 0.2359808 0.2376431 0.3575986 0.2203453 0.2405500 0.2293375 0.2035080 0.2404928 0.0000000 0.2112439 0.1912950 0.2317631 0.2504850 
