63
AB013011.1_Pyrosoma_atlanticum           0.0000000 0.1674768 0.2753778 0.0890327 0.0782783 0.0655421 0.0831795 0.1527573 0.0786022 0.0723209 0.1609503 0.0183139 0.0147198 0.1159250 0.1448516 0.1333175 0.1504875 0.0115038 0.1464872 0.1496813 0.1501047 0.0451920 0.0148518 0.0146573 0.0141936 0.0156815 0.0153736 0.1297266 0.1374389 0.1374069 0.1414790 0.1061015 0.1866209 0.1423360 0.1192475 0.1255270 0.1464345 0.1403789 0.1102699 0.1157574 0.1082996 0.1177657 0.1248544 0.1160419 0.1524394 0.1626096 0.1284010 0.1280452 0.1338027 0.1287294 0.1564490 0.1249945 0.1085719 0.1471409 0.1353460 0.1369322 0.1401286 0.1118157 0.2280952 0.2330843 0.2454219 0.3829043 0.1422877 
AB013012.1_Doliolum_nationalis           0.1674768 0.0000000 0.3367611 0.1735677 0.1675239 0.1712230 0.1689439 0.2222330 0.1688296 0.1608058 0.0282726 0.1578289 0.1654388 0.1879419 0.2077463 0.2143430 0.2106747 0.1656386 0.0237776 0.2168534 0.2152516 0.1579494 0.1662363 0.1644583 0.1658270 0.1773589 0.1685344 0.2008459 0.2140613 0.2018964 0.1980108 0.1813620 0.2976426 0.2296198 0.1930623 0.1858252 0.2245624 0.2184887 0.1740209 0.1871932 0.1880925 0.1864306 0.2061142 0.1891737 0.2231562 0.2407327 0.1969374 0.1809313 0.1835280 0.1872547 0.2271435 0.1963381 0.1847638 0.2117864 0.1981907 0.1941856 0.1970825 0.1764268 0.2691155 0.2800032 0.2807353 0.4539158 0.2295072 
AB013014.1_Oikopleura_dioica             0.2753778 0.3367611 0.0000000 0.2778253 0.2679563 0.2534281 0.2666543 0.3014529 0.2642727 0.2608958 0.3386623 0.2588027 0.2760286 0.3028203 0.3028784 0.3166032 0.3197457 0.2749766 0.3220076 0.2958657 0.3110377 0.2593421 0.2801370 0.2776903 0.2793491 0.2857769 0.2863833 0.3043405 0.3393099 0.3256461 0.2869000 0.2741008 0.4307083 0.3452086 0.3019718 0.3024447 0.3374924 0.3272594 0.2804531 0.2955228 0.2939304 0.3043454 0.3145753 0.2962347 0.3320083 0.3509364 0.3188539 0.2963238 0.3123733 0.3127158 0.3473373 0.3086676 0.2839103 0.2888125 0.2790727 0.2746172 0.2771905 0.2874131 0.3436311 0.3517870 0.3682957 0.6039012 0.2818883 
AB013017.1_Ciona_intestinalis            0.0890327 0.1735677 0.2778253 0.0000000 0.0713430 0.0590631 0.0702809 0.1615282 0.0688725 0.0670619 0.1498200 0.0714420 0.0803454 0.1115425 0.1402148 0.1413578 0.1392069 0.0774842 0.1475991 0.1512601 0.1516516 0.0707998 0.0828970 0.0815846 0.0810832 0.0842254 0.0730335 0.1369997 0.1459953 0.1440624 0.1174603 0.1186553 0.2300249 0.1749695 0.1305053 0.1329698 0.1455664 0.1380204 0.1157675 0.1212803 0.1216477 0.1258622 0.1217574 0.1455213 0.1500294 0.1669044 0.1383496 0.1277827 0.1337824 0.1355276 0.1510081 0.1457199 0.1242383 0.1588137 0.1464802 0.1461101 0.1493092 0.0850915 0.1978272 0.2176643 0.2376848 0.3996920 0.1264380 
AB075543.1_Megalodicopia_hians           0.0782783 0.1675239 0.2679563 0.0713430 0.0000000 0.0454463 0.0228143 0.1660054 0.0551439 0.0492386 0.1584482 0.0636310 0.0709268 0.1211433 0.1442225 0.1503422 0.1596242 0.0681422 0.1441155 0.1475029 0.1471635 0.0606363 0.0699079 0.0704473 0.0690167 0.0718087 0.0661661 0.1341437 0.1489229 0.1470047 0.1333489 0.1090736 0.2260618 0.1712801 0.1334868 0.1358615 0.1529758 0.1476034 0.1184347 0.1248775 0.1289307 0.1288629 0.1466052 0.1376689 0.1765987 0.1811930 0.1384440 0.1336393 0.1347410 0.1359625 0.1611040 0.1512833 0.1291637 0.1609914 0.1461200 0.1467007 0.1488830 0.0741196 0.1833785 0.2050307 0.2195633 0.3821912 0.1105723 
AB104873.1_Perophora_sagamiensis         0.0655421 0.1712230 0.2534281 0.0590631 0.0454463 0.0000000 0.0456898 0.1541530 0.0469948 0.0447019 0.1575966 0.0509170 0.0597970 0.1129750 0.1425812 0.1438400 0.1516375 0.0582787 0.1424245 0.1401985 0.1455385 0.0501363 0.0627503 0.0620681 0.0610805 0.0635176 0.0578975 0.1297152 0.1422940 0.1404358 0.1239194 0.0954958 0.2183705 0.1598100 0.1257905 0.1290329 0.1510997 0.1437807 0.1127110 0.1162404 0.1181577 0.1191100 0.1362978 0.1294630 0.1637815 0.1702135 0.1302477 0.1272011 0.1306200 0.1308101 0.1628653 0.1356527 0.1178992 0.1509559 0.1409180 0.1424983 0.1437056 0.0616756 0.1931047 0.1850836 0.2274556 0.3894899 0.1168753 
AF165821.2_Chelyosoma_siboja             0.0831795 0.1689439 0.2666543 0.0702809 0.0228143 0.0456898 0.0000000 0.1652022 0.0539343 0.0474189 0.1582155 0.0642622 0.0738489 0.1174525 0.1393230 0.1480480 0.1553402 0.0702093 0.1439457 0.1483607 0.1401870 0.0603738 0.0737197 0.0750190 0.0728046 0.0739846 0.0690887 0.1339377 0.1518185 0.1478621 0.1330563 0.1051415 0.2213906 0.1636846 0.1306164 0.1342853 0.1510162 0.1456591 0.1143513 0.1189082 0.1256911 0.1280933 0.1432311 0.1343686 0.1726091 0.1771565 0.1332839 0.1332649 0.1331698 0.1318359 0.1591434 0.1451471 0.1255462 0.1593376 0.1455398 0.1451044 0.1483211 0.0756624 0.1975840 0.2144146 0.2256162 0.4008333 0.1202782 
D14366.1_Thalia_democratica              0.1527573 0.2222330 0.3014529 0.1615282 0.1660054 0.1541530 0.1652022 0.0000000 0.1520152 0.1514767 0.2123942 0.1411807 0.1437489 0.0952537 0.1314206 0.1008688 0.1166155 0.1410359 0.2000101 0.1234051 0.1320229 0.1331153 0.1419729 0.1419729 0.1419729 0.1446186 0.1368826 0.1381865 0.1547328 0.1495617 0.1529283 0.1191814 0.1975119 0.1399290 0.0911608 0.1090893 0.1254853 0.1169007 0.0844370 0.0928967 0.0866307 0.0891506 0.1020362 0.1011508 0.1213160 0.1316242 0.0994310 0.0884774 0.0983790 0.0973743 0.1260018 0.1038784 0.0788555 0.0637248 0.0181705 0.0214802 0.0214802 0.1831532 0.2782677 0.2817462 0.3352974 0.4418745 0.2102611 
FM244840.1_Clavelina_meridionalis        0.0786022 0.1688296 0.2642727 0.0688725 0.0551439 0.0469948 0.0539343 0.1520152 0.0000000 0.0234445 0.1553395 0.0597820 0.0702167 0.1101665 0.1302831 0.1464306 0.1477172 0.0708057 0.1493956 0.1449936 0.1426104 0.0597766 0.0742851 0.0731186 0.0725242 0.0725109 0.0702958 0.1292883 0.1383688 0.1346838 0.1142965 0.1044801 0.2427504 0.1811267 0.1298595 0.1353180 0.1454239 0.1424322 0.1137173 0.1244767 0.1201174 0.1278178 0.1412709 0.1436130 0.1647025 0.1671481 0.1355554 0.1276394 0.1322999 0.1340527 0.1527500 0.1445697 0.1215365 0.1471200 0.1441735 0.1457548 0.1490106 0.0779112 0.1851648 0.2052812 0.2193882 0.3906827 0.1106123 
FM244841.1_Pycnoclavella_aff._detorta    0.0723209 0.1608058 0.2608958 0.0670619 0.0492386 0.0447019 0.0474189 0.1514767 0.0234445 0.0000000 0.1476646 0.0546387 0.0646854 0.1074381 0.1354413 0.1371270 0.1467295 0.0636893 0.1393899 0.1423369 0.1421185 0.0542024 0.0666397 0.0656010 0.0649254 0.0671154 0.0610965 0.1252875 0.1388981 0.1348012 0.1107572 0.0984998 0.2270278 0.1656103 0.1231882 0.1302026 0.1427132 0.1386926 0.1093553 0.1171787 0.1138548 0.1184697 0.1339912 0.1335368 0.1540639 0.1574276 0.1301808 0.1257076 0.1285049 0.1295774 0.1493641 0.1380132 0.1160731 0.1392933 0.1389255 0.1405233 0.1439938 0.0736339 0.1822939 0.2041339 0.2222250 0.3735690 0.1115588 
FM244861.1_Doliolum_denticulatu          0.1609503 0.0282726 0.3386623 0.1498200 0.1584482 0.1575966 0.1582155 0.2123942 0.1553395 0.1476646 0.0000000 0.1417792 0.1541420 0.1796384 0.1949344 0.1979263 0.1990867 0.1528901 0.0237556 0.2063324 0.2050869 0.1444676 0.1556161 0.1550545 0.1552368 0.1635209 0.1549249 0.1919812 0.2102144 0.2045501 0.1929429 0.1776317 0.3062452 0.2342857 0.1889569 0.1875135 0.2169400 0.2048024 0.1671747 0.1813723 0.1817972 0.1816797 0.1992811 0.1891541 0.2103674 0.2336230 0.1880750 0.1785029 0.1790066 0.1797863 0.2080180 0.2031278 0.1832556 0.2072459 0.1908077 0.1867314 0.1909878 0.1714368 0.2606652 0.2644002 0.2744706 0.4384376 0.2167350 
FM244862.1_Pyrosoma_godeauxi             0.0183139 0.1578289 0.2588027 0.0714420 0.0636310 0.0509170 0.0642622 0.1411807 0.0597820 0.0546387 0.1417792 0.0000000 0.0099204 0.1005598 0.1219887 0.1365561 0.1301674 0.0071005 0.1350437 0.1238150 0.1199867 0.0277606 0.0105905 0.0105905 0.0092444 0.0059106 0.0079518 0.1124318 0.1296137 0.1273421 0.1192168 0.0878543 0.2076100 0.1488090 0.1081314 0.1184424 0.1276720 0.1275381 0.1008031 0.1044054 0.1022129 0.1138150 0.1240739 0.1300620 0.1434581 0.1466721 0.1151415 0.1070058 0.1162357 0.1150792 0.1401212 0.1245174 0.1007884 0.1457827 0.1323204 0.1352153 0.1352153 0.0925611 0.2064833 0.2135911 0.2393331 0.3884941 0.1260646 
FM244863.1_Pyrosomella_verticillata      0.0147198 0.1654388 0.2760286 0.0803454 0.0709268 0.0597970 0.0738489 0.1437489 0.0702167 0.0646854 0.1541420 0.0099204 0.0000000 0.1097577 0.1391350 0.1289000 0.1366549 0.0029582 0.1355411 0.1400696 0.1460016 0.0386729 0.0060741 0.0059961 0.0072916 0.0079655 0.0075051 0.1234755 0.1365500 0.1344099 0.1300573 0.1015895 0.2146674 0.1543120 0.1171672 0.1246056 0.1402504 0.1341580 0.1082114 0.1075316 0.0994878 0.1112064 0.1185387 0.1214469 0.1480701 0.1569719 0.1267587 0.1178322 0.1251765 0.1260979 0.1477973 0.1296580 0.1079841 0.1455411 0.1291323 0.1307491 0.1342779 0.0949279 0.2086366 0.2246286 0.2448771 0.3897443 0.1280933 
FM244864.1_Cyclosalpa_quadriluminis      0.1159250 0.1879419 0.3028203 0.1115425 0.1211433 0.1129750 0.1174525 0.0952537 0.1101665 0.1074381 0.1796384 0.1005598 0.1097577 0.0000000 0.1050991 0.0805492 0.0738806 0.1084551 0.1717827 0.1081477 0.1208701 0.0927006 0.1138944 0.1119400 0.1136268 0.1146814 0.1077970 0.0977726 0.1063906 0.1061817 0.1172181 0.0786234 0.1178872 0.0713961 0.0320250 0.0329658 0.0545873 0.0466361 0.0121652 0.0205653 0.0573404 0.0627508 0.0699223 0.0766489 0.0826166 0.0949997 0.0650449 0.0537586 0.0599396 0.0591070 0.0827742 0.0618607 0.0412199 0.0899810 0.0820561 0.0829436 0.0861190 0.1301906 0.2395574 0.2539645 0.2675140 0.4139321 0.1735669 
FM244865.1_Ihlea_racovitzai              0.1448516 0.2077463 0.3028784 0.1402148 0.1442225 0.1425812 0.1393230 0.1314206 0.1302831 0.1354413 0.1949344 0.1219887 0.1391350 0.1050991 0.0000000 0.1213160 0.1195626 0.1381225 0.1971598 0.0804703 0.0206525 0.1170687 0.1434415 0.1408908 0.1430936 0.1469568 0.1387839 0.1452335 0.1471033 0.1503495 0.1479669 0.1181009 0.2390858 0.1752977 0.1206513 0.1288512 0.1383561 0.1272601 0.1016628 0.1115316 0.1116254 0.1235990 0.1228589 0.1331306 0.1289725 0.1382635 0.1222942 0.1069288 0.1125268 0.1138973 0.1265506 0.1345160 0.1081269 0.1222244 0.1188536 0.1204913 0.1237234 0.1581308 0.2543561 0.2667068 0.2844932 0.4473227 0.1965891 
FM244866.1_Iasis_cylindrica              0.1333175 0.2143430 0.3166032 0.1413578 0.1503422 0.1438400 0.1480480 0.1008688 0.1464306 0.1371270 0.1979263 0.1365561 0.1289000 0.0805492 0.1213160 0.0000000 0.0520982 0.1246346 0.2122649 0.1373993 0.1315953 0.1278883 0.1291751 0.1291751 0.1301802 0.1304382 0.1276729 0.1150097 0.1415462 0.1373516 0.1398147 0.1012684 0.1723838 0.1208044 0.0796122 0.0939722 0.0598544 0.0409953 0.0737828 0.0765913 0.0394171 0.0467505 0.0286640 0.0703614 0.0516892 0.0604684 0.0866488 0.0737276 0.0823441 0.0813496 0.0469672 0.0894526 0.0637939 0.1034993 0.0865206 0.0873210 0.0873210 0.1712488 0.2747496 0.2879498 0.2941333 0.4719875 0.2036272 
FM244867.1_Salpa_thompsoni               0.1504875 0.2106747 0.3197457 0.1392069 0.1596242 0.1516375 0.1553402 0.1166155 0.1477172 0.1467295 0.1990867 0.1301674 0.1366549 0.0738806 0.1195626 0.0520982 0.0000000 0.1368764 0.1983714 0.1312515 0.1341801 0.1297605 0.1408783 0.1383773 0.1405371 0.1479339 0.1357782 0.1247262 0.1431856 0.1395939 0.1406128 0.1157655 0.1785036 0.1192173 0.0727847 0.0870143 0.0684032 0.0565309 0.0637792 0.0684778 0.0708315 0.0860320 0.0524786 0.0943381 0.0443242 0.0697667 0.0589233 0.0360144 0.0566278 0.0548212 0.0364573 0.0793428 0.0567791 0.1065593 0.0998057 0.0997501 0.1028894 0.1752728 0.2695391 0.2853478 0.2903272 0.4425182 0.2084786 
HQ015380.1_Pyrosomella_verticillata      0.0115038 0.1656386 0.2749766 0.0774842 0.0681422 0.0582787 0.0702093 0.1410359 0.0708057 0.0636893 0.1528901 0.0071005 0.0029582 0.1084551 0.1381225 0.1246346 0.1368764 0.0000000 0.1359893 0.1379383 0.1360980 0.0355405 0.0029617 0.0029547 0.0041478 0.0029912 0.0048862 0.1197444 0.1376651 0.1345040 0.1281046 0.0964807 0.2012613 0.1461011 0.1120284 0.1204541 0.1370697 0.1315524 0.1033504 0.1083640 0.0987196 0.1090067 0.1163662 0.1163122 0.1450756 0.1539830 0.1215887 0.1133356 0.1219525 0.1209675 0.1459872 0.1242623 0.1036116 0.1422168 0.1255146 0.1274246 0.1274246 0.0951992 0.2099701 0.2188711 0.2435526 0.3858836 0.1304637 
HQ015376.1_Doliolum_denticulatum         0.1464872 0.0237776 0.3220076 0.1475991 0.1441155 0.1424245 0.1439457 0.2000101 0.1493956 0.1393899 0.0237556 0.1350437 0.1355411 0.1717827 0.1971598 0.2122649 0.1983714 0.1359893 0.0000000 0.1869127 0.1962419 0.1359617 0.1387560 0.1387560 0.1387560 0.1379995 0.1355550 0.1830487 0.2004656 0.1929772 0.1844915 0.1603610 0.2968105 0.2258728 0.1803191 0.1783141 0.2048907 0.2012980 0.1663471 0.1710189 0.1695984 0.1765920 0.1923958 0.1948981 0.2132446 0.2303058 0.1814525 0.1764609 0.1767788 0.1754292 0.2145746 0.1931689 0.1763193 0.1984059 0.1879444 0.1841862 0.1841862 0.1558288 0.2559152 0.2653332 0.2624445 0.4329784 0.2042982 
HQ015377.1_Salpidae_gen._nov._sp._nov._A 0.1496813 0.2168534 0.2958657 0.1512601 0.1475029 0.1401985 0.1483607 0.1234051 0.1449936 0.1423369 0.2063324 0.1238150 0.1400696 0.1081477 0.0804703 0.1373993 0.1312515 0.1379383 0.1869127 0.0000000 0.0840300 0.1173791 0.1422691 0.1412052 0.1419195 0.1412694 0.1384882 0.1335187 0.1410945 0.1409699 0.1472909 0.1053383 0.2278486 0.1679535 0.1169138 0.1238664 0.1386298 0.1350135 0.1002116 0.1117703 0.1015029 0.1123175 0.1235628 0.1272985 0.1402100 0.1521485 0.1187866 0.1059248 0.1168222 0.1163138 0.1453221 0.1302463 0.1051304 0.1180604 0.1203397 0.1192036 0.1190039 0.1670209 0.2639779 0.2550390 0.2978078 0.4624983 0.1992244 
HQ015378.1_Ihlea_racovitzai              0.1501047 0.2152516 0.3110377 0.1516516 0.1471635 0.1455385 0.1401870 0.1320229 0.1426104 0.1421185 0.2050869 0.1199867 0.1460016 0.1208701 0.0206525 0.1315953 0.1341801 0.1360980 0.1962419 0.0840300 0.0000000 0.1240074 0.1399100 0.1444631 0.1395733 0.1405195 0.1366642 0.1429838 0.1542489 0.1529227 0.1607736 0.1217477 0.2037907 0.1565483 0.1213930 0.1331782 0.1459293 0.1377726 0.1021918 0.1184576 0.1151346 0.1316388 0.1354526 0.1279893 0.1424374 0.1527087 0.1215067 0.1130887 0.1188572 0.1131300 0.1394390 0.1408429 0.1149693 0.1273845 0.1182723 0.1199050 0.1220840 0.1647376 0.2645036 0.2789917 0.2979794 0.4666884 0.2077275 
HQ015379.1_Pyrostremma_spinosum          0.0451920 0.1579494 0.2593421 0.0707998 0.0606363 0.0501363 0.0603738 0.1331153 0.0597766 0.0542024 0.1444676 0.0277606 0.0386729 0.0927006 0.1170687 0.1278883 0.1297605 0.0355405 0.1359617 0.1173791 0.1240074 0.0000000 0.0398823 0.0392989 0.0398012 0.0413943 0.0379578 0.1070716 0.1175501 0.1137483 0.1071489 0.0798124 0.1994586 0.1402715 0.1006827 0.1078645 0.1251522 0.1180524 0.0912576 0.0960846 0.0976512 0.1038874 0.1173555 0.1183553 0.1373993 0.1417299 0.1184211 0.1088490 0.1142429 0.1148062 0.1397438 0.1162036 0.0969629 0.1284146 0.1196738 0.1213181 0.1250376 0.0781802 0.1958754 0.2128315 0.2353706 0.3641343 0.1224983 
HQ015381.1_Pyrosoma_atlanticum           0.0148518 0.1662363 0.2801370 0.0828970 0.0699079 0.0627503 0.0737197 0.1419729 0.0742851 0.0666397 0.1556161 0.0105905 0.0060741 0.1138944 0.1434415 0.1291751 0.1408783 0.0029617 0.1387560 0.1422691 0.1399100 0.0398823 0.0000000 0.0000010 0.0011570 0.0061463 0.0081374 0.1249594 0.1442506 0.1397543 0.1298511 0.1013520 0.2038548 0.1483451 0.1159660 0.1248997 0.1435676 0.1378244 0.1083089 0.1127926 0.1021863 0.1124995 0.1205857 0.1191284 0.1495747 0.1590255 0.1249031 0.1146932 0.1256474 0.1245493 0.1518495 0.1298247 0.1075305 0.1444447 0.1241066 0.1273001 0.1263972 0.0958019 0.2127102 0.2246587 0.2492828 0.3802945 0.1317505 
HQ015382.1_Pyrosomella_verticillata      0.0146573 0.1644583 0.2776903 0.0815846 0.0704473 0.0620681 0.0750190 0.1419729 0.0731186 0.0656010 0.1550545 0.0105905 0.0059961 0.1119400 0.1408908 0.1291751 0.1383773 0.0029547 0.1387560 0.1412052 0.1444631 0.0392989 0.0000010 0.0000000 0.0011550 0.0085912 0.0081374 0.1240640 0.1417268 0.1374340 0.1276309 0.1008171 0.2065167 0.1479848 0.1157015 0.1239232 0.1431077 0.1370447 0.1083089 0.1127926 0.1017256 0.1106851 0.1200097 0.1191284 0.1473339 0.1562420 0.1249031 0.1138772 0.1235752 0.1242571 0.1509710 0.1285055 0.1068244 0.1419955 0.1241066 0.1266068 0.1293819 0.0942861 0.2087874 0.2238975 0.2457391 0.3786501 0.1295245 
HQ015383.1_Pyrosomella_verticillata      0.0141936 0.1658270 0.2793491 0.0810832 0.0690167 0.0610805 0.0728046 0.1419729 0.0725242 0.0649254 0.1552368 0.0092444 0.0072916 0.1136268 0.1430936 0.1301802 0.1405371 0.0041478 0.1387560 0.1419195 0.1395733 0.0398012 0.0011570 0.0011550 0.0000000 0.0048969 0.0068698 0.1246652 0.1439066 0.1394216 0.1295479 0.1011233 0.2033250 0.1479848 0.1157015 0.1246074 0.1432173 0.1374915 0.1083089 0.1127926 0.1020368 0.1122404 0.1203026 0.1191284 0.1492083 0.1596309 0.1249031 0.1144296 0.1253520 0.1242571 0.1514746 0.1295176 0.1072867 0.1440963 0.1241066 0.1270040 0.1261034 0.0939318 0.2121567 0.2240605 0.2488461 0.3795491 0.1333237 
HQ015384.1_Pyrosoma_godeauxi             0.0156815 0.1773589 0.2857769 0.0842254 0.0718087 0.0635176 0.0739846 0.1446186 0.0725109 0.0671154 0.1635209 0.0059106 0.0079655 0.1146814 0.1469568 0.1304382 0.1479339 0.0029912 0.1379995 0.1412694 0.1405195 0.0413943 0.0061463 0.0085912 0.0048969 0.0000000 0.0055853 0.1217384 0.1451380 0.1419495 0.1353830 0.0999538 0.2138984 0.1532579 0.1164469 0.1294425 0.1429981 0.1374436 0.1064775 0.1135405 0.1020540 0.1161915 0.1205290 0.1207467 0.1530548 0.1627380 0.1275401 0.1230544 0.1320771 0.1277933 0.1538462 0.1322435 0.1106211 0.1512758 0.1314496 0.1330815 0.1346126 0.1000207 0.2193110 0.2320361 0.2569653 0.4084730 0.1408110 
HQ015385.1_Pyrosoma_atlanticum           0.0153736 0.1685344 0.2863833 0.0730335 0.0661661 0.0578975 0.0690887 0.1368826 0.0702958 0.0610965 0.1549249 0.0079518 0.0075051 0.1077970 0.1387839 0.1276729 0.1357782 0.0048862 0.1355550 0.1384882 0.1366642 0.0379578 0.0081374 0.0081374 0.0068698 0.0055853 0.0000000 0.1222929 0.1411792 0.1379330 0.1297839 0.0966282 0.2061099 0.1486265 0.1127283 0.1216768 0.1384779 0.1332558 0.0994172 0.1082021 0.0996934 0.1106086 0.1183771 0.1181951 0.1465609 0.1562899 0.1221910 0.1112254 0.1222470 0.1211217 0.1475280 0.1256924 0.1039756 0.1458357 0.1273311 0.1300560 0.1300560 0.0960810 0.2128139 0.2252672 0.2479951 0.3921503 0.1350869 
HQ015386.1_Pegea_confoederata            0.1297266 0.2008459 0.3043405 0.1369997 0.1341437 0.1297152 0.1339377 0.1381865 0.1292883 0.1252875 0.1919812 0.1124318 0.1234755 0.0977726 0.1452335 0.1150097 0.1247262 0.1197444 0.1830487 0.1335187 0.1429838 0.1070716 0.1249594 0.1240640 0.1246652 0.1217384 0.1222929 0.0000000 0.0226638 0.0212504 0.1255960 0.0944881 0.1961662 0.1435253 0.1063300 0.1086539 0.1255102 0.1217246 0.0910194 0.0997046 0.0906017 0.1021123 0.1047860 0.1144274 0.1457742 0.1601533 0.1138652 0.1131001 0.1104350 0.1099259 0.1409235 0.1214199 0.1052885 0.1320476 0.1252499 0.1249827 0.1247759 0.1558725 0.2451116 0.2756477 0.2838199 0.4554573 0.1868382 
HQ015387.1_Pegea_confoederata            0.1374389 0.2140613 0.3393099 0.1459953 0.1489229 0.1422940 0.1518185 0.1547328 0.1383688 0.1388981 0.2102144 0.1296137 0.1365500 0.1063906 0.1471033 0.1415462 0.1431856 0.1376651 0.2004656 0.1410945 0.1542489 0.1175501 0.1442506 0.1417268 0.1439066 0.1451380 0.1411792 0.0226638 0.0000000 0.0125880 0.1478724 0.0999597 0.2045903 0.1508408 0.1168138 0.1168315 0.1400083 0.1359846 0.1036729 0.1153821 0.1135605 0.1144482 0.1323105 0.1263593 0.1668999 0.1775826 0.1256800 0.1226396 0.1191922 0.1206299 0.1570219 0.1315921 0.1170469 0.1425718 0.1372310 0.1378859 0.1400128 0.1625784 0.2620423 0.2793389 0.3081408 0.4540017 0.2009450 
HQ015388.1_Pegea_bicaudata               0.1374069 0.2018964 0.3256461 0.1440624 0.1470047 0.1404358 0.1478621 0.1495617 0.1346838 0.1348012 0.2045501 0.1273421 0.1344099 0.1061817 0.1503495 0.1373516 0.1395939 0.1345040 0.1929772 0.1409699 0.1529227 0.1137483 0.1397543 0.1374340 0.1394216 0.1419495 0.1379330 0.0212504 0.0125880 0.0000000 0.1450592 0.0955767 0.1886508 0.1387056 0.1150351 0.1131926 0.1369537 0.1353643 0.1031107 0.1147532 0.1117589 0.1091495 0.1285620 0.1189655 0.1628151 0.1733716 0.1242468 0.1194476 0.1156052 0.1165205 0.1539706 0.1246280 0.1149044 0.1352864 0.1304836 0.1311972 0.1334700 0.1629741 0.2477388 0.2755799 0.2956400 0.4420625 0.1935060 
HQ015389.1_Soestia_zonaria               0.1414790 0.1980108 0.2869000 0.1174603 0.1333489 0.1239194 0.1330563 0.1529283 0.1142965 0.1107572 0.1929429 0.1192168 0.1300573 0.1172181 0.1479669 0.1398147 0.1406128 0.1281046 0.1844915 0.1472909 0.1607736 0.1071489 0.1298511 0.1276309 0.1295479 0.1353830 0.1297839 0.1255960 0.1478724 0.1450592 0.0000000 0.0766914 0.2437675 0.1827203 0.1358442 0.1369257 0.1448355 0.1358250 0.1149196 0.1198166 0.1298746 0.1402048 0.1351484 0.1580195 0.1538702 0.1642148 0.1454387 0.1339732 0.1407083 0.1451293 0.1568767 0.1580526 0.1321728 0.1414077 0.1367031 0.1364172 0.1396130 0.1478019 0.2217163 0.2586296 0.2855100 0.4354211 0.1832209 
HQ015390.1_Thetys_vagina                 0.1061015 0.1813620 0.2741008 0.1186553 0.1090736 0.0954958 0.1051415 0.1191814 0.1044801 0.0984998 0.1776317 0.0878543 0.1015895 0.0786234 0.1181009 0.1012684 0.1157655 0.0964807 0.1603610 0.1053383 0.1217477 0.0798124 0.1013520 0.1008171 0.1011233 0.0999538 0.0966282 0.0944881 0.0999597 0.0955767 0.0766914 0.0000000 0.1639861 0.1148921 0.0883214 0.0811289 0.1106575 0.1057674 0.0742201 0.0863315 0.0888056 0.0841434 0.1021006 0.0875668 0.1264317 0.1305558 0.0943777 0.0922147 0.0892090 0.0885383 0.1244745 0.0895010 0.0854203 0.0953775 0.1029481 0.1028675 0.1028675 0.1169781 0.2021104 0.2177260 0.2351501 0.3847959 0.1514951 
HQ015391.1_Cyclosalpa_affinis            0.1866209 0.2976426 0.4307083 0.2300249 0.2260618 0.2183705 0.2213906 0.1975119 0.2427504 0.2270278 0.3062452 0.2076100 0.2146674 0.1178872 0.2390858 0.1723838 0.1785036 0.2012613 0.2968105 0.2278486 0.2037907 0.1994586 0.2038548 0.2065167 0.2033250 0.2138984 0.2061099 0.1961662 0.2045903 0.1886508 0.2437675 0.1639861 0.0000000 0.0318205 0.1160459 0.0823631 0.1516987 0.1414276 0.1067932 0.1118367 0.1414278 0.1382553 0.1633624 0.0871200 0.1919620 0.2130850 0.1375445 0.1464636 0.1405738 0.1374411 0.1909668 0.1130377 0.1309952 0.1697764 0.1704982 0.1708379 0.1671655 0.2395437 0.3571238 0.3967676 0.4088903 0.5626950 0.2912167 
HQ015392.1_Cyclosalpa_affinis            0.1423360 0.2296198 0.3452086 0.1749695 0.1712801 0.1598100 0.1636846 0.1399290 0.1811267 0.1656103 0.2342857 0.1488090 0.1543120 0.0713961 0.1752977 0.1208044 0.1192173 0.1461011 0.2258728 0.1679535 0.1565483 0.1402715 0.1483451 0.1479848 0.1479848 0.1532579 0.1486265 0.1435253 0.1508408 0.1387056 0.1827203 0.1148921 0.0318205 0.0000000 0.0708569 0.0425035 0.1014265 0.0916381 0.0630800 0.0666990 0.0921066 0.0884843 0.1112150 0.0464744 0.1327982 0.1507444 0.0926103 0.0936505 0.0904115 0.0894691 0.1341840 0.0691850 0.0814844 0.1174887 0.1201553 0.1203063 0.1203063 0.1807274 0.3038874 0.3184384 0.3322661 0.4738536 0.2313568 
HQ015393.1_Cyclosalpa_floridana          0.1192475 0.1930623 0.3019718 0.1305053 0.1334868 0.1257905 0.1306164 0.0911608 0.1298595 0.1231882 0.1889569 0.1081314 0.1171672 0.0320250 0.1206513 0.0796122 0.0727847 0.1120284 0.1803191 0.1169138 0.1213930 0.1006827 0.1159660 0.1157015 0.1157015 0.1164469 0.1127283 0.1063300 0.1168138 0.1150351 0.1358442 0.0883214 0.1160459 0.0708569 0.0000000 0.0412413 0.0622063 0.0517057 0.0263953 0.0308943 0.0538770 0.0603977 0.0700325 0.0735416 0.0860190 0.1000136 0.0631949 0.0424505 0.0613148 0.0604937 0.0864002 0.0627525 0.0402121 0.0927921 0.0760104 0.0771133 0.0763498 0.1411995 0.2613671 0.2617443 0.2585948 0.4184228 0.1796499 
HQ015394.1_Cyclosalpa_polae              0.1255270 0.1858252 0.3024447 0.1329698 0.1358615 0.1290329 0.1342853 0.1090893 0.1353180 0.1302026 0.1875135 0.1184424 0.1246056 0.0329658 0.1288512 0.0939722 0.0870143 0.1204541 0.1783141 0.1238664 0.1331782 0.1078645 0.1248997 0.1239232 0.1246074 0.1294425 0.1216768 0.1086539 0.1168315 0.1131926 0.1369257 0.0811289 0.0823631 0.0425035 0.0412413 0.0000000 0.0642297 0.0557828 0.0252318 0.0316790 0.0630748 0.0584174 0.0808894 0.0503662 0.0967323 0.1110695 0.0639864 0.0635626 0.0578775 0.0582225 0.0954339 0.0340096 0.0505161 0.0856083 0.0923681 0.0923712 0.0946128 0.1441713 0.2584499 0.2690132 0.2826605 0.4374534 0.1829643 
HQ015395.1_Cyclosalpa_sewelli            0.1464345 0.2245624 0.3374924 0.1455664 0.1529758 0.1510997 0.1510162 0.1254853 0.1454239 0.1427132 0.2169400 0.1276720 0.1402504 0.0545873 0.1383561 0.0598544 0.0684032 0.1370697 0.2048907 0.1386298 0.1459293 0.1251522 0.1435676 0.1431077 0.1432173 0.1429981 0.1384779 0.1255102 0.1400083 0.1369537 0.1448355 0.1106575 0.1516987 0.1014265 0.0622063 0.0642297 0.0000000 0.0241994 0.0448050 0.0508515 0.0778827 0.0918212 0.0796475 0.1017813 0.0783684 0.0499784 0.0962062 0.0795782 0.0904194 0.0895299 0.0560089 0.0953979 0.0701129 0.1218858 0.1088992 0.1099638 0.1099638 0.1783970 0.2770427 0.2971986 0.3053207 0.4625039 0.2092360 
HQ015396.1_Cyclosalpa_polae              0.1403789 0.2184887 0.3272594 0.1380204 0.1476034 0.1437807 0.1456591 0.1169007 0.1424322 0.1386926 0.2048024 0.1275381 0.1341580 0.0466361 0.1272601 0.0409953 0.0565309 0.1315524 0.2012980 0.1350135 0.1377726 0.1180524 0.1378244 0.1370447 0.1374915 0.1374436 0.1332558 0.1217246 0.1359846 0.1353643 0.1358250 0.1057674 0.1414276 0.0916381 0.0517057 0.0557828 0.0241994 0.0000000 0.0394254 0.0386000 0.0690098 0.0842516 0.0673237 0.0957226 0.0581755 0.0638534 0.0870244 0.0748986 0.0812880 0.0806127 0.0425049 0.0857277 0.0623626 0.1110354 0.1005584 0.1013992 0.1013992 0.1712011 0.2764021 0.2908489 0.2965271 0.4543818 0.2020126 
HQ015397.1_Cyclosalpa_quadriluminis      0.1102699 0.1740209 0.2804531 0.1157675 0.1184347 0.1127110 0.1143513 0.0844370 0.1137173 0.1093553 0.1671747 0.1008031 0.1082114 0.0121652 0.1016628 0.0737828 0.0637792 0.1033504 0.1663471 0.1002116 0.1021918 0.0912576 0.1083089 0.1083089 0.1083089 0.1064775 0.0994172 0.0910194 0.1036729 0.1031107 0.1149196 0.0742201 0.1067932 0.0630800 0.0263953 0.0252318 0.0448050 0.0394254 0.0000000 0.0161913 0.0470339 0.0556172 0.0617479 0.0706111 0.0753237 0.0879067 0.0551331 0.0433975 0.0503816 0.0495631 0.0730505 0.0544440 0.0328830 0.0795108 0.0727704 0.0742722 0.0742722 0.1350180 0.2424756 0.2460734 0.2551815 0.4114248 0.1695472 
HQ015398.1_Cyclosalpa_sewelli            0.1157574 0.1871932 0.2955228 0.1212803 0.1248775 0.1162404 0.1189082 0.0928967 0.1244767 0.1171787 0.1813723 0.1044054 0.1075316 0.0205653 0.1115316 0.0765913 0.0684778 0.1083640 0.1710189 0.1117703 0.1184576 0.0960846 0.1127926 0.1127926 0.1127926 0.1135405 0.1082021 0.0997046 0.1153821 0.1147532 0.1198166 0.0863315 0.1118367 0.0666990 0.0308943 0.0316790 0.0508515 0.0386000 0.0161913 0.0000000 0.0459798 0.0561865 0.0632419 0.0722918 0.0769503 0.0944157 0.0594345 0.0513237 0.0548004 0.0539992 0.0780430 0.0588928 0.0364851 0.0920557 0.0794457 0.0801212 0.0801212 0.1371005 0.2512777 0.2603533 0.2644707 0.4225228 0.1759324 
HQ015399.1_Iasis_cylindrica              0.1082996 0.1880925 0.2939304 0.1216477 0.1289307 0.1181577 0.1256911 0.0866307 0.1201174 0.1138548 0.1817972 0.1022129 0.0994878 0.0573404 0.1116254 0.0394171 0.0708315 0.0987196 0.1695984 0.1015029 0.1151346 0.0976512 0.1021863 0.1017256 0.1020368 0.1020540 0.0996934 0.0906017 0.1135605 0.1117589 0.1298746 0.0888056 0.1414278 0.0921066 0.0538770 0.0630748 0.0778827 0.0690098 0.0470339 0.0459798 0.0000000 0.0245665 0.0257923 0.0469264 0.0801602 0.0959228 0.0638514 0.0547952 0.0598086 0.0591566 0.0822140 0.0624847 0.0427732 0.0926065 0.0734904 0.0729254 0.0729254 0.1351802 0.2509445 0.2578706 0.2685396 0.4400470 0.1756293 
HQ015400.1_Iasis_cylindrica              0.1177657 0.1864306 0.3043454 0.1258622 0.1288629 0.1191100 0.1280933 0.0891506 0.1278178 0.1184697 0.1816797 0.1138150 0.1112064 0.0627508 0.1235990 0.0467505 0.0860320 0.1090067 0.1765920 0.1123175 0.1316388 0.1038874 0.1124995 0.1106851 0.1122404 0.1161915 0.1106086 0.1021123 0.1144482 0.1091495 0.1402048 0.0841434 0.1382553 0.0884843 0.0603977 0.0584174 0.0918212 0.0842516 0.0556172 0.0561865 0.0245665 0.0000000 0.0371203 0.0332154 0.0916424 0.1046983 0.0449261 0.0555362 0.0413672 0.0406095 0.0916343 0.0544867 0.0438370 0.0821532 0.0748175 0.0741866 0.0773425 0.1352144 0.2497096 0.2522476 0.2667948 0.4324772 0.1731969 
HQ015401.1_Iasis_cylindrica              0.1248544 0.2061142 0.3145753 0.1217574 0.1466052 0.1362978 0.1432311 0.1020362 0.1412709 0.1339912 0.1992811 0.1240739 0.1185387 0.0699223 0.1228589 0.0286640 0.0524786 0.1163662 0.1923958 0.1235628 0.1354526 0.1173555 0.1205857 0.1200097 0.1203026 0.1205290 0.1183771 0.1047860 0.1323105 0.1285620 0.1351484 0.1021006 0.1633624 0.1112150 0.0700325 0.0808894 0.0796475 0.0673237 0.0617479 0.0632419 0.0257923 0.0371203 0.0000000 0.0582689 0.0634779 0.0903396 0.0811950 0.0684151 0.0768192 0.0761044 0.0767537 0.0800401 0.0580043 0.1038901 0.0869133 0.0862151 0.0862151 0.1534187 0.2635514 0.2788330 0.2812217 0.4627181 0.1974408 
HQ015402.1_Iasis_cylindrica              0.1160419 0.1891737 0.2962347 0.1455213 0.1376689 0.1294630 0.1343686 0.1011508 0.1436130 0.1335368 0.1891541 0.1300620 0.1214469 0.0766489 0.1331306 0.0703614 0.0943381 0.1163122 0.1948981 0.1272985 0.1279893 0.1183553 0.1191284 0.1191284 0.1191284 0.1207467 0.1181951 0.1144274 0.1263593 0.1189655 0.1580195 0.0875668 0.0871200 0.0464744 0.0735416 0.0503662 0.1017813 0.0957226 0.0706111 0.0722918 0.0469264 0.0332154 0.0582689 0.0000000 0.1039253 0.1157685 0.0718479 0.0655766 0.0679737 0.0670968 0.1014254 0.0491288 0.0551354 0.0840959 0.0865202 0.0863949 0.0863949 0.1553697 0.2657097 0.2736819 0.2746488 0.4391932 0.1878618 
HQ015403.1_Brooksia_rostrata             0.1524394 0.2231562 0.3320083 0.1500294 0.1765987 0.1637815 0.1726091 0.1213160 0.1647025 0.1540639 0.2103674 0.1434581 0.1480701 0.0826166 0.1289725 0.0516892 0.0443242 0.1450756 0.2132446 0.1402100 0.1424374 0.1373993 0.1495747 0.1473339 0.1492083 0.1530548 0.1465609 0.1457742 0.1668999 0.1628151 0.1538702 0.1264317 0.1919620 0.1327982 0.0860190 0.0967323 0.0783684 0.0581755 0.0753237 0.0769503 0.0801602 0.0916424 0.0634779 0.1039253 0.0000000 0.0392555 0.0901524 0.0765193 0.0877385 0.0877940 0.0618948 0.0865801 0.0615400 0.1203330 0.1062376 0.1070444 0.1109769 0.1798340 0.2908667 0.3008114 0.3241322 0.4671859 0.2212415 
HQ015404.1_Brooksia_rostrata             0.1626096 0.2407327 0.3509364 0.1669044 0.1811930 0.1702135 0.1771565 0.1316242 0.1671481 0.1574276 0.2336230 0.1466721 0.1569719 0.0949997 0.1382635 0.0604684 0.0697667 0.1539830 0.2303058 0.1521485 0.1527087 0.1417299 0.1590255 0.1562420 0.1596309 0.1627380 0.1562899 0.1601533 0.1775826 0.1733716 0.1642148 0.1305558 0.2130850 0.1507444 0.1000136 0.1110695 0.0499784 0.0638534 0.0879067 0.0944157 0.0959228 0.1046983 0.0903396 0.1157685 0.0392555 0.0000000 0.1021827 0.0865752 0.0982842 0.0986445 0.0612501 0.1009644 0.0750240 0.1305031 0.1163695 0.1171300 0.1209134 0.1895215 0.2914251 0.3108989 0.3320194 0.4827510 0.2275962 
HQ015405.1_Salpa_aspera                  0.1284010 0.1969374 0.3188539 0.1383496 0.1384440 0.1302477 0.1332839 0.0994310 0.1355554 0.1301808 0.1880750 0.1151415 0.1267587 0.0650449 0.1222942 0.0866488 0.0589233 0.1215887 0.1814525 0.1187866 0.1215067 0.1184211 0.1249031 0.1249031 0.1249031 0.1275401 0.1221910 0.1138652 0.1256800 0.1242468 0.1454387 0.0943777 0.1375445 0.0926103 0.0631949 0.0639864 0.0962062 0.0870244 0.0551331 0.0594345 0.0638514 0.0449261 0.0811950 0.0718479 0.0901524 0.1021827 0.0000000 0.0321720 0.0096335 0.0090121 0.0677162 0.0548282 0.0436893 0.0916436 0.0859333 0.0866111 0.0866111 0.1467776 0.2604662 0.2657451 0.2919078 0.4383769 0.1824067 
HQ015406.1_Salpa_thompsoni               0.1280452 0.1809313 0.2963238 0.1277827 0.1336393 0.1272011 0.1332649 0.0884774 0.1276394 0.1257076 0.1785029 0.1070058 0.1178322 0.0537586 0.1069288 0.0737276 0.0360144 0.1133356 0.1764609 0.1059248 0.1130887 0.1088490 0.1146932 0.1138772 0.1144296 0.1230544 0.1112254 0.1131001 0.1226396 0.1194476 0.1339732 0.0922147 0.1464636 0.0936505 0.0424505 0.0635626 0.0795782 0.0748986 0.0433975 0.0513237 0.0547952 0.0555362 0.0684151 0.0655766 0.0765193 0.0865752 0.0321720 0.0000000 0.0297170 0.0286169 0.0539196 0.0538302 0.0303498 0.0856950 0.0735791 0.0753476 0.0776738 0.1419233 0.2350060 0.2518932 0.2579129 0.4142430 0.1809129 
HQ015407.1_Salpa_maxima                  0.1338027 0.1835280 0.3123733 0.1337824 0.1347410 0.1306200 0.1331698 0.0983790 0.1322999 0.1285049 0.1790066 0.1162357 0.1251765 0.0599396 0.1125268 0.0823441 0.0566278 0.1219525 0.1767788 0.1168222 0.1188572 0.1142429 0.1256474 0.1235752 0.1253520 0.1320771 0.1222470 0.1104350 0.1191922 0.1156052 0.1407083 0.0892090 0.1405738 0.0904115 0.0613148 0.0578775 0.0904194 0.0812880 0.0503816 0.0548004 0.0598086 0.0413672 0.0768192 0.0679737 0.0877385 0.0982842 0.0096335 0.0297170 0.0000000 0.0005877 0.0587420 0.0498456 0.0392850 0.0847254 0.0834482 0.0835192 0.0866884 0.1445530 0.2485708 0.2527611 0.2766860 0.4315130 0.1829528 
HQ015408.1_Salpa_maxima                  0.1287294 0.1872547 0.3127158 0.1355276 0.1359625 0.1308101 0.1318359 0.0973743 0.1340527 0.1295774 0.1797863 0.1150792 0.1260979 0.0591070 0.1138973 0.0813496 0.0548212 0.1209675 0.1754292 0.1163138 0.1131300 0.1148062 0.1245493 0.1242571 0.1242571 0.1277933 0.1211217 0.1099259 0.1206299 0.1165205 0.1451293 0.0885383 0.1374411 0.0894691 0.0604937 0.0582225 0.0895299 0.0806127 0.0495631 0.0539992 0.0591566 0.0406095 0.0761044 0.0670968 0.0877940 0.0986445 0.0090121 0.0286169 0.0005877 0.0000000 0.0580789 0.0493997 0.0385242 0.0852268 0.0825320 0.0828499 0.0828499 0.1473161 0.2559296 0.2553978 0.2797838 0.4326784 0.1846423 
HQ015409.1_Salpa_fusiformis              0.1564490 0.2271435 0.3473373 0.1510081 0.1611040 0.1628653 0.1591434 0.1260018 0.1527500 0.1493641 0.2080180 0.1401212 0.1477973 0.0827742 0.1265506 0.0469672 0.0364573 0.1459872 0.2145746 0.1453221 0.1394390 0.1397438 0.1518495 0.1509710 0.1514746 0.1538462 0.1475280 0.1409235 0.1570219 0.1539706 0.1568767 0.1244745 0.1909668 0.1341840 0.0864002 0.0954339 0.0560089 0.0425049 0.0730505 0.0780430 0.0822140 0.0916343 0.0767537 0.1014254 0.0618948 0.0612501 0.0677162 0.0539196 0.0587420 0.0580789 0.0000000 0.0894639 0.0656611 0.1143734 0.1096815 0.1104784 0.1104784 0.1857276 0.2817691 0.3019005 0.3124444 0.4662360 0.2185083 
HQ015410.1_Ritteriella_retracta          0.1249945 0.1963381 0.3086676 0.1457199 0.1512833 0.1356527 0.1451471 0.1038784 0.1445697 0.1380132 0.2031278 0.1245174 0.1296580 0.0618607 0.1345160 0.0894526 0.0793428 0.1242623 0.1931689 0.1302463 0.1408429 0.1162036 0.1298247 0.1285055 0.1295176 0.1322435 0.1256924 0.1214199 0.1315921 0.1246280 0.1580526 0.0895010 0.1130377 0.0691850 0.0627525 0.0340096 0.0953979 0.0857277 0.0544440 0.0588928 0.0624847 0.0544867 0.0800401 0.0491288 0.0865801 0.1009644 0.0548282 0.0538302 0.0498456 0.0493997 0.0894639 0.0000000 0.0259279 0.0879172 0.0901791 0.0901991 0.0907391 0.1563729 0.2802063 0.2742756 0.2899530 0.4407807 0.1936676 
HQ015411.1_Ritteriella_retracta          0.1085719 0.1847638 0.2839103 0.1242383 0.1291637 0.1178992 0.1255462 0.0788555 0.1215365 0.1160731 0.1832556 0.1007884 0.1079841 0.0412199 0.1081269 0.0637939 0.0567791 0.1036116 0.1763193 0.1051304 0.1149693 0.0969629 0.1075305 0.1068244 0.1072867 0.1106211 0.1039756 0.1052885 0.1170469 0.1149044 0.1321728 0.0854203 0.1309952 0.0814844 0.0402121 0.0505161 0.0701129 0.0623626 0.0328830 0.0364851 0.0427732 0.0438370 0.0580043 0.0551354 0.0615400 0.0750240 0.0436893 0.0303498 0.0392850 0.0385242 0.0656611 0.0259279 0.0000000 0.0764186 0.0663007 0.0680588 0.0703758 0.1379534 0.2488818 0.2520795 0.2613115 0.4032750 0.1714715 
HQ015412.1_Thalia_orientalis             0.1471409 0.2117864 0.2888125 0.1588137 0.1609914 0.1509559 0.1593376 0.0637248 0.1471200 0.1392933 0.2072459 0.1457827 0.1455411 0.0899810 0.1222244 0.1034993 0.1065593 0.1422168 0.1984059 0.1180604 0.1273845 0.1284146 0.1444447 0.1419955 0.1440963 0.1512758 0.1458357 0.1320476 0.1425718 0.1352864 0.1414077 0.0953775 0.1697764 0.1174887 0.0927921 0.0856083 0.1218858 0.1110354 0.0795108 0.0920557 0.0926065 0.0821532 0.1038901 0.0840959 0.1203330 0.1305031 0.0916436 0.0856950 0.0847254 0.0852268 0.1143734 0.0879172 0.0764186 0.0000000 0.0504638 0.0493458 0.0525011 0.1747366 0.2741425 0.2589688 0.2897094 0.4277242 0.2009572 
HQ015413.1_Thalia_democratica            0.1353460 0.1981907 0.2790727 0.1464802 0.1461200 0.1409180 0.1455398 0.0181705 0.1441735 0.1389255 0.1908077 0.1323204 0.1291323 0.0820561 0.1188536 0.0865206 0.0998057 0.1255146 0.1879444 0.1203397 0.1182723 0.1196738 0.1241066 0.1241066 0.1241066 0.1314496 0.1273311 0.1252499 0.1372310 0.1304836 0.1367031 0.1029481 0.1704982 0.1201553 0.0760104 0.0923681 0.1088992 0.1005584 0.0727704 0.0794457 0.0734904 0.0748175 0.0869133 0.0865202 0.1062376 0.1163695 0.0859333 0.0735791 0.0834482 0.0825320 0.1096815 0.0901791 0.0663007 0.0504638 0.0000000 0.0023511 0.0017618 0.1611315 0.2652705 0.2561703 0.3008172 0.4071611 0.1991694 
HQ015414.1_Thalia_democratica            0.1369322 0.1941856 0.2746172 0.1461101 0.1467007 0.1424983 0.1451044 0.0214802 0.1457548 0.1405233 0.1867314 0.1352153 0.1307491 0.0829436 0.1204913 0.0873210 0.0997501 0.1274246 0.1841862 0.1192036 0.1199050 0.1213181 0.1273001 0.1266068 0.1270040 0.1330815 0.1300560 0.1249827 0.1378859 0.1311972 0.1364172 0.1028675 0.1708379 0.1203063 0.0771133 0.0923712 0.1099638 0.1013992 0.0742722 0.0801212 0.0729254 0.0741866 0.0862151 0.0863949 0.1070444 0.1171300 0.0866111 0.0753476 0.0835192 0.0828499 0.1104784 0.0901991 0.0680588 0.0493458 0.0023511 0.0000000 0.0005813 0.1635842 0.2675787 0.2572477 0.3004369 0.4165199 0.2015600 
HQ015415.1_Thalia_democratica            0.1401286 0.1970825 0.2771905 0.1493092 0.1488830 0.1437056 0.1483211 0.0214802 0.1490106 0.1439938 0.1909878 0.1352153 0.1342779 0.0861190 0.1237234 0.0873210 0.1028894 0.1274246 0.1841862 0.1190039 0.1220840 0.1250376 0.1263972 0.1293819 0.1261034 0.1346126 0.1300560 0.1247759 0.1400128 0.1334700 0.1396130 0.1028675 0.1671655 0.1203063 0.0763498 0.0946128 0.1099638 0.1013992 0.0742722 0.0801212 0.0729254 0.0773425 0.0862151 0.0863949 0.1109769 0.1209134 0.0866111 0.0776738 0.0866884 0.0828499 0.1104784 0.0907391 0.0703758 0.0525011 0.0017618 0.0005813 0.0000000 0.1655739 0.2690165 0.2597072 0.3016034 0.4181653 0.2032968 
L12378.2_Ascidia_ceratodes               0.1118157 0.1764268 0.2874131 0.0850915 0.0741196 0.0616756 0.0756624 0.1831532 0.0779112 0.0736339 0.1714368 0.0925611 0.0949279 0.1301906 0.1581308 0.1712488 0.1752728 0.0951992 0.1558288 0.1670209 0.1647376 0.0781802 0.0958019 0.0942861 0.0939318 0.1000207 0.0960810 0.1558725 0.1625784 0.1629741 0.1478019 0.1169781 0.2395437 0.1807274 0.1411995 0.1441713 0.1783970 0.1712011 0.1350180 0.1371005 0.1351802 0.1352144 0.1534187 0.1553697 0.1798340 0.1895215 0.1467776 0.1419233 0.1445530 0.1473161 0.1857276 0.1563729 0.1379534 0.1747366 0.1611315 0.1635842 0.1655739 0.0000000 0.2010142 0.2219745 0.2313492 0.3888290 0.1339692 
L12426.2_Molgula_manhattensis            0.2280952 0.2691155 0.3436311 0.1978272 0.1833785 0.1931047 0.1975840 0.2782677 0.1851648 0.1822939 0.2606652 0.2064833 0.2086366 0.2395574 0.2543561 0.2747496 0.2695391 0.2099701 0.2559152 0.2639779 0.2645036 0.1958754 0.2127102 0.2087874 0.2121567 0.2193110 0.2128139 0.2451116 0.2620423 0.2477388 0.2217163 0.2021104 0.3571238 0.3038874 0.2613671 0.2584499 0.2770427 0.2764021 0.2424756 0.2512777 0.2509445 0.2497096 0.2635514 0.2657097 0.2908667 0.2914251 0.2604662 0.2350060 0.2485708 0.2559296 0.2817691 0.2802063 0.2488818 0.2741425 0.2652705 0.2675787 0.2690165 0.2010142 0.0000000 0.2723143 0.2886079 0.4841915 0.1584075 
