61
AB013011.1_Pyrosoma_atlanticum           0.0000000 0.1700778 0.2745870 0.1136652 0.0850090 0.0797905 0.0855730 0.1554286 0.0962207 0.0910665 0.1743301 0.0392183 0.0306088 0.1387263 0.1680036 0.1427665 0.1651574 0.1539927 0.1690910 0.1536450 0.0621298 0.0351108 0.0381345 0.0336658 0.0356248 0.0342820 0.1437117 0.1461272 0.1407395 0.1642010 0.1224010 0.1892062 0.1547230 0.1351398 0.1423884 0.1585591 0.1512627 0.1185163 0.1208119 0.1174720 0.1318369 0.1355059 0.1267321 0.1694608 0.1773502 0.1454648 0.1412581 0.1548433 0.1457410 0.1697136 0.1352068 0.1192198 0.1676400 0.1388942 0.1404607 0.1456817 0.1151800 0.2285787 0.2512495 0.2704098 0.4017571 
AB013012.1_Doliolum_nationalis           0.1700778 0.0000000 0.3371622 0.1889199 0.1642102 0.1765216 0.1606026 0.2147319 0.1753288 0.1741106 0.0289249 0.1561192 0.1694825 0.2041152 0.2192987 0.2119012 0.2245794 0.0258838 0.2235244 0.2053629 0.1687667 0.1690887 0.1788805 0.1686715 0.1787271 0.1775934 0.2020393 0.2270671 0.2052033 0.2148414 0.1852892 0.2949050 0.2318504 0.1981024 0.1969805 0.2247123 0.2186173 0.1696712 0.1815377 0.1880161 0.1981018 0.2091297 0.1890111 0.2456167 0.2525071 0.1979320 0.1778860 0.1954116 0.1882569 0.2274374 0.2070654 0.1842914 0.2277021 0.1950370 0.1924160 0.1952975 0.1797960 0.2664000 0.2952781 0.2937418 0.4688040 
AB013014.1_Oikopleura_dioica             0.2745870 0.3371622 0.0000000 0.2768163 0.2675220 0.2394761 0.2650969 0.2888938 0.2493519 0.2540619 0.3205974 0.2484418 0.2677284 0.2998557 0.2940163 0.3017442 0.3151331 0.3092712 0.2891097 0.3021288 0.2491096 0.2752350 0.2728691 0.2744653 0.2739756 0.2790295 0.2999203 0.3371591 0.3104878 0.2878207 0.2742687 0.4273418 0.3425567 0.3001887 0.2961939 0.3283750 0.3173278 0.2693169 0.2808431 0.2819208 0.3005645 0.3100075 0.2878028 0.3401667 0.3466732 0.3156644 0.2907276 0.3074740 0.3096004 0.3351313 0.3063707 0.2874853 0.2916136 0.2799094 0.2754466 0.2837891 0.2677725 0.3356575 0.3473117 0.3534964 0.5782255 
AB013017.1_Ciona_intestinalis            0.1136652 0.1889199 0.2768163 0.0000000 0.1010083 0.0686755 0.0969660 0.1689794 0.0770300 0.0812272 0.1597865 0.0813408 0.0890069 0.1306362 0.1452917 0.1482170 0.1362042 0.1520763 0.1629304 0.1622936 0.0836382 0.0967449 0.0951777 0.0948266 0.0957728 0.0908692 0.1413895 0.1656732 0.1536680 0.1200596 0.1355812 0.2517154 0.1958150 0.1459761 0.1520843 0.1511679 0.1417303 0.1270237 0.1288725 0.1283886 0.1422304 0.1201120 0.1603792 0.1500314 0.1725059 0.1548551 0.1471000 0.1495838 0.1518268 0.1545926 0.1651807 0.1438632 0.1726730 0.1603157 0.1598228 0.1685662 0.0886932 0.2127568 0.2344983 0.2435745 0.3975951 
AB075543.1_Megalodicopia_hians           0.0850090 0.1642102 0.2675220 0.1010083 0.0000000 0.0602639 0.0240696 0.1763725 0.0721467 0.0715621 0.1719320 0.0827733 0.0880706 0.1498844 0.1642384 0.1705959 0.1869853 0.1554178 0.1689049 0.1500735 0.0814010 0.0903576 0.0949904 0.0902154 0.0949396 0.0930821 0.1543499 0.1594634 0.1589325 0.1560635 0.1268716 0.2334863 0.1914798 0.1565797 0.1619672 0.1725970 0.1658062 0.1323946 0.1365445 0.1465893 0.1551328 0.1673650 0.1591788 0.2066893 0.2087126 0.1620642 0.1502550 0.1628263 0.1604002 0.1817688 0.1761930 0.1451353 0.1869838 0.1558762 0.1563939 0.1606115 0.0863576 0.1824034 0.2329835 0.2457048 0.3986564 
AB104873.1_Perophora_sagamiensis         0.0797905 0.1765216 0.2394761 0.0686755 0.0602639 0.0000000 0.0579632 0.1560215 0.0483920 0.0505531 0.1585755 0.0582507 0.0653422 0.1290213 0.1497581 0.1506362 0.1603746 0.1420401 0.1457113 0.1496588 0.0523605 0.0716246 0.0708334 0.0698886 0.0733512 0.0711736 0.1387579 0.1524342 0.1424970 0.1321900 0.1058218 0.2308220 0.1732150 0.1371449 0.1413433 0.1596419 0.1511643 0.1194895 0.1198945 0.1243253 0.1274349 0.1447306 0.1398976 0.1763285 0.1801262 0.1412752 0.1380070 0.1415350 0.1418203 0.1719074 0.1504463 0.1278600 0.1615829 0.1492723 0.1508180 0.1562931 0.0555392 0.1982724 0.1908500 0.2293532 0.3858174 
AF165821.2_Chelyosoma_siboja             0.0855730 0.1606026 0.2650969 0.0969660 0.0240696 0.0579632 0.0000000 0.1723881 0.0690077 0.0686573 0.1687459 0.0796137 0.0875129 0.1442996 0.1592502 0.1649659 0.1808211 0.1523155 0.1666765 0.1413932 0.0800591 0.0907286 0.0962379 0.0905853 0.0934894 0.0924420 0.1513751 0.1554827 0.1570248 0.1540909 0.1185300 0.2226704 0.1803809 0.1508094 0.1575899 0.1675366 0.1608512 0.1255091 0.1296290 0.1404943 0.1516798 0.1608859 0.1527961 0.1991308 0.2010950 0.1537036 0.1452536 0.1584434 0.1531596 0.1766105 0.1686992 0.1367828 0.1821268 0.1529629 0.1524626 0.1556473 0.0860388 0.1933003 0.2381758 0.2497114 0.4113238 
D14366.1_Thalia_democratica              0.1554286 0.2147319 0.2888938 0.1689794 0.1763725 0.1560215 0.1723881 0.0000000 0.1503190 0.1511870 0.2104883 0.1441745 0.1435877 0.1029636 0.1316889 0.1017397 0.1198196 0.1990058 0.1292834 0.1319075 0.1361482 0.1469987 0.1469987 0.1469987 0.1500859 0.1420147 0.1391455 0.1658490 0.1467982 0.1567855 0.1253800 0.2000156 0.1446106 0.0946173 0.1126868 0.1260740 0.1157068 0.0842132 0.0899538 0.0853313 0.0895215 0.1024193 0.1044594 0.1277719 0.1347673 0.1056722 0.0881626 0.1028565 0.1018321 0.1290996 0.1088059 0.0780607 0.0718624 0.0237260 0.0257366 0.0257366 0.1710752 0.2777165 0.2859427 0.3291263 0.4349410 
FM244840.1_Clavelina_meridionalis        0.0962207 0.1753288 0.2493519 0.0770300 0.0721467 0.0483920 0.0690077 0.1503190 0.0000000 0.0289300 0.1584540 0.0639513 0.0776239 0.1227839 0.1352780 0.1505788 0.1548079 0.1465289 0.1505866 0.1467690 0.0636404 0.0793192 0.0780624 0.0775207 0.0818334 0.0815503 0.1369528 0.1480759 0.1354980 0.1211488 0.1156498 0.2538297 0.1924910 0.1386921 0.1487078 0.1513732 0.1473488 0.1174179 0.1231304 0.1249944 0.1350234 0.1483632 0.1519521 0.1735942 0.1743277 0.1443711 0.1404847 0.1418756 0.1427990 0.1590267 0.1533145 0.1335949 0.1564395 0.1492797 0.1508376 0.1595834 0.0743227 0.1931087 0.2104813 0.2193668 0.3829733 
FM244841.1_Pycnoclavella_aff._detorta    0.0910665 0.1741106 0.2540619 0.0812272 0.0715621 0.0505531 0.0686573 0.1511870 0.0289300 0.0000000 0.1573004 0.0662532 0.0785103 0.1157992 0.1475284 0.1398842 0.1554175 0.1406789 0.1503654 0.1534821 0.0596022 0.0814771 0.0801751 0.0796534 0.0781741 0.0673148 0.1346592 0.1484592 0.1364139 0.1216433 0.1090096 0.2403505 0.1787744 0.1320246 0.1434913 0.1486987 0.1436434 0.1089785 0.1186780 0.1166471 0.1243730 0.1387902 0.1404073 0.1604210 0.1601462 0.1413418 0.1409438 0.1404387 0.1406742 0.1582297 0.1472997 0.1268237 0.1518346 0.1442342 0.1458098 0.1547082 0.0715614 0.1992873 0.2189104 0.2311571 0.3808939 
FM244861.1_Doliolum_denticulatu          0.1743301 0.0289249 0.3205974 0.1597865 0.1719320 0.1585755 0.1687459 0.2104883 0.1584540 0.1573004 0.0000000 0.1438526 0.1569478 0.1896048 0.1996272 0.1999229 0.2098891 0.0209379 0.2128164 0.2080508 0.1506150 0.1620058 0.1647332 0.1616079 0.1719307 0.1673934 0.2006889 0.2232404 0.2053788 0.2034165 0.1820504 0.3007690 0.2388176 0.1980711 0.1912297 0.2212761 0.2076205 0.1668088 0.1807195 0.1842946 0.1885505 0.2050191 0.1910471 0.2263857 0.2409500 0.1965217 0.1862473 0.1895491 0.1880416 0.2135327 0.2080362 0.1924467 0.2153728 0.1957603 0.1915989 0.1982076 0.1680892 0.2565311 0.2688507 0.2770621 0.4391058 
FM244862.1_Pyrosoma_godeauxi             0.0392183 0.1561192 0.2484418 0.0813408 0.0827733 0.0582507 0.0796137 0.1441745 0.0639513 0.0662532 0.1438526 0.0000000 0.0175355 0.1122141 0.1271593 0.1417255 0.1397568 0.1345490 0.1327075 0.1217151 0.0307408 0.0210566 0.0210566 0.0196507 0.0190532 0.0227268 0.1213860 0.1402368 0.1283547 0.1282038 0.1005922 0.2155688 0.1583274 0.1157367 0.1264990 0.1332117 0.1309655 0.1028814 0.1024695 0.1072801 0.1213788 0.1314710 0.1395585 0.1548453 0.1543603 0.1270748 0.1135333 0.1282102 0.1270068 0.1499568 0.1380625 0.1070816 0.1537643 0.1423210 0.1452764 0.1452764 0.0870659 0.2123042 0.2208539 0.2399308 0.3846532 
FM244863.1_Pyrosomella_verticillata      0.0306088 0.1694825 0.2677284 0.0890069 0.0880706 0.0653422 0.0875129 0.1435877 0.0776239 0.0785103 0.1569478 0.0175355 0.0000000 0.1286703 0.1491956 0.1351441 0.1474253 0.1362117 0.1513322 0.1489157 0.0452049 0.0136268 0.0166328 0.0148705 0.0169849 0.0180397 0.1274662 0.1526990 0.1427238 0.1426311 0.1125197 0.2180024 0.1647448 0.1258347 0.1364362 0.1483653 0.1410457 0.1119374 0.1079617 0.1038969 0.1218225 0.1238806 0.1291955 0.1613435 0.1709188 0.1361101 0.1261672 0.1384814 0.1353931 0.1561441 0.1397644 0.1164877 0.1600317 0.1362994 0.1378885 0.1434721 0.0933379 0.2128447 0.2348127 0.2567427 0.3939036 
FM244864.1_Cyclosalpa_quadriluminis      0.1387263 0.2041152 0.2998557 0.1306362 0.1498844 0.1290213 0.1442996 0.1029636 0.1227839 0.1157992 0.1896048 0.1122141 0.1286703 0.0000000 0.1187388 0.0972952 0.0917780 0.1732556 0.1250590 0.1306294 0.1055575 0.1344440 0.1320606 0.1341184 0.1372025 0.1227089 0.1127071 0.1272612 0.1146770 0.1297713 0.0965927 0.1423039 0.0934123 0.0489399 0.0535307 0.0709746 0.0609188 0.0188550 0.0303479 0.0714326 0.0794483 0.0873490 0.0949955 0.1009253 0.1119527 0.0825230 0.0728350 0.0773869 0.0760716 0.0983679 0.0788566 0.0603365 0.1114543 0.0974735 0.0982783 0.1060579 0.1389466 0.2572493 0.2728689 0.2803129 0.4198072 
FM244865.1_Ihlea_racovitzai              0.1680036 0.2192987 0.2940163 0.1452917 0.1642384 0.1497581 0.1592502 0.1316889 0.1352780 0.1475284 0.1996272 0.1271593 0.1491956 0.1187388 0.0000000 0.1286282 0.1228068 0.1981612 0.0859879 0.0259765 0.1269451 0.1566599 0.1538223 0.1562733 0.1548649 0.1550749 0.1520053 0.1675467 0.1569140 0.1515972 0.1291795 0.2506320 0.1870719 0.1325785 0.1425865 0.1454874 0.1322009 0.1074921 0.1130425 0.1172815 0.1324112 0.1262590 0.1418772 0.1343585 0.1493451 0.1323861 0.1203067 0.1230685 0.1237005 0.1335364 0.1455071 0.1274704 0.1333840 0.1301872 0.1317885 0.1401325 0.1569250 0.2667745 0.2773346 0.2886107 0.4458296 
FM244866.1_Iasis_cylindrica              0.1427665 0.2119012 0.3017442 0.1482170 0.1705959 0.1506362 0.1649659 0.1017397 0.1505788 0.1398842 0.1999229 0.1417255 0.1351441 0.0972952 0.1286282 0.0000000 0.0562409 0.2094309 0.1499634 0.1377889 0.1355913 0.1391509 0.1391509 0.1401810 0.1420712 0.1353784 0.1224609 0.1632607 0.1426829 0.1430772 0.1133361 0.1884948 0.1370798 0.0889511 0.1025791 0.0656537 0.0417585 0.0802193 0.0791531 0.0434382 0.0543820 0.0324918 0.0823308 0.0575354 0.0654482 0.0975056 0.0798706 0.0930578 0.0920190 0.0493118 0.1000950 0.0700614 0.1155858 0.0953408 0.0961538 0.0961538 0.1699682 0.2745718 0.3002573 0.2994858 0.4668407 
FM244867.1_Salpa_thompsoni               0.1651574 0.2245794 0.3151331 0.1362042 0.1869853 0.1603746 0.1808211 0.1198196 0.1548079 0.1554175 0.2098891 0.1397568 0.1474253 0.0917780 0.1228068 0.0562409 0.0000000 0.2002710 0.1439491 0.1433185 0.1399589 0.1539205 0.1511386 0.1535414 0.1615644 0.1494034 0.1302180 0.1607199 0.1433770 0.1397560 0.1300835 0.1929314 0.1328959 0.0844636 0.1017889 0.0774518 0.0604776 0.0722410 0.0699995 0.0723521 0.0929096 0.0523725 0.1053735 0.0435316 0.0787366 0.0670485 0.0474964 0.0652407 0.0627781 0.0408358 0.0915016 0.0737090 0.1194935 0.1114301 0.1112791 0.1191810 0.1714136 0.2826403 0.3002876 0.3020242 0.4390285 
HQ015376.1_Doliolum_denticulatum         0.1539927 0.0258838 0.3092712 0.1520763 0.1554178 0.1420401 0.1523155 0.1990058 0.1465289 0.1406789 0.0209379 0.1345490 0.1362117 0.1732556 0.1981612 0.2094309 0.2002710 0.0000000 0.1944012 0.1978420 0.1366212 0.1426228 0.1426228 0.1426228 0.1426376 0.1412394 0.1833021 0.2014632 0.1830101 0.1874518 0.1610432 0.2945017 0.2273260 0.1858905 0.1804856 0.2063108 0.2012623 0.1665708 0.1665832 0.1680561 0.1771308 0.1939777 0.1924089 0.2229939 0.2288477 0.1849709 0.1746696 0.1802680 0.1789117 0.2148246 0.1954461 0.1771041 0.2014901 0.1916998 0.1879072 0.1879072 0.1498332 0.2484884 0.2715550 0.2630031 0.4304275 
HQ015377.1_Salpidae_gen._nov._sp._nov._A 0.1690910 0.2235244 0.2891097 0.1629304 0.1689049 0.1457113 0.1666765 0.1292834 0.1505866 0.1503654 0.2128164 0.1327075 0.1513322 0.1250590 0.0859879 0.1499634 0.1439491 0.1944012 0.0000000 0.0901925 0.1236388 0.1605859 0.1593603 0.1601831 0.1584162 0.1569739 0.1459504 0.1610467 0.1493138 0.1595186 0.1212003 0.2411480 0.1822431 0.1298163 0.1389597 0.1500253 0.1455242 0.1068400 0.1156891 0.1103662 0.1232866 0.1368701 0.1394100 0.1587694 0.1663105 0.1313162 0.1133367 0.1291807 0.1286970 0.1573558 0.1417851 0.1148980 0.1324264 0.1365966 0.1352787 0.1350479 0.1681418 0.2709268 0.2684626 0.3067198 0.4664803 
HQ015378.1_Ihlea_racovitzai              0.1536450 0.2053629 0.3021288 0.1622936 0.1500735 0.1496588 0.1413932 0.1319075 0.1467690 0.1534821 0.2080508 0.1217151 0.1489157 0.1306294 0.0259765 0.1377889 0.1433185 0.1978420 0.0901925 0.0000000 0.1290992 0.1494831 0.1540595 0.1491189 0.1448909 0.1493299 0.1512893 0.1600018 0.1545546 0.1679783 0.1273560 0.2122410 0.1653084 0.1289231 0.1407158 0.1504611 0.1403148 0.1055232 0.1207898 0.1210671 0.1387326 0.1436376 0.1321899 0.1528286 0.1619057 0.1315706 0.1126582 0.1287273 0.1229034 0.1464547 0.1526057 0.1177049 0.1377231 0.1208668 0.1224860 0.1236123 0.1605410 0.2606331 0.2859185 0.3005782 0.4707511 
HQ015379.1_Pyrostremma_spinosum          0.0621298 0.1687667 0.2491096 0.0836382 0.0814010 0.0523605 0.0800591 0.1361482 0.0636404 0.0596022 0.1506150 0.0307408 0.0452049 0.1055575 0.1269451 0.1355913 0.1399589 0.1366212 0.1236388 0.1290992 0.0000000 0.0472076 0.0465070 0.0471104 0.0465728 0.0486039 0.1173929 0.1304741 0.1178431 0.1166879 0.0912021 0.2138077 0.1541637 0.1121659 0.1223721 0.1342041 0.1259928 0.0977004 0.0996761 0.1052432 0.1136109 0.1272929 0.1295683 0.1491817 0.1520539 0.1300773 0.1241023 0.1264448 0.1262719 0.1493814 0.1293607 0.1121125 0.1416321 0.1319313 0.1335345 0.1423946 0.0757281 0.2049192 0.2202728 0.2399438 0.3615993 
HQ015381.1_Pyrosoma_atlanticum           0.0351108 0.1690887 0.2752350 0.0967449 0.0903576 0.0716246 0.0907286 0.1469987 0.0793192 0.0814771 0.1620058 0.0210566 0.0136268 0.1344440 0.1566599 0.1391509 0.1539205 0.1426228 0.1605859 0.1494831 0.0472076 0.0000000 0.0000010 0.0011570 0.0190906 0.0213913 0.1390818 0.1588495 0.1472025 0.1443084 0.1193736 0.2223953 0.1668279 0.1296957 0.1415183 0.1575266 0.1505387 0.1161884 0.1183572 0.1128076 0.1256345 0.1337699 0.1323215 0.1674275 0.1746041 0.1408880 0.1241310 0.1416404 0.1404814 0.1663739 0.1477345 0.1171473 0.1628245 0.1318996 0.1351315 0.1342109 0.0937844 0.2193776 0.2342275 0.2555369 0.3774713 
HQ015382.1_Pyrosomella_verticillata      0.0381345 0.1788805 0.2728691 0.0951777 0.0949904 0.0708334 0.0962379 0.1469987 0.0780624 0.0801751 0.1647332 0.0210566 0.0166328 0.1320606 0.1538223 0.1391509 0.1511386 0.1426228 0.1593603 0.1540595 0.0465070 0.0000010 0.0000000 0.0011550 0.0215946 0.0213913 0.1380670 0.1560091 0.1447320 0.1417860 0.1187259 0.2260038 0.1664140 0.1293939 0.1411827 0.1570131 0.1496733 0.1161884 0.1183572 0.1122899 0.1244427 0.1331204 0.1323215 0.1648614 0.1714907 0.1408880 0.1321026 0.1401592 0.1401437 0.1653942 0.1461957 0.1250232 0.1609528 0.1318996 0.1343882 0.1421683 0.0923089 0.2217118 0.2359162 0.2518617 0.3758648 
HQ015383.1_Pyrosomella_verticillata      0.0336658 0.1686715 0.2744653 0.0948266 0.0902154 0.0698886 0.0905853 0.1469987 0.0775207 0.0796534 0.1616079 0.0196507 0.0148705 0.1341184 0.1562733 0.1401810 0.1535414 0.1426228 0.1601831 0.1491189 0.0471104 0.0011570 0.0011550 0.0000000 0.0177427 0.0200486 0.1387483 0.1595410 0.1468484 0.1439644 0.1190968 0.2218070 0.1664140 0.1293939 0.1411792 0.1571358 0.1501693 0.1161884 0.1183572 0.1126395 0.1253391 0.1334501 0.1323215 0.1670085 0.1752004 0.1408880 0.1238424 0.1412993 0.1401437 0.1659559 0.1473765 0.1168778 0.1624228 0.1328982 0.1358154 0.1348948 0.0919350 0.2188035 0.2335989 0.2550868 0.3767342 
HQ015384.1_Pyrosoma_godeauxi             0.0356248 0.1787271 0.2739756 0.0957728 0.0949396 0.0733512 0.0934894 0.1500859 0.0818334 0.0781741 0.1719307 0.0190532 0.0169849 0.1372025 0.1548649 0.1420712 0.1615644 0.1426376 0.1584162 0.1448909 0.0465728 0.0190906 0.0215946 0.0177427 0.0000000 0.0158671 0.1351344 0.1616622 0.1487989 0.1473756 0.1185677 0.2323403 0.1716324 0.1309710 0.1457780 0.1562457 0.1494689 0.1183575 0.1196382 0.1120787 0.1288959 0.1331188 0.1357029 0.1703946 0.1776805 0.1432428 0.1300568 0.1478421 0.1434377 0.1677685 0.1497753 0.1178600 0.1695274 0.1454717 0.1470521 0.1474252 0.0973925 0.2266919 0.2388279 0.2525167 0.4051062 
HQ015385.1_Pyrosoma_atlanticum           0.0342820 0.1775934 0.2790295 0.0908692 0.0930821 0.0711736 0.0924420 0.1420147 0.0815503 0.0673148 0.1673934 0.0227268 0.0180397 0.1227089 0.1550749 0.1353784 0.1494034 0.1412394 0.1569739 0.1493299 0.0486039 0.0213913 0.0213913 0.0200486 0.0158671 0.0000000 0.1354467 0.1582686 0.1452492 0.1466727 0.1175200 0.2240836 0.1666393 0.1269812 0.1376286 0.1513913 0.1449909 0.1029228 0.1139761 0.1066050 0.1199710 0.1276202 0.1294941 0.1600650 0.1673169 0.1379613 0.1213802 0.1380228 0.1368327 0.1616421 0.1396211 0.1109579 0.1651181 0.1390231 0.1418189 0.1418189 0.0956452 0.2257638 0.2406075 0.2584525 0.3959565 
HQ015386.1_Pegea_confoederata            0.1437117 0.2020393 0.2999203 0.1413895 0.1543499 0.1387579 0.1513751 0.1391455 0.1369528 0.1346592 0.2006889 0.1213860 0.1274662 0.1127071 0.1520053 0.1224609 0.1302180 0.1833021 0.1459504 0.1512893 0.1173929 0.1390818 0.1380670 0.1387483 0.1351344 0.1354467 0.0000000 0.0386255 0.0293382 0.1319465 0.1086009 0.2132342 0.1609239 0.1185988 0.1246102 0.1361975 0.1314391 0.1030788 0.1039885 0.0957081 0.1134558 0.1110573 0.1288079 0.1537437 0.1742897 0.1279196 0.1194209 0.1231259 0.1237151 0.1494357 0.1380444 0.1128960 0.1461390 0.1377338 0.1373566 0.1371255 0.1567116 0.2504348 0.2880286 0.2945914 0.4568511 
HQ015387.1_Pegea_confoederata            0.1461272 0.2270671 0.3371591 0.1656732 0.1594634 0.1524342 0.1554827 0.1658490 0.1480759 0.1484592 0.2232404 0.1402368 0.1526990 0.1272612 0.1675467 0.1632607 0.1607199 0.2014632 0.1610467 0.1600018 0.1304741 0.1588495 0.1560091 0.1595410 0.1616622 0.1582686 0.0386255 0.0000000 0.0150797 0.1649766 0.1174212 0.2152801 0.1666896 0.1343965 0.1394010 0.1584651 0.1541367 0.1208784 0.1265066 0.1338726 0.1312399 0.1559178 0.1413092 0.1904718 0.2003200 0.1440206 0.1435066 0.1396607 0.1405320 0.1743426 0.1502345 0.1418327 0.1614068 0.1471931 0.1477909 0.1551163 0.1693876 0.2667159 0.2980573 0.3199706 0.4586376 
HQ015388.1_Pegea_bicaudata               0.1407395 0.2052033 0.3104878 0.1536680 0.1589325 0.1424970 0.1570248 0.1467982 0.1354980 0.1364139 0.2053788 0.1283547 0.1427238 0.1146770 0.1569140 0.1426829 0.1433770 0.1830101 0.1493138 0.1545546 0.1178431 0.1472025 0.1447320 0.1468484 0.1487989 0.1452492 0.0293382 0.0150797 0.0000000 0.1528085 0.1042431 0.1981483 0.1466318 0.1195296 0.1264718 0.1404559 0.1388446 0.1077323 0.1125240 0.1184203 0.1157108 0.1374298 0.1242394 0.1702300 0.1794918 0.1336475 0.1276999 0.1255377 0.1256502 0.1557079 0.1344505 0.1274102 0.1431414 0.1372998 0.1379750 0.1453650 0.1586202 0.2503262 0.2809970 0.2930955 0.4319347 
HQ015389.1_Soestia_zonaria               0.1642010 0.2148414 0.2878207 0.1200596 0.1560635 0.1321900 0.1540909 0.1567855 0.1211488 0.1216433 0.2034165 0.1282038 0.1426311 0.1297713 0.1515972 0.1430772 0.1397560 0.1874518 0.1595186 0.1679783 0.1166879 0.1443084 0.1417860 0.1439644 0.1473756 0.1466727 0.1319465 0.1649766 0.1528085 0.0000000 0.0901843 0.2604901 0.1978300 0.1507488 0.1509359 0.1520372 0.1396083 0.1213331 0.1262520 0.1355857 0.1546753 0.1336793 0.1713746 0.1562135 0.1753201 0.1598635 0.1524795 0.1564830 0.1594665 0.1610430 0.1747016 0.1522090 0.1579340 0.1471497 0.1467733 0.1563627 0.1451344 0.2374426 0.2788917 0.2947026 0.4438920 
HQ015390.1_Thetys_vagina                 0.1224010 0.1852892 0.2742687 0.1355812 0.1268716 0.1058218 0.1185300 0.1253800 0.1156498 0.1090096 0.1820504 0.1005922 0.1125197 0.0965927 0.1291795 0.1133361 0.1300835 0.1610432 0.1212003 0.1273560 0.0912021 0.1193736 0.1187259 0.1190968 0.1185677 0.1175200 0.1086009 0.1174212 0.1042431 0.0901843 0.0000000 0.1672587 0.1200260 0.1042821 0.0877577 0.1258124 0.1196128 0.0838792 0.0938943 0.1002661 0.0849447 0.1158622 0.0906884 0.1444508 0.1460091 0.0934302 0.1027427 0.0883004 0.0876335 0.1383812 0.0945560 0.0934839 0.0943361 0.1152959 0.1151136 0.1151136 0.1200335 0.2133037 0.2322172 0.2485261 0.3932297 
HQ015391.1_Cyclosalpa_affinis            0.1892062 0.2949050 0.4273418 0.2517154 0.2334863 0.2308220 0.2226704 0.2000156 0.2538297 0.2403505 0.3007690 0.2155688 0.2180024 0.1423039 0.2506320 0.1884948 0.1929314 0.2945017 0.2411480 0.2122410 0.2138077 0.2223953 0.2260038 0.2218070 0.2323403 0.2240836 0.2132342 0.2152801 0.1981483 0.2604901 0.1672587 0.0000000 0.0331696 0.1294084 0.0803772 0.1645170 0.1518645 0.1185208 0.1171592 0.1517580 0.1399065 0.1763580 0.0868883 0.2095888 0.2276981 0.1392132 0.1539746 0.1422027 0.1391081 0.2052883 0.1126537 0.1386268 0.1709640 0.1819099 0.1821664 0.1853216 0.2415230 0.3552530 0.4150087 0.4179096 0.5674088 
HQ015392.1_Cyclosalpa_affinis            0.1547230 0.2318504 0.3425567 0.1958150 0.1914798 0.1732150 0.1803809 0.1446106 0.1924910 0.1787744 0.2388176 0.1583274 0.1647448 0.0934123 0.1870719 0.1370798 0.1328959 0.2273260 0.1822431 0.1653084 0.1541637 0.1668279 0.1664140 0.1664140 0.1716324 0.1666393 0.1609239 0.1666896 0.1466318 0.1978300 0.1200260 0.0331696 0.0000000 0.0834592 0.0423830 0.1145245 0.1025614 0.0749180 0.0730899 0.1029339 0.0918999 0.1245494 0.0478996 0.1502534 0.1657906 0.0960653 0.1042205 0.0938327 0.0928811 0.1488196 0.0706296 0.0918490 0.1208350 0.1323350 0.1324258 0.1324258 0.1840535 0.3129506 0.3390412 0.3426414 0.4810061 
HQ015393.1_Cyclosalpa_floridana          0.1351398 0.1981024 0.3001887 0.1459761 0.1565797 0.1371449 0.1508094 0.0946173 0.1386921 0.1320246 0.1980711 0.1157367 0.1258347 0.0489399 0.1325785 0.0889511 0.0844636 0.1858905 0.1298163 0.1289231 0.1121659 0.1296957 0.1293939 0.1293939 0.1309710 0.1269812 0.1185988 0.1343965 0.1195296 0.1507488 0.1042821 0.1294084 0.0834592 0.0000000 0.0545570 0.0719547 0.0596187 0.0343331 0.0337807 0.0617741 0.0700542 0.0800727 0.0847348 0.0994623 0.1120104 0.0749090 0.0478797 0.0735330 0.0720171 0.0972167 0.0750384 0.0478289 0.1070680 0.0859159 0.0869999 0.0868583 0.1489937 0.2642758 0.2764743 0.2642029 0.4157972 
HQ015394.1_Cyclosalpa_polae              0.1423884 0.1969805 0.2961939 0.1520843 0.1619672 0.1413433 0.1575899 0.1126868 0.1487078 0.1434913 0.1912297 0.1264990 0.1364362 0.0535307 0.1425865 0.1025791 0.1017889 0.1804856 0.1389597 0.1407158 0.1223721 0.1415183 0.1411827 0.1411792 0.1457780 0.1376286 0.1246102 0.1394010 0.1264718 0.1509359 0.0877577 0.0803772 0.0423830 0.0545570 0.0000000 0.0756916 0.0652931 0.0360699 0.0373236 0.0736630 0.0630637 0.0920244 0.0510807 0.1132454 0.1263628 0.0664090 0.0778078 0.0601676 0.0605865 0.1085761 0.0333031 0.0650619 0.0906194 0.1038975 0.1038094 0.1096068 0.1501612 0.2748162 0.2845392 0.2958579 0.4464595 
HQ015395.1_Cyclosalpa_sewelli            0.1585591 0.2247123 0.3283750 0.1511679 0.1725970 0.1596419 0.1675366 0.1260740 0.1513732 0.1486987 0.2212761 0.1332117 0.1483653 0.0709746 0.1454874 0.0656537 0.0774518 0.2063108 0.1500253 0.1504611 0.1342041 0.1575266 0.1570131 0.1571358 0.1562457 0.1513913 0.1361975 0.1584651 0.1404559 0.1520372 0.1258124 0.1645170 0.1145245 0.0719547 0.0756916 0.0000000 0.0268648 0.0518109 0.0523323 0.0855916 0.1010297 0.0890229 0.1131786 0.0886979 0.0527496 0.1076219 0.0854511 0.1005641 0.0996448 0.0588856 0.1067032 0.0776973 0.1336675 0.1180812 0.1191168 0.1191168 0.1793750 0.2770971 0.3061666 0.3115487 0.4562510 
HQ015396.1_Cyclosalpa_polae              0.1512627 0.2186173 0.3173278 0.1417303 0.1658062 0.1511643 0.1608512 0.1157068 0.1473488 0.1436434 0.2076205 0.1309655 0.1410457 0.0609188 0.1322009 0.0417585 0.0604776 0.2012623 0.1455242 0.1403148 0.1259928 0.1505387 0.1496733 0.1501693 0.1494689 0.1449909 0.1314391 0.1541367 0.1388446 0.1396083 0.1196128 0.1518645 0.1025614 0.0596187 0.0652931 0.0268648 0.0000000 0.0447996 0.0386288 0.0740169 0.0924937 0.0722959 0.1061462 0.0637545 0.0692461 0.0963742 0.0790719 0.0894343 0.0887556 0.0424800 0.0949174 0.0681553 0.1204973 0.1077492 0.1085496 0.1085496 0.1711519 0.2791076 0.3010792 0.3026383 0.4501518 
HQ015397.1_Cyclosalpa_quadriluminis      0.1185163 0.1696712 0.2693169 0.1270237 0.1323946 0.1194895 0.1255091 0.0842132 0.1174179 0.1089785 0.1668088 0.1028814 0.1119374 0.0188550 0.1074921 0.0802193 0.0722410 0.1665708 0.1068400 0.1055232 0.0977004 0.1161884 0.1161884 0.1161884 0.1183575 0.1029228 0.1030788 0.1208784 0.1077323 0.1213331 0.0838792 0.1185208 0.0749180 0.0343331 0.0360699 0.0518109 0.0447996 0.0000000 0.0182500 0.0526323 0.0623706 0.0693164 0.0792767 0.0843367 0.0952289 0.0644043 0.0479669 0.0594594 0.0586028 0.0800702 0.0628294 0.0381242 0.0931199 0.0787416 0.0802607 0.0802607 0.1330325 0.2457380 0.2555937 0.2557657 0.4129167 
HQ015398.1_Cyclosalpa_sewelli            0.1208119 0.1815377 0.2808431 0.1288725 0.1365445 0.1198945 0.1296290 0.0899538 0.1231304 0.1186780 0.1807195 0.1024695 0.1079617 0.0303479 0.1130425 0.0791531 0.0699995 0.1665832 0.1156891 0.1207898 0.0996761 0.1183572 0.1183572 0.1183572 0.1196382 0.1139761 0.1039885 0.1265066 0.1125240 0.1262520 0.0938943 0.1171592 0.0730899 0.0337807 0.0373236 0.0523323 0.0386288 0.0182500 0.0000000 0.0459213 0.0576343 0.0631216 0.0771896 0.0828216 0.0986723 0.0625263 0.0520416 0.0578441 0.0570335 0.0805297 0.0652407 0.0408337 0.0981150 0.0827643 0.0834413 0.0834413 0.1299171 0.2455377 0.2621457 0.2652102 0.4086122 
HQ015399.1_Iasis_cylindrica              0.1174720 0.1880161 0.2819208 0.1283886 0.1465893 0.1243253 0.1404943 0.0853313 0.1249944 0.1166471 0.1842946 0.1072801 0.1038969 0.0714326 0.1172815 0.0434382 0.0723521 0.1680561 0.1103662 0.1210671 0.1052432 0.1128076 0.1122899 0.1126395 0.1120787 0.1066050 0.0957081 0.1338726 0.1184203 0.1355857 0.1002661 0.1517580 0.1029339 0.0617741 0.0736630 0.0855916 0.0740169 0.0526323 0.0459213 0.0000000 0.0272638 0.0257701 0.0547380 0.0860418 0.1040981 0.0686703 0.0587060 0.0645391 0.0638855 0.0874879 0.0723135 0.0481825 0.1025323 0.0807222 0.0800903 0.0800903 0.1333776 0.2499626 0.2654325 0.2770088 0.4325410 
HQ015400.1_Iasis_cylindrica              0.1318369 0.1981018 0.3005645 0.1422304 0.1551328 0.1274349 0.1516798 0.0895215 0.1350234 0.1243730 0.1885505 0.1213788 0.1218225 0.0794483 0.1324112 0.0543820 0.0929096 0.1771308 0.1232866 0.1387326 0.1136109 0.1256345 0.1244427 0.1253391 0.1288959 0.1199710 0.1134558 0.1312399 0.1157108 0.1546753 0.0849447 0.1399065 0.0918999 0.0700542 0.0630637 0.1010297 0.0924937 0.0623706 0.0576343 0.0272638 0.0000000 0.0414637 0.0346595 0.1034274 0.1141971 0.0463169 0.0678205 0.0426988 0.0419811 0.1009675 0.0576526 0.0565616 0.0822098 0.0836554 0.0829361 0.0894842 0.1357154 0.2620663 0.2654388 0.2784513 0.4325990 
HQ015401.1_Iasis_cylindrica              0.1355059 0.2091297 0.3100075 0.1201120 0.1673650 0.1447306 0.1608859 0.1024193 0.1483632 0.1387902 0.2050191 0.1314710 0.1238806 0.0873490 0.1262590 0.0324918 0.0523725 0.1939777 0.1368701 0.1436376 0.1272929 0.1337699 0.1331204 0.1334501 0.1331188 0.1276202 0.1110573 0.1559178 0.1374298 0.1336793 0.1158622 0.1763580 0.1245494 0.0800727 0.0920244 0.0890229 0.0722959 0.0693164 0.0631216 0.0257701 0.0414637 0.0000000 0.0680387 0.0642096 0.1000152 0.0881680 0.0748973 0.0836579 0.0829358 0.0819181 0.0922262 0.0653422 0.1159554 0.0962602 0.0954722 0.0954722 0.1530625 0.2650158 0.2896219 0.2928643 0.4589924 
HQ015402.1_Iasis_cylindrica              0.1267321 0.1890111 0.2878028 0.1603792 0.1591788 0.1398976 0.1527961 0.1044594 0.1519521 0.1404073 0.1910471 0.1395585 0.1291955 0.0949955 0.1418772 0.0823308 0.1053735 0.1924089 0.1394100 0.1321899 0.1295683 0.1323215 0.1323215 0.1323215 0.1357029 0.1294941 0.1288079 0.1413092 0.1242394 0.1713746 0.0906884 0.0868883 0.0478996 0.0847348 0.0510807 0.1131786 0.1061462 0.0792767 0.0771896 0.0547380 0.0346595 0.0680387 0.0000000 0.1183268 0.1276683 0.0734614 0.0737163 0.0695719 0.0686918 0.1130001 0.0490503 0.0639666 0.0855310 0.0944031 0.0942648 0.0942648 0.1563244 0.2735238 0.2887483 0.2813238 0.4421198 
HQ015403.1_Brooksia_rostrata             0.1694608 0.2456167 0.3401667 0.1500314 0.2066893 0.1763285 0.1991308 0.1277719 0.1735942 0.1604210 0.2263857 0.1548453 0.1613435 0.1009253 0.1343585 0.0575354 0.0435316 0.2229939 0.1587694 0.1528286 0.1491817 0.1674275 0.1648614 0.1670085 0.1703946 0.1600650 0.1537437 0.1904718 0.1702300 0.1562135 0.1444508 0.2095888 0.1502534 0.0994623 0.1132454 0.0886979 0.0637545 0.0843367 0.0828216 0.0860418 0.1034274 0.0642096 0.1183268 0.0000000 0.0480620 0.1040469 0.0919569 0.1013117 0.1014982 0.0692063 0.1017656 0.0813064 0.1359719 0.1220869 0.1228087 0.1307798 0.1782429 0.3080938 0.3184455 0.3354936 0.4721253 
HQ015404.1_Brooksia_rostrata             0.1773502 0.2525071 0.3466732 0.1725059 0.2087126 0.1801262 0.2010950 0.1347673 0.1743277 0.1601462 0.2409500 0.1543603 0.1709188 0.1119527 0.1493451 0.0654482 0.0787366 0.2288477 0.1663105 0.1619057 0.1520539 0.1746041 0.1714907 0.1752004 0.1776805 0.1673169 0.1742897 0.2003200 0.1794918 0.1753201 0.1460091 0.2276981 0.1657906 0.1120104 0.1263628 0.0527496 0.0692461 0.0952289 0.0986723 0.1040981 0.1141971 0.1000152 0.1276683 0.0480620 0.0000000 0.1138584 0.0997452 0.1106302 0.1111479 0.0657852 0.1141482 0.0922192 0.1436719 0.1293967 0.1300822 0.1379428 0.1872590 0.3014481 0.3249399 0.3403206 0.4847357 
HQ015405.1_Salpa_aspera                  0.1454648 0.1979320 0.3156644 0.1548551 0.1620642 0.1412752 0.1537036 0.1056722 0.1443711 0.1413418 0.1965217 0.1270748 0.1361101 0.0825230 0.1323861 0.0975056 0.0670485 0.1849709 0.1313162 0.1315706 0.1300773 0.1408880 0.1408880 0.1408880 0.1432428 0.1379613 0.1279196 0.1440206 0.1336475 0.1598635 0.0934302 0.1392132 0.0960653 0.0749090 0.0664090 0.1076219 0.0963742 0.0644043 0.0625263 0.0686703 0.0463169 0.0881680 0.0734614 0.1040469 0.1138584 0.0000000 0.0393601 0.0096307 0.0090098 0.0780845 0.0580342 0.0529322 0.0899524 0.0973494 0.0980395 0.0980395 0.1476309 0.2694153 0.2843706 0.3063990 0.4410165 
HQ015406.1_Salpa_thompsoni               0.1412581 0.1778860 0.2907276 0.1471000 0.1502550 0.1380070 0.1452536 0.0881626 0.1404847 0.1409438 0.1862473 0.1135333 0.1261672 0.0728350 0.1203067 0.0798706 0.0474964 0.1746696 0.1133367 0.1126582 0.1241023 0.1241310 0.1321026 0.1238424 0.1300568 0.1213802 0.1194209 0.1435066 0.1276999 0.1524795 0.1027427 0.1539746 0.1042205 0.0478797 0.0778078 0.0854511 0.0790719 0.0479669 0.0520416 0.0587060 0.0678205 0.0748973 0.0737163 0.0919569 0.0997452 0.0393601 0.0000000 0.0421545 0.0356553 0.0601060 0.0647223 0.0349559 0.1012244 0.0810545 0.0828103 0.0851116 0.1489659 0.2451570 0.2723130 0.2723370 0.4263915 
HQ015407.1_Salpa_maxima                  0.1548433 0.1954116 0.3074740 0.1495838 0.1628263 0.1415350 0.1584434 0.1028565 0.1418756 0.1404387 0.1895491 0.1282102 0.1384814 0.0773869 0.1230685 0.0930578 0.0652407 0.1802680 0.1291807 0.1287273 0.1264448 0.1416404 0.1401592 0.1412993 0.1478421 0.1380228 0.1231259 0.1396607 0.1255377 0.1564830 0.0883004 0.1422027 0.0938327 0.0735330 0.0601676 0.1005641 0.0894343 0.0594594 0.0578441 0.0645391 0.0426988 0.0836579 0.0695719 0.1013117 0.1106302 0.0096307 0.0421545 0.0000000 0.0005877 0.0678314 0.0529562 0.0541428 0.0840051 0.0974483 0.0974112 0.1041615 0.1463587 0.2626117 0.2718178 0.2919684 0.4360471 
HQ015408.1_Salpa_maxima                  0.1457410 0.1882569 0.3096004 0.1518268 0.1604002 0.1418203 0.1531596 0.1018321 0.1427990 0.1406742 0.1880416 0.1270068 0.1353931 0.0760716 0.1237005 0.0920190 0.0627781 0.1789117 0.1286970 0.1229034 0.1262719 0.1404814 0.1401437 0.1401437 0.1434377 0.1368327 0.1237151 0.1405320 0.1256502 0.1594665 0.0876335 0.1391081 0.0928811 0.0720171 0.0605865 0.0996448 0.0887556 0.0586028 0.0570335 0.0638855 0.0419811 0.0829358 0.0686918 0.1014982 0.1111479 0.0090098 0.0356553 0.0005877 0.0000000 0.0671617 0.0525224 0.0475202 0.0844989 0.0964743 0.0967337 0.0967337 0.1481673 0.2647719 0.2735816 0.2939027 0.4353490 
HQ015409.1_Salpa_fusiformis              0.1697136 0.2274374 0.3351313 0.1545926 0.1817688 0.1719074 0.1766105 0.1290996 0.1590267 0.1582297 0.2135327 0.1499568 0.1561441 0.0983679 0.1335364 0.0493118 0.0408358 0.2148246 0.1573558 0.1464547 0.1493814 0.1663739 0.1653942 0.1659559 0.1677685 0.1616421 0.1494357 0.1743426 0.1557079 0.1610430 0.1383812 0.2052883 0.1488196 0.0972167 0.1085761 0.0588856 0.0424800 0.0800702 0.0805297 0.0874879 0.1009675 0.0819181 0.1130001 0.0692063 0.0657852 0.0780845 0.0601060 0.0678314 0.0671617 0.0000000 0.1023876 0.0749545 0.1259341 0.1224286 0.1231538 0.1231538 0.1847868 0.2920713 0.3157420 0.3205969 0.4637352 
HQ015410.1_Ritteriella_retracta          0.1352068 0.2070654 0.3063707 0.1651807 0.1761930 0.1504463 0.1686992 0.1088059 0.1533145 0.1472997 0.2080362 0.1380625 0.1397644 0.0788566 0.1455071 0.1000950 0.0915016 0.1954461 0.1417851 0.1526057 0.1293607 0.1477345 0.1461957 0.1473765 0.1497753 0.1396211 0.1380444 0.1502345 0.1344505 0.1747016 0.0945560 0.1126537 0.0706296 0.0750384 0.0333031 0.1067032 0.0949174 0.0628294 0.0652407 0.0723135 0.0576526 0.0922262 0.0490503 0.1017656 0.1141482 0.0580342 0.0647223 0.0529562 0.0525224 0.1023876 0.0000000 0.0384085 0.0912894 0.1038825 0.1037946 0.1061272 0.1565829 0.2927314 0.2896087 0.3021334 0.4460119 
HQ015411.1_Ritteriella_retracta          0.1192198 0.1842914 0.2874853 0.1438632 0.1451353 0.1278600 0.1367828 0.0780607 0.1335949 0.1268237 0.1924467 0.1070816 0.1164877 0.0603365 0.1274704 0.0700614 0.0737090 0.1771041 0.1148980 0.1177049 0.1121125 0.1171473 0.1250232 0.1168778 0.1178600 0.1109579 0.1128960 0.1418327 0.1274102 0.1522090 0.0934839 0.1386268 0.0918490 0.0478289 0.0650619 0.0776973 0.0681553 0.0381242 0.0408337 0.0481825 0.0565616 0.0653422 0.0639666 0.0813064 0.0922192 0.0529322 0.0349559 0.0541428 0.0475202 0.0749545 0.0384085 0.0000000 0.0951728 0.0745936 0.0763457 0.0786469 0.1393553 0.2573664 0.2716314 0.2778278 0.4196208 
HQ015412.1_Thalia_orientalis             0.1676400 0.2277021 0.2916136 0.1726730 0.1869838 0.1615829 0.1821268 0.0718624 0.1564395 0.1518346 0.2153728 0.1537643 0.1600317 0.1114543 0.1333840 0.1155858 0.1194935 0.2014901 0.1324264 0.1377231 0.1416321 0.1628245 0.1609528 0.1624228 0.1695274 0.1651181 0.1461390 0.1614068 0.1431414 0.1579340 0.0943361 0.1709640 0.1208350 0.1070680 0.0906194 0.1336675 0.1204973 0.0931199 0.0981150 0.1025323 0.0822098 0.1159554 0.0855310 0.1359719 0.1436719 0.0899524 0.1012244 0.0840051 0.0844989 0.1259341 0.0912894 0.0951728 0.0000000 0.0658368 0.0645463 0.0708782 0.1735549 0.2965875 0.2794903 0.3026856 0.4412435 
HQ015413.1_Thalia_democratica            0.1388942 0.1950370 0.2799094 0.1603157 0.1558762 0.1492723 0.1529629 0.0237260 0.1492797 0.1442342 0.1957603 0.1423210 0.1362994 0.0974735 0.1301872 0.0953408 0.1114301 0.1916998 0.1365966 0.1208668 0.1319313 0.1318996 0.1318996 0.1328982 0.1454717 0.1390231 0.1377338 0.1471931 0.1372998 0.1471497 0.1152959 0.1819099 0.1323350 0.0859159 0.1038975 0.1180812 0.1077492 0.0787416 0.0827643 0.0807222 0.0836554 0.0962602 0.0944031 0.1220869 0.1293967 0.0973494 0.0810545 0.0974483 0.0964743 0.1224286 0.1038825 0.0745936 0.0658368 0.0000000 0.0023510 0.0017618 0.1581747 0.2695105 0.2698983 0.3049158 0.4077987 
HQ015414.1_Thalia_democratica            0.1404607 0.1924160 0.2754466 0.1598228 0.1563939 0.1508180 0.1524626 0.0257366 0.1508376 0.1458098 0.1915989 0.1452764 0.1378885 0.0982783 0.1317885 0.0961538 0.1112791 0.1879072 0.1352787 0.1224860 0.1335345 0.1351315 0.1343882 0.1358154 0.1470521 0.1418189 0.1373566 0.1477909 0.1379750 0.1467733 0.1151136 0.1821664 0.1324258 0.0869999 0.1038094 0.1191168 0.1085496 0.0802607 0.0834413 0.0800903 0.0829361 0.0954722 0.0942648 0.1228087 0.1300822 0.0980395 0.0828103 0.0974112 0.0967337 0.1231538 0.1037946 0.0763457 0.0645463 0.0023510 0.0000000 0.0005813 0.1606285 0.2692241 0.2708965 0.3045005 0.4137089 
HQ015415.1_Thalia_democratica            0.1456817 0.1952975 0.2837891 0.1685662 0.1606115 0.1562931 0.1556473 0.0257366 0.1595834 0.1547082 0.1982076 0.1452764 0.1434721 0.1060579 0.1401325 0.0961538 0.1191810 0.1879072 0.1350479 0.1236123 0.1423946 0.1342109 0.1421683 0.1348948 0.1474252 0.1418189 0.1371255 0.1551163 0.1453650 0.1563627 0.1151136 0.1853216 0.1324258 0.0868583 0.1096068 0.1191168 0.1085496 0.0802607 0.0834413 0.0800903 0.0894842 0.0954722 0.0942648 0.1307798 0.1379428 0.0980395 0.0851116 0.1041615 0.0967337 0.1231538 0.1061272 0.0786469 0.0708782 0.0017618 0.0005813 0.0000000 0.1680990 0.2734208 0.2789586 0.3134678 0.4250131 
L12378.2_Ascidia_ceratodes               0.1151800 0.1797960 0.2677725 0.0886932 0.0863576 0.0555392 0.0860388 0.1710752 0.0743227 0.0715614 0.1680892 0.0870659 0.0933379 0.1389466 0.1569250 0.1699682 0.1714136 0.1498332 0.1681418 0.1605410 0.0757281 0.0937844 0.0923089 0.0919350 0.0973925 0.0956452 0.1567116 0.1693876 0.1586202 0.1451344 0.1200335 0.2415230 0.1840535 0.1489937 0.1501612 0.1793750 0.1711519 0.1330325 0.1299171 0.1333776 0.1357154 0.1530625 0.1563244 0.1782429 0.1872590 0.1476309 0.1489659 0.1463587 0.1481673 0.1847868 0.1565829 0.1393553 0.1735549 0.1581747 0.1606285 0.1680990 0.0000000 0.1972740 0.2173452 0.2253069 0.3798535 
L12426.2_Molgula_manhattensis            0.2285787 0.2664000 0.3356575 0.2127568 0.1824034 0.1982724 0.1933003 0.2777165 0.1931087 0.1992873 0.2565311 0.2123042 0.2128447 0.2572493 0.2667745 0.2745718 0.2826403 0.2484884 0.2709268 0.2606331 0.2049192 0.2193776 0.2217118 0.2188035 0.2266919 0.2257638 0.2504348 0.2667159 0.2503262 0.2374426 0.2133037 0.3552530 0.3129506 0.2642758 0.2748162 0.2770971 0.2791076 0.2457380 0.2455377 0.2499626 0.2620663 0.2650158 0.2735238 0.3080938 0.3014481 0.2694153 0.2451570 0.2626117 0.2647719 0.2920713 0.2927314 0.2573664 0.2965875 0.2695105 0.2692241 0.2734208 0.1972740 0.0000000 0.2823133 0.2947120 0.4926138 
M91181.1_Echinorhinus_cookei             0.2512495 0.2952781 0.3473117 0.2344983 0.2329835 0.1908500 0.2381758 0.2859427 0.2104813 0.2189104 0.2688507 0.2208539 0.2348127 0.2728689 0.2773346 0.3002573 0.3002876 0.2715550 0.2684626 0.2859185 0.2202728 0.2342275 0.2359162 0.2335989 0.2388279 0.2406075 0.2880286 0.2980573 0.2809970 0.2788917 0.2322172 0.4150087 0.3390412 0.2764743 0.2845392 0.3061666 0.3010792 0.2555937 0.2621457 0.2654325 0.2654388 0.2896219 0.2887483 0.3184455 0.3249399 0.2843706 0.2723130 0.2718178 0.2735816 0.3157420 0.2896087 0.2716314 0.2794903 0.2698983 0.2708965 0.2789586 0.2173452 0.2823133 0.0000000 0.2123572 0.3171195 
M97571.1_Branchiostoma_floridae          0.2704098 0.2937418 0.3534964 0.2435745 0.2457048 0.2293532 0.2497114 0.3291263 0.2193668 0.2311571 0.2770621 0.2399308 0.2567427 0.2803129 0.2886107 0.2994858 0.3020242 0.2630031 0.3067198 0.3005782 0.2399438 0.2555369 0.2518617 0.2550868 0.2525167 0.2584525 0.2945914 0.3199706 0.2930955 0.2947026 0.2485261 0.4179096 0.3426414 0.2642029 0.2958579 0.3115487 0.3026383 0.2557657 0.2652102 0.2770088 0.2784513 0.2928643 0.2813238 0.3354936 0.3403206 0.3063990 0.2723370 0.2919684 0.2939027 0.3205969 0.3021334 0.2778278 0.3026856 0.3049158 0.3045005 0.3134678 0.2253069 0.2947120 0.2123572 0.0000000 0.3967733 
M97574.1_Myxine_glutinosa                0.4017571 0.4688040 0.5782255 0.3975951 0.3986564 0.3858174 0.4113238 0.4349410 0.3829733 0.3808939 0.4391058 0.3846532 0.3939036 0.4198072 0.4458296 0.4668407 0.4390285 0.4304275 0.4664803 0.4707511 0.3615993 0.3774713 0.3758648 0.3767342 0.4051062 0.3959565 0.4568511 0.4586376 0.4319347 0.4438920 0.3932297 0.5674088 0.4810061 0.4157972 0.4464595 0.4562510 0.4501518 0.4129167 0.4086122 0.4325410 0.4325990 0.4589924 0.4421198 0.4721253 0.4847357 0.4410165 0.4263915 0.4360471 0.4353490 0.4637352 0.4460119 0.4196208 0.4412435 0.4077987 0.4137089 0.4250131 0.3798535 0.4926138 0.3171195 0.3967733 0.0000000 
