63
HQ015383.1_Pyrosomella_verticillata      0.0000000 0.0875497 0.0896345 0.0607570 0.0575090 0.0768326 0.1082968 0.0715062 0.1028417 0.0871646 0.0629145 0.1270113 0.0871646 0.1075807 0.0960130 0.0744822 0.0006843 0.0683348 0.0966227 0.0244829 0.0582470 0.0947572 0.1937309 0.0930699 0.0154537 0.0006848 0.1026743 0.0673012 0.0953893 0.0984468 0.1014040 0.0780158 0.0876420 0.0670337 0.3123222 0.0679172 0.2125555 0.0949574 0.0588301 0.1026313 0.0359004 0.0228515 0.0965713 0.0924659 0.0726732 0.0629034 0.0765944 0.1330370 0.1228237 0.0928485 0.0677384 0.0961672 0.1925266 0.0288511 0.0891714 0.0909272 0.2273963 0.0946236 0.1759274 0.0718890 0.0112522 0.0708159 0.0904388 
HQ015413.1_Thalia_democratica            0.0875497 0.0000000 0.1174990 0.1069247 0.0897689 0.0535714 0.0683299 0.0443921 0.0732700 0.0000010 0.0949804 0.1032454 0.0000010 0.0765431 0.1212749 0.0485507 0.0875552 0.0423722 0.0720517 0.0919028 0.1125724 0.0675534 0.2046581 0.0678924 0.0816219 0.0875552 0.1280264 0.0414822 0.0763422 0.0819546 0.1303920 0.0700694 0.0595782 0.0483470 0.3241025 0.1201545 0.2181716 0.0250979 0.0987823 0.0795145 0.0941776 0.0884933 0.0645769 0.0292813 0.0497763 0.0943290 0.0451228 0.0998238 0.0786485 0.0596431 0.0432598 0.0946619 0.1611888 0.1012137 0.0776596 0.0618202 0.2563884 0.0759714 0.2070440 0.1049044 0.0741855 0.0471251 0.0637427 
HQ015376.1_Doliolum_denticulatum         0.0896345 0.1174990 0.0000000 0.1171513 0.0915182 0.1104930 0.1489014 0.1066740 0.1253433 0.1172799 0.0975986 0.1681801 0.1172799 0.1400880 0.0125128 0.0995474 0.0896401 0.0969040 0.1251181 0.0960006 0.1174594 0.1267847 0.2182730 0.1220811 0.0861765 0.0896401 0.0202411 0.0957028 0.1184776 0.1377957 0.1298653 0.1006671 0.1193009 0.1091341 0.3014990 0.1091187 0.2186373 0.1315706 0.0957111 0.1331937 0.1066476 0.0884971 0.1253604 0.1145598 0.1085071 0.1044135 0.1075793 0.1655907 0.1651076 0.1344682 0.0980980 0.1210996 0.2419943 0.1005423 0.1179583 0.1182834 0.2298298 0.1220748 0.2084938 0.1155351 0.0806760 0.1054828 0.1260361 
HQ015379.1_Pyrostremma_spinosum          0.0607570 0.1069247 0.1171513 0.0000000 0.0718390 0.1037447 0.1339154 0.0957454 0.1152063 0.1063457 0.0868282 0.1587562 0.1063457 0.1264698 0.1217770 0.0951077 0.0607608 0.0883678 0.1213176 0.0656445 0.0991627 0.1192016 0.2234100 0.1151383 0.0520550 0.0608143 0.1279596 0.0872116 0.1065927 0.1353404 0.1226811 0.0902555 0.1111773 0.0981113 0.3498388 0.0939431 0.2356256 0.1238777 0.0661866 0.0817929 0.0728208 0.0562175 0.1189683 0.1111265 0.0946168 0.0810201 0.0989535 0.1611764 0.1516054 0.1156875 0.0878881 0.1083947 0.2334916 0.0670246 0.1069847 0.1126332 0.2674404 0.1058236 0.1978253 0.0909842 0.0463885 0.0923197 0.1141077 
FM244841.1_Pycnoclavella_aff._detorta    0.0575090 0.0897689 0.0915182 0.0718390 0.0000000 0.0792278 0.1112963 0.0727363 0.0953963 0.0893024 0.0480354 0.1340475 0.0893024 0.1055602 0.0938217 0.0755956 0.0583708 0.0685866 0.1006749 0.0528743 0.0386819 0.0994079 0.1810927 0.0969099 0.0429856 0.0584216 0.1036261 0.0675486 0.0830298 0.1125775 0.0885132 0.0703389 0.0904418 0.0789375 0.2899982 0.0616721 0.1878138 0.1034129 0.0424476 0.1027239 0.0685530 0.0558965 0.0892547 0.0902416 0.0750556 0.0446599 0.0780934 0.1351107 0.1280140 0.0955960 0.0679799 0.0774674 0.1998486 0.0640355 0.0812435 0.0915137 0.2019140 0.0822437 0.1608141 0.0550328 0.0452809 0.0721790 0.0910342 
FM244867.1_Salpa_thompsoni               0.0768326 0.0535714 0.1104930 0.1037447 0.0792278 0.0000000 0.0619665 0.0308686 0.0784016 0.0533129 0.0901943 0.0936971 0.0533129 0.0862378 0.1112533 0.0461656 0.0777647 0.0268560 0.0609072 0.0796111 0.1012094 0.0628095 0.2200775 0.0560978 0.0695516 0.0778356 0.1236244 0.0260374 0.0765482 0.0786776 0.1274498 0.0645378 0.0365437 0.0354379 0.3284720 0.1075349 0.2270520 0.0683064 0.0869286 0.0780977 0.0892603 0.0822300 0.0480114 0.0567054 0.0267648 0.0973750 0.0365803 0.0886655 0.0608530 0.0491473 0.0277575 0.0906379 0.1550285 0.0906056 0.0743355 0.0483315 0.2456775 0.0766427 0.2026329 0.1100551 0.0657810 0.0299896 0.0461242 
HQ015393.1_Cyclosalpa_floridana          0.1082968 0.0683299 0.1489014 0.1339154 0.1112963 0.0619665 0.0000000 0.0456941 0.1035453 0.0679947 0.1177040 0.1112405 0.0679947 0.1124822 0.1484430 0.0625562 0.1083037 0.0486517 0.0739008 0.1156038 0.1381834 0.0850334 0.2553935 0.0762491 0.1001918 0.1084078 0.1614329 0.0477257 0.0947007 0.1028949 0.1513626 0.0860317 0.0685297 0.0658469 0.3790619 0.1425539 0.2810912 0.0875372 0.1185576 0.1051240 0.1208553 0.1105180 0.0660425 0.0796745 0.0562063 0.1304547 0.0596381 0.1193560 0.0393486 0.0387008 0.0497318 0.1147580 0.1778546 0.1238279 0.0991160 0.0616732 0.2131676 0.0866970 0.2341917 0.1445261 0.0933255 0.0483357 0.0652251 
HQ015397.1_Cyclosalpa_quadriluminis      0.0715062 0.0443921 0.1066740 0.0957454 0.0727363 0.0308686 0.0456941 0.0000000 0.0721416 0.0443199 0.0828359 0.0743172 0.0443199 0.0798888 0.1079535 0.0348873 0.0715107 0.0209294 0.0420748 0.0671643 0.0947637 0.0547458 0.2035406 0.0462168 0.0624286 0.0715107 0.1186710 0.0201259 0.0669762 0.0688403 0.1153019 0.0528977 0.0409087 0.0349835 0.3218464 0.1034551 0.2197470 0.0581582 0.0814781 0.0747855 0.0861491 0.0752430 0.0298832 0.0495520 0.0274952 0.0920938 0.0330678 0.0847749 0.0616622 0.0410466 0.0209502 0.0769404 0.1303746 0.0828144 0.0612189 0.0309768 0.2360054 0.0650792 0.1946911 0.1036623 0.0616781 0.0211525 0.0361299 
FM244865.1_Ihlea_racovitzai              0.1028417 0.0732700 0.1253433 0.1152063 0.0953963 0.0784016 0.1035453 0.0721416 0.0000000 0.0729020 0.0950818 0.1403552 0.0729020 0.0335674 0.1293314 0.0692363 0.1028482 0.0641252 0.0997308 0.1034026 0.1152858 0.0772479 0.2117192 0.0961340 0.0901090 0.1029454 0.1339502 0.0631188 0.0934259 0.1093581 0.1366008 0.0799869 0.0808605 0.0719689 0.3316349 0.1175064 0.2299807 0.0835714 0.1022497 0.0600219 0.1138044 0.0932081 0.0930333 0.0734729 0.0725586 0.1091800 0.0724595 0.0984937 0.1101967 0.0915968 0.0671204 0.0855153 0.2097379 0.1116364 0.0912263 0.0742469 0.2501686 0.0905872 0.1982081 0.1237056 0.0883535 0.0735730 0.0944702 
HQ015415.1_Thalia_democratica            0.0871646 0.0000010 0.1172799 0.1063457 0.0893024 0.0533129 0.0679947 0.0443199 0.0729020 0.0000000 0.0944822 0.1026866 0.0000010 0.0761549 0.1206152 0.0483214 0.0871700 0.0421753 0.0716921 0.0917335 0.1120463 0.0672177 0.2033450 0.0675578 0.0814707 0.0872499 0.1273184 0.0412901 0.0759607 0.0818101 0.1296724 0.0697214 0.0592890 0.0482630 0.3233893 0.1195923 0.2167603 0.0249992 0.0982623 0.0791086 0.0936826 0.0880304 0.0642544 0.0291486 0.0495390 0.0938418 0.0449111 0.0992872 0.0782515 0.0593571 0.0431913 0.0941720 0.1602065 0.1006620 0.0772691 0.0617172 0.2546115 0.0756495 0.2056983 0.1043525 0.0738168 0.0469018 0.0634286 
AB013017.1_Ciona_intestinalis            0.0629145 0.0949804 0.0975986 0.0868282 0.0480354 0.0901943 0.1177040 0.0828359 0.0950818 0.0944822 0.0000000 0.1423149 0.0944822 0.1137160 0.1042696 0.0812402 0.0637901 0.0772531 0.1099877 0.0628104 0.0695020 0.1000626 0.1792504 0.1065067 0.0565311 0.0638459 0.0994638 0.0761697 0.0992755 0.1156589 0.0863379 0.0853760 0.0824731 0.0866042 0.3063050 0.0708129 0.1805511 0.1095043 0.0486392 0.1145736 0.0779142 0.0591760 0.1014235 0.1008940 0.0850318 0.0562911 0.0870145 0.1026706 0.1310499 0.1031257 0.0757079 0.0825060 0.2086349 0.0732288 0.0872082 0.0971780 0.2220888 0.0965401 0.1815426 0.0690972 0.0528807 0.0832483 0.1019259 
HQ015392.1_Cyclosalpa_affinis            0.1270113 0.1032454 0.1681801 0.1587562 0.1340475 0.0936971 0.1112405 0.0743172 0.1403552 0.1026866 0.1423149 0.0000000 0.1026866 0.1052525 0.1580096 0.0793261 0.1270195 0.0670940 0.0372575 0.1359284 0.1713214 0.1151365 0.2880381 0.0474699 0.1191979 0.1271469 0.1763521 0.0660696 0.1136051 0.0276061 0.1755098 0.0900590 0.1061739 0.0947226 0.4214619 0.1637082 0.3042438 0.1230549 0.1325442 0.1355871 0.1431556 0.1300198 0.0976855 0.0814318 0.0869163 0.1468287 0.0934643 0.1550264 0.1354451 0.1036977 0.0673964 0.1438151 0.0361888 0.1445158 0.1123724 0.0935749 0.3286892 0.1239936 0.2696863 0.1656110 0.1104835 0.0808236 0.1007231 
HQ015414.1_Thalia_democratica            0.0871646 0.0000010 0.1172799 0.1063457 0.0893024 0.0533129 0.0679947 0.0443199 0.0729020 0.0000010 0.0944822 0.1026866 0.0000000 0.0761549 0.1206152 0.0483214 0.0871700 0.0421753 0.0716921 0.0917335 0.1120463 0.0672177 0.2033450 0.0675578 0.0814707 0.0872499 0.1273184 0.0412901 0.0759607 0.0818101 0.1296724 0.0697214 0.0592890 0.0482630 0.3233893 0.1195923 0.2167603 0.0249992 0.0982623 0.0791086 0.0936826 0.0880304 0.0642544 0.0291486 0.0495390 0.0938418 0.0449111 0.0992872 0.0782515 0.0593571 0.0431913 0.0941720 0.1602065 0.1006620 0.0772691 0.0617172 0.2546115 0.0756495 0.2056983 0.1043525 0.0738168 0.0469018 0.0634286 
HQ015378.1_Ihlea_racovitzai              0.1075807 0.0765431 0.1400880 0.1264698 0.1055602 0.0862378 0.1124822 0.0798888 0.0335674 0.0761549 0.1137160 0.1052525 0.0761549 0.0000000 0.1449607 0.0777461 0.1075876 0.0711928 0.0971708 0.1083650 0.1317487 0.1056959 0.2256227 0.0934782 0.0938598 0.1076913 0.1510142 0.0701438 0.0996427 0.0890609 0.1517516 0.0852395 0.0957404 0.0804006 0.3589089 0.1307848 0.2433240 0.0871081 0.1125996 0.0710560 0.1198983 0.1081695 0.1016478 0.0723038 0.0802536 0.1199629 0.0769382 0.1460340 0.1194977 0.0978285 0.0743078 0.1107787 0.1444663 0.1167221 0.1018635 0.0997484 0.2660182 0.1012442 0.2140215 0.1338928 0.0926065 0.0813115 0.1030979 
AB013012.1_Doliolum_nationalis           0.0960130 0.1212749 0.0125128 0.1217770 0.0938217 0.1112533 0.1484430 0.1079535 0.1293314 0.1206152 0.1042696 0.1580096 0.1206152 0.1449607 0.0000000 0.1036616 0.0960189 0.0986874 0.1214339 0.1049433 0.1203135 0.1317627 0.2251977 0.1190200 0.0929010 0.0961067 0.0236699 0.0975014 0.1179889 0.1351182 0.1367752 0.1016064 0.1196228 0.1132763 0.3000924 0.1149540 0.2301022 0.1372630 0.1028408 0.1394564 0.1092721 0.0958666 0.1264193 0.1183813 0.1090391 0.1075348 0.1081300 0.1704398 0.1617595 0.1329927 0.1002146 0.1156768 0.2191390 0.1096388 0.1167886 0.1213012 0.2367730 0.1222643 0.2114153 0.1235891 0.0856656 0.1071836 0.1274227 
HQ015400.1_Iasis_cylindrica              0.0744822 0.0485507 0.0995474 0.0951077 0.0755956 0.0461656 0.0625562 0.0348873 0.0692363 0.0483214 0.0812402 0.0793261 0.0483214 0.0777461 0.1036616 0.0000000 0.0744869 0.0247784 0.0509243 0.0793280 0.0992275 0.0332000 0.1971728 0.0454027 0.0652355 0.0745542 0.1060512 0.0239845 0.0618464 0.0461711 0.1078961 0.0488750 0.0529029 0.0224712 0.3156471 0.0961106 0.2093028 0.0608973 0.0800127 0.0690775 0.0856919 0.0727271 0.0540640 0.0469744 0.0392763 0.0932993 0.0423595 0.0609026 0.0767892 0.0490112 0.0271689 0.0831250 0.1355561 0.0870354 0.0585872 0.0441162 0.2250406 0.0609407 0.1768103 0.1036988 0.0618868 0.0383414 0.0550987 
HQ015382.1_Pyrosomella_verticillata      0.0006843 0.0875552 0.0896401 0.0607608 0.0583708 0.0777647 0.1083037 0.0715107 0.1028482 0.0871700 0.0637901 0.1270195 0.0871700 0.1075876 0.0960189 0.0744869 0.0000000 0.0683390 0.0966288 0.0252764 0.0591092 0.0947632 0.1937430 0.0930758 0.0154537 0.0000010 0.1026807 0.0673054 0.0953953 0.0984532 0.1004403 0.0780207 0.0876475 0.0670382 0.3123398 0.0688006 0.2125685 0.0949634 0.0596892 0.1026378 0.0367041 0.0220916 0.0965775 0.0924717 0.0726777 0.0637790 0.0765992 0.1330456 0.1228316 0.0928544 0.0677426 0.0961731 0.1925391 0.0296430 0.0891770 0.0909329 0.2274100 0.0946295 0.1759386 0.0727840 0.0105384 0.0708203 0.0904445 
HQ015407.1_Salpa_maxima                  0.0683348 0.0423722 0.0969040 0.0883678 0.0685866 0.0268560 0.0486517 0.0209294 0.0641252 0.0421753 0.0772531 0.0670940 0.0421753 0.0711928 0.0986874 0.0247784 0.0683390 0.0000000 0.0386897 0.0707807 0.0921531 0.0501473 0.1974192 0.0328061 0.0568045 0.0683999 0.1066806 0.0006865 0.0630885 0.0558725 0.1052736 0.0436733 0.0396791 0.0317914 0.2939956 0.0935076 0.2001383 0.0559255 0.0748707 0.0659234 0.0782430 0.0695417 0.0379853 0.0392311 0.0190645 0.0857288 0.0290037 0.0803503 0.0553941 0.0350886 0.0048620 0.0800846 0.1198586 0.0793796 0.0617535 0.0372697 0.2268839 0.0621880 0.1800122 0.0977867 0.0553176 0.0244173 0.0408300 
HQ015394.1_Cyclosalpa_polae              0.0966227 0.0720517 0.1251181 0.1213176 0.1006749 0.0609072 0.0739008 0.0420748 0.0997308 0.0716921 0.1099877 0.0372575 0.0716921 0.0971708 0.1214339 0.0509243 0.0966288 0.0386897 0.0000000 0.1030260 0.1261954 0.0821829 0.2292545 0.0217182 0.0880817 0.0967196 0.1315671 0.0378231 0.0910299 0.0326906 0.1354757 0.0611432 0.0700246 0.0612952 0.3564086 0.1264717 0.2532306 0.0883977 0.1020581 0.1000422 0.1079182 0.0991351 0.0620542 0.0552803 0.0551866 0.1141976 0.0602710 0.1157583 0.0951007 0.0685674 0.0388487 0.1030758 0.0805066 0.1110592 0.0838614 0.0590666 0.2665692 0.0890689 0.2160923 0.1304307 0.0825180 0.0482002 0.0650303 
HQ015385.1_Pyrosoma_atlanticum           0.0244829 0.0919028 0.0960006 0.0656445 0.0528743 0.0796111 0.1156038 0.0671643 0.1034026 0.0917335 0.0628104 0.1359284 0.0917335 0.1083650 0.1049433 0.0793280 0.0252764 0.0707807 0.1030260 0.0000000 0.0869801 0.1010462 0.2051430 0.0981390 0.0190700 0.0252764 0.1120270 0.0696869 0.0971879 0.1091077 0.1053118 0.0766993 0.0912334 0.0746394 0.3165200 0.0837237 0.2162936 0.1061518 0.0607322 0.1052522 0.0418424 0.0270335 0.0927062 0.0973832 0.0753819 0.0679340 0.0795295 0.1424429 0.1285340 0.0979503 0.0699744 0.0955940 0.2062052 0.0317963 0.0916419 0.0988921 0.2436680 0.0963072 0.1843551 0.0775906 0.0154807 0.0754369 0.0964119 
FM244840.1_Clavelina_meridionalis        0.0582470 0.1125724 0.1174594 0.0991627 0.0386819 0.1012094 0.1381834 0.0947637 0.1152858 0.1120463 0.0695020 0.1713214 0.1120463 0.1317487 0.1203135 0.0992275 0.0591092 0.0921531 0.1261954 0.0869801 0.0000000 0.1250287 0.2037507 0.1218670 0.0701045 0.0591605 0.1292229 0.0909708 0.1131094 0.1393899 0.1080548 0.0950810 0.1151696 0.1026481 0.3598776 0.0738537 0.2202566 0.1096335 0.0631044 0.1272927 0.0974098 0.0816579 0.1174671 0.1120202 0.1005765 0.0694024 0.1061293 0.1648866 0.1548139 0.1206398 0.0915254 0.0973026 0.2472627 0.0974926 0.1080820 0.1148260 0.2339478 0.1102459 0.1964175 0.0800219 0.0721931 0.0953850 0.1175709 
HQ015399.1_Iasis_cylindrica              0.0947572 0.0675534 0.1267847 0.1192016 0.0994079 0.0628095 0.0850334 0.0547458 0.0772479 0.0672177 0.1000626 0.1151365 0.0672177 0.1056959 0.1317627 0.0332000 0.0947632 0.0501473 0.0821829 0.1010462 0.1250287 0.0000000 0.2168387 0.0749012 0.0896408 0.0948522 0.1219074 0.0492175 0.0852913 0.0787064 0.1394647 0.0779089 0.0671909 0.0404271 0.3726349 0.1213772 0.2553232 0.0816454 0.1043666 0.0949755 0.1098670 0.0658453 0.0758951 0.0714194 0.0553545 0.1191412 0.0605188 0.0249947 0.1000683 0.0700961 0.0529265 0.0920592 0.1824656 0.1090841 0.0691788 0.0225864 0.2689062 0.0833510 0.1945447 0.1306007 0.0807360 0.0551635 0.0734041 
AB013014.1_Oikopleura_dioica             0.1937309 0.2046581 0.2182730 0.2234100 0.1810927 0.2200775 0.2553935 0.2035406 0.2117192 0.2033450 0.1792504 0.2880381 0.2033450 0.2256227 0.2251977 0.1971728 0.1937430 0.1974192 0.2292545 0.2051430 0.2037507 0.2168387 0.0000000 0.2224573 0.1816850 0.1939511 0.2305119 0.1955825 0.2196328 0.2356357 0.1833620 0.1987692 0.2157421 0.2008591 0.4575286 0.2033068 0.2941085 0.2273739 0.1790571 0.2338071 0.2037808 0.1922349 0.2436851 0.2120985 0.2142264 0.1930667 0.2041245 0.2547505 0.2854650 0.2357314 0.1987890 0.2007319 0.3966931 0.2085118 0.2042766 0.2163150 0.2879555 0.2183432 0.2436057 0.2062684 0.1755356 0.2023758 0.2334805 
HQ015410.1_Ritteriella_retracta          0.0930699 0.0678924 0.1220811 0.1151383 0.0969099 0.0560978 0.0762491 0.0462168 0.0961340 0.0675578 0.1065067 0.0474699 0.0675578 0.0934782 0.1190200 0.0454027 0.0930758 0.0328061 0.0217182 0.0981390 0.1218670 0.0749012 0.2224573 0.0000000 0.0833163 0.0931624 0.1260405 0.0319713 0.0895000 0.0361499 0.1307748 0.0543473 0.0631846 0.0543086 0.3461070 0.1224635 0.2417433 0.0828266 0.0984888 0.0930562 0.1006272 0.0945236 0.0664334 0.0504047 0.0497666 0.1151194 0.0512242 0.1092787 0.0873672 0.0565045 0.0353142 0.1078365 0.0949547 0.1060935 0.0844038 0.0632246 0.2598708 0.0885166 0.1991179 0.1273113 0.0783113 0.0487808 0.0673599 
FM244862.1_Pyrosoma_godeauxi             0.0154537 0.0816219 0.0861765 0.0520550 0.0429856 0.0695516 0.1001918 0.0624286 0.0901090 0.0814707 0.0565311 0.1191979 0.0814707 0.0938598 0.0929010 0.0652355 0.0154537 0.0568045 0.0880817 0.0190700 0.0701045 0.0896408 0.1816850 0.0833163 0.0000000 0.0154537 0.0976943 0.0557623 0.0805953 0.0971393 0.0917302 0.0618399 0.0778707 0.0644517 0.2874200 0.0751188 0.2026225 0.0922537 0.0486081 0.0881533 0.0316281 0.0188014 0.0800377 0.0849897 0.0643019 0.0574469 0.0596905 0.1304609 0.1149116 0.0830817 0.0559861 0.0806213 0.1818429 0.0215071 0.0737966 0.0851264 0.2262495 0.0796894 0.1645724 0.0688418 0.0067138 0.0601929 0.0723751 
HQ015381.1_Pyrosoma_atlanticum           0.0006848 0.0875552 0.0896401 0.0608143 0.0584216 0.0778356 0.1084078 0.0715107 0.1029454 0.0872499 0.0638459 0.1271469 0.0872499 0.1076913 0.0961067 0.0745542 0.0000010 0.0683999 0.0967196 0.0252764 0.0591605 0.0948522 0.1939511 0.0931624 0.0154537 0.0000000 0.1027758 0.0673652 0.0954837 0.0984532 0.1005322 0.0780912 0.0877284 0.0670382 0.3127392 0.0688609 0.2128029 0.0950528 0.0597408 0.1027357 0.0367350 0.0221096 0.0966700 0.0925572 0.0727433 0.0638348 0.0766688 0.1331801 0.1229538 0.0929416 0.0677426 0.0962612 0.1927545 0.0296679 0.0892589 0.0909329 0.2276651 0.0947174 0.1761256 0.0728482 0.0105467 0.0708841 0.0905289 
FM244861.1_Doliolum_denticulatu          0.1026743 0.1280264 0.0202411 0.1279596 0.1036261 0.1236244 0.1614329 0.1186710 0.1339502 0.1273184 0.0994638 0.1763521 0.1273184 0.1510142 0.0236699 0.1060512 0.1026807 0.1066806 0.1315671 0.1120270 0.1292229 0.1219074 0.2305119 0.1260405 0.0976943 0.1027758 0.0000000 0.1054450 0.1297336 0.1461674 0.1396574 0.1088783 0.1246208 0.1197356 0.3067865 0.1209660 0.2360001 0.1444221 0.1074956 0.1463690 0.1176267 0.1003202 0.1379166 0.1258738 0.1198863 0.1149601 0.1227068 0.1552068 0.1772674 0.1466267 0.1072327 0.1233401 0.2507196 0.1166794 0.1223383 0.1277150 0.2463598 0.1324682 0.2086115 0.1287676 0.0919061 0.1179790 0.1392160 
HQ015408.1_Salpa_maxima                  0.0673012 0.0414822 0.0957028 0.0872116 0.0675486 0.0260374 0.0477257 0.0201259 0.0631188 0.0412901 0.0761697 0.0660696 0.0412901 0.0701438 0.0975014 0.0239845 0.0673054 0.0006865 0.0378231 0.0696869 0.0909708 0.0492175 0.1955825 0.0319713 0.0557623 0.0673652 0.1054450 0.0000000 0.0620903 0.0548936 0.1040472 0.0427839 0.0388050 0.0308823 0.2914001 0.0923249 0.1982755 0.0549469 0.0738052 0.0649089 0.0771417 0.0684975 0.0371019 0.0383681 0.0182812 0.0845948 0.0281819 0.0792473 0.0544252 0.0342275 0.0041569 0.0790002 0.1185153 0.0782577 0.0607676 0.0364049 0.2248237 0.0611936 0.1782984 0.0965922 0.0543646 0.0236122 0.0399440 
HQ015388.1_Pegea_bicaudata               0.0953893 0.0763422 0.1184776 0.1065927 0.0830298 0.0765482 0.0947007 0.0669762 0.0934259 0.0759607 0.0992755 0.1136051 0.0759607 0.0996427 0.1179889 0.0618464 0.0953953 0.0630885 0.0910299 0.0971879 0.1131094 0.0852913 0.2196328 0.0895000 0.0805953 0.0954837 0.1297336 0.0620903 0.0000000 0.0982430 0.1299292 0.0630109 0.0834140 0.0649406 0.3270110 0.1111968 0.2114196 0.0957937 0.0973003 0.1066260 0.0959898 0.0873267 0.0870992 0.0835001 0.0724277 0.1058071 0.0710731 0.1186663 0.1130049 0.0829831 0.0642521 0.0917691 0.1637952 0.1059055 0.0277520 0.0790290 0.2409773 0.0136638 0.2140252 0.1142202 0.0794374 0.0686659 0.0861596 
HQ015402.1_Iasis_cylindrica              0.0984468 0.0819546 0.1377957 0.1353404 0.1125775 0.0786776 0.1028949 0.0688403 0.1093581 0.0818101 0.1156589 0.0276061 0.0818101 0.0890609 0.1351182 0.0461711 0.0984532 0.0558725 0.0326906 0.1091077 0.1393899 0.0787064 0.2356357 0.0361499 0.0971393 0.0984532 0.1461674 0.0548936 0.0982430 0.0000000 0.1426139 0.0724278 0.0864637 0.0591456 0.3901746 0.1340047 0.2670692 0.0978659 0.1112162 0.1093350 0.1142001 0.1022666 0.0918985 0.0606552 0.0725206 0.1270631 0.0738949 0.1136768 0.1170557 0.0844299 0.0586019 0.1230632 0.0706133 0.1172161 0.0882751 0.0864862 0.2836433 0.0971242 0.2424982 0.1394050 0.0870749 0.0723712 0.0926660 
AY903925.1_Halocynthia_igaboja           0.1014040 0.1303920 0.1298653 0.1226811 0.0885132 0.1274498 0.1513626 0.1153019 0.1366008 0.1296724 0.0863379 0.1755098 0.1296724 0.1517516 0.1367752 0.1078961 0.1004403 0.1052736 0.1354757 0.1053118 0.1080548 0.1394647 0.1833620 0.1307748 0.0917302 0.1005322 0.1396574 0.1040472 0.1299292 0.1426139 0.0000000 0.1099037 0.1275791 0.1176229 0.3030443 0.1114639 0.1507765 0.1464579 0.0944646 0.1432138 0.1152886 0.0967017 0.1405282 0.1324395 0.1228064 0.0924481 0.1203663 0.1766099 0.1768792 0.1372409 0.1028271 0.1247778 0.2421248 0.1087358 0.1222176 0.1280839 0.2130227 0.1284008 0.1711369 0.0975834 0.0884712 0.1150278 0.1399335 
HQ015390.1_Thetys_vagina                 0.0780158 0.0700694 0.1006671 0.0902555 0.0703389 0.0645378 0.0860317 0.0528977 0.0799869 0.0697214 0.0853760 0.0900590 0.0697214 0.0852395 0.1016064 0.0488750 0.0780207 0.0436733 0.0611432 0.0766993 0.0950810 0.0779089 0.1987692 0.0543473 0.0618399 0.0780912 0.1088783 0.0427839 0.0630109 0.0724278 0.1099037 0.0000000 0.0712510 0.0536208 0.2994044 0.0953593 0.2090298 0.0852486 0.0712133 0.0836704 0.0839170 0.0767759 0.0688926 0.0521351 0.0589238 0.0873493 0.0587540 0.1096739 0.1018505 0.0737597 0.0454897 0.0556193 0.1441693 0.0873938 0.0655146 0.0702729 0.2210286 0.0639145 0.1733158 0.1004702 0.0623695 0.0570922 0.0736795 
HQ015403.1_Brooksia_rostrata             0.0876420 0.0595782 0.1193009 0.1111773 0.0904418 0.0365437 0.0685297 0.0409087 0.0808605 0.0592890 0.0824731 0.1061739 0.0592890 0.0957404 0.1196228 0.0529029 0.0876475 0.0396791 0.0700246 0.0912334 0.1151696 0.0671909 0.2157421 0.0631846 0.0778707 0.0877284 0.1246208 0.0388050 0.0834140 0.0864637 0.1275791 0.0712510 0.0000000 0.0369593 0.3220679 0.1147242 0.2308130 0.0728348 0.0974339 0.0885012 0.0986934 0.0871900 0.0597001 0.0644621 0.0347435 0.1082264 0.0325296 0.0837413 0.0809645 0.0560952 0.0398742 0.0900360 0.1703811 0.1002131 0.0769166 0.0543832 0.2472641 0.0824392 0.2009279 0.1213707 0.0732774 0.0323563 0.0521043 
FM244866.1_Iasis_cylindrica              0.0670337 0.0483470 0.1091341 0.0981113 0.0789375 0.0354379 0.0658469 0.0349835 0.0719689 0.0482630 0.0866042 0.0947226 0.0482630 0.0804006 0.1132763 0.0224712 0.0670382 0.0317914 0.0612952 0.0746394 0.1026481 0.0404271 0.2008591 0.0543086 0.0644517 0.0670382 0.1197356 0.0308823 0.0649406 0.0591456 0.1176229 0.0536208 0.0369593 0.0000000 0.3272045 0.1026501 0.2253320 0.0608728 0.0827904 0.0733168 0.0785876 0.0717466 0.0543003 0.0511434 0.0230093 0.0960751 0.0416828 0.0689964 0.0780720 0.0498586 0.0344128 0.0822653 0.1520334 0.0824169 0.0582525 0.0487089 0.2375949 0.0648481 0.1958566 0.1075625 0.0579800 0.0203704 0.0415435 
M97574.1_Myxine_glutinosa                0.3123222 0.3241025 0.3014990 0.3498388 0.2899982 0.3284720 0.3790619 0.3218464 0.3316349 0.3233893 0.3063050 0.4214619 0.3233893 0.3589089 0.3000924 0.3156471 0.3123398 0.2939956 0.3564086 0.3165200 0.3598776 0.3726349 0.4575286 0.3461070 0.2874200 0.3127392 0.3067865 0.2914001 0.3270110 0.3901746 0.3030443 0.2994044 0.3220679 0.3272045 0.0000000 0.3460450 0.4547658 0.3643736 0.3164851 0.3608736 0.3287587 0.3056934 0.3589437 0.3207028 0.3122264 0.3305199 0.3096443 0.4450673 0.4301712 0.3566680 0.2979281 0.3273189 0.5553252 0.3234309 0.3463721 0.3499923 0.3300308 0.3424429 0.2478114 0.3373605 0.2815816 0.3047892 0.3433739 
L12378.2_Ascidia_ceratodes               0.0679172 0.1201545 0.1091187 0.0939431 0.0616721 0.1075349 0.1425539 0.1034551 0.1175064 0.1195923 0.0708129 0.1637082 0.1195923 0.1307848 0.1149540 0.0961106 0.0688006 0.0935076 0.1264717 0.0837237 0.0738537 0.1213772 0.2033068 0.1224635 0.0751188 0.0688609 0.1209660 0.0923249 0.1111968 0.1340047 0.1114639 0.0953593 0.1147242 0.1026501 0.3460450 0.0000000 0.2070619 0.1154702 0.0575992 0.1336193 0.0939142 0.0758814 0.1263939 0.1200141 0.1009471 0.0607788 0.1053747 0.1611998 0.1608854 0.1238618 0.0906548 0.1098263 0.2373524 0.0912280 0.1072441 0.1145582 0.2232108 0.1104455 0.1906404 0.0700813 0.0667021 0.0995694 0.1219163 
L12426.2_Molgula_manhattensis            0.2125555 0.2181716 0.2186373 0.2356256 0.1878138 0.2270520 0.2810912 0.2197470 0.2299807 0.2167603 0.1805511 0.3042438 0.2167603 0.2433240 0.2301022 0.2093028 0.2125685 0.2001383 0.2532306 0.2162936 0.2202566 0.2553232 0.2941085 0.2417433 0.2026225 0.2128029 0.2360001 0.1982755 0.2114196 0.2670692 0.1507765 0.2090298 0.2308130 0.2253320 0.4547658 0.2070619 0.0000000 0.2514116 0.1870570 0.2481985 0.1909981 0.2019779 0.2542284 0.2292226 0.2196719 0.1745768 0.2216656 0.3058806 0.3045779 0.2583781 0.1998085 0.2175880 0.3683663 0.2244226 0.2094998 0.2387239 0.3055297 0.2260754 0.2624275 0.1619226 0.1876875 0.2215862 0.2488624 
D14366.1_Thalia_democratica              0.0949574 0.0250979 0.1315706 0.1238777 0.1034129 0.0683064 0.0875372 0.0581582 0.0835714 0.0249992 0.1095043 0.1230549 0.0249992 0.0871081 0.1372630 0.0608973 0.0949634 0.0559255 0.0883977 0.1061518 0.1096335 0.0816454 0.2273739 0.0828266 0.0922537 0.0950528 0.1444221 0.0549469 0.0957937 0.0978659 0.1464579 0.0852486 0.0728348 0.0608728 0.3643736 0.1154702 0.2514116 0.0000000 0.1125044 0.0921416 0.1172783 0.1034540 0.0784220 0.0409500 0.0641117 0.1203654 0.0571709 0.1171155 0.0995670 0.0769846 0.0570451 0.1130169 0.1915135 0.1172069 0.0925007 0.0774990 0.2864634 0.0948184 0.2251091 0.1340929 0.0890401 0.0612259 0.0793925 
AB104873.1_Perophora_sagamiensis         0.0588301 0.0987823 0.0957111 0.0661866 0.0424476 0.0869286 0.1185576 0.0814781 0.1022497 0.0982623 0.0486392 0.1325442 0.0982623 0.1125996 0.1028408 0.0800127 0.0596892 0.0748707 0.1020581 0.0607322 0.0631044 0.1043666 0.1790571 0.0984888 0.0486081 0.0597408 0.1074956 0.0738052 0.0973003 0.1112162 0.0944646 0.0712133 0.0974339 0.0827904 0.3164851 0.0575992 0.1870570 0.1125044 0.0000000 0.0997904 0.0698994 0.0573250 0.1022413 0.0990666 0.0826326 0.0433368 0.0867109 0.1407285 0.1348921 0.1005178 0.0732476 0.0854077 0.1986514 0.0679140 0.0944677 0.0961608 0.2204737 0.0965365 0.1606684 0.0545441 0.0474467 0.0795395 0.0998752 
HQ015377.1_Salpidae_gen._nov._sp._nov._A 0.1026313 0.0795145 0.1331937 0.0817929 0.1027239 0.0780977 0.1051240 0.0747855 0.0600219 0.0791086 0.1145736 0.1355871 0.0791086 0.0710560 0.1394564 0.0690775 0.1026378 0.0659234 0.1000422 0.1052522 0.1272927 0.0949755 0.2338071 0.0930562 0.0881533 0.1027357 0.1463690 0.0649089 0.1066260 0.1093350 0.1432138 0.0836704 0.0885012 0.0733168 0.3608736 0.1336193 0.2481985 0.0921416 0.0997904 0.0000000 0.1189970 0.1032581 0.0970207 0.0800664 0.0768570 0.1206224 0.0711138 0.1333531 0.1141795 0.0927708 0.0644985 0.1065936 0.2051877 0.1123843 0.1036886 0.0919417 0.2879149 0.1036669 0.1986981 0.1308704 0.0880408 0.0749773 0.0951110 
AB013011.1_Pyrosoma_atlanticum           0.0359004 0.0941776 0.1066476 0.0728208 0.0685530 0.0892603 0.1208553 0.0861491 0.1138044 0.0936826 0.0779142 0.1431556 0.0936826 0.1198983 0.1092721 0.0856919 0.0367041 0.0782430 0.1079182 0.0418424 0.0974098 0.1098670 0.2037808 0.1006272 0.0316281 0.0367350 0.1176267 0.0771417 0.0959898 0.1142001 0.1152886 0.0839170 0.0986934 0.0785876 0.3287587 0.0939142 0.1909981 0.1172783 0.0698994 0.1189970 0.0000000 0.0369216 0.1094919 0.1035716 0.0828884 0.0672688 0.0870275 0.1469732 0.1387220 0.1046237 0.0785916 0.1057632 0.1852945 0.0436149 0.1006332 0.1057463 0.2398906 0.1060233 0.2009256 0.0704854 0.0241464 0.0819098 0.1027739 
FM244863.1_Pyrosomella_verticillata      0.0228515 0.0884933 0.0884971 0.0562175 0.0558965 0.0822300 0.1105180 0.0752430 0.0932081 0.0880304 0.0591760 0.1300198 0.0880304 0.1081695 0.0958666 0.0727271 0.0220916 0.0695417 0.0991351 0.0270335 0.0816579 0.0658453 0.1922349 0.0945236 0.0188014 0.0221096 0.1003202 0.0684975 0.0873267 0.1022666 0.0967017 0.0767759 0.0871900 0.0717466 0.3056934 0.0758814 0.2019779 0.1034540 0.0573250 0.1032581 0.0369216 0.0000000 0.0974732 0.0939207 0.0750895 0.0631356 0.0781083 0.1011417 0.1253054 0.0937975 0.0689975 0.0826103 0.1966769 0.0289430 0.0797816 0.0661250 0.2275763 0.0846545 0.1718989 0.0731412 0.0105930 0.0741452 0.0941674 
FM244864.1_Cyclosalpa_quadriluminis      0.0965713 0.0645769 0.1253604 0.1189683 0.0892547 0.0480114 0.0660425 0.0298832 0.0930333 0.0642544 0.1014235 0.0976855 0.0642544 0.1016478 0.1264193 0.0540640 0.0965775 0.0379853 0.0620542 0.0927062 0.1174671 0.0758951 0.2436851 0.0664334 0.0800377 0.0966700 0.1379166 0.0371019 0.0870992 0.0918985 0.1405282 0.0688926 0.0597001 0.0543003 0.3589437 0.1263939 0.2542284 0.0784220 0.1022413 0.0970207 0.1094919 0.0974732 0.0000000 0.0699007 0.0451976 0.1139655 0.0511054 0.1091811 0.0846530 0.0608614 0.0381448 0.0948537 0.1600094 0.1096165 0.0798854 0.0502403 0.2763028 0.0851352 0.2274913 0.1252047 0.0821935 0.0392771 0.0556387 
HQ015412.1_Thalia_orientalis             0.0924659 0.0292813 0.1145598 0.1111265 0.0902416 0.0567054 0.0796745 0.0495520 0.0734729 0.0291486 0.1008940 0.0814318 0.0291486 0.0723038 0.1183813 0.0469744 0.0924717 0.0392311 0.0552803 0.0973832 0.1120202 0.0714194 0.2120985 0.0504047 0.0849897 0.0925572 0.1258738 0.0383681 0.0835001 0.0606552 0.1324395 0.0521351 0.0644621 0.0511434 0.3207028 0.1200141 0.2292226 0.0409500 0.0990666 0.0800664 0.1035716 0.0939207 0.0699007 0.0000000 0.0511895 0.1099974 0.0491221 0.1049174 0.0909063 0.0670295 0.0409919 0.0950252 0.1343813 0.1064104 0.0809161 0.0673765 0.2503285 0.0834705 0.2019338 0.1211522 0.0787610 0.0518894 0.0687096 
HQ015409.1_Salpa_fusiformis              0.0726732 0.0497763 0.1085071 0.0946168 0.0750556 0.0267648 0.0562063 0.0274952 0.0725586 0.0495390 0.0850318 0.0869163 0.0495390 0.0802536 0.1090391 0.0392763 0.0726777 0.0190645 0.0551866 0.0753819 0.1005765 0.0553545 0.2142264 0.0497666 0.0643019 0.0727433 0.1198863 0.0182812 0.0724277 0.0725206 0.1228064 0.0589238 0.0347435 0.0230093 0.3122264 0.1009471 0.2196719 0.0641117 0.0826326 0.0768570 0.0828884 0.0750895 0.0451976 0.0511895 0.0000000 0.0928467 0.0331830 0.0845351 0.0633530 0.0429792 0.0229532 0.0860175 0.1461395 0.0841157 0.0701549 0.0429360 0.2356514 0.0723982 0.1931124 0.1053083 0.0592922 0.0172450 0.0249451 
AF165821.2_Chelyosoma_siboja             0.0629034 0.0943290 0.1044135 0.0810201 0.0446599 0.0973750 0.1304547 0.0920938 0.1091800 0.0938418 0.0562911 0.1468287 0.0938418 0.1199629 0.1075348 0.0932993 0.0637790 0.0857288 0.1141976 0.0679340 0.0694024 0.1191412 0.1930667 0.1151194 0.0574469 0.0638348 0.1149601 0.0845948 0.1058071 0.1270631 0.0924481 0.0873493 0.1082264 0.0960751 0.3305199 0.0607788 0.1745768 0.1203654 0.0433368 0.1206224 0.0672688 0.0631356 0.1139655 0.1099974 0.0928467 0.0000000 0.0959839 0.1582408 0.1495270 0.1134407 0.0821455 0.0981544 0.2112714 0.0762649 0.1039543 0.1061215 0.2268642 0.1072437 0.1733593 0.0224412 0.0528707 0.0866093 0.1089163 
HQ015404.1_Brooksia_rostrata             0.0765944 0.0451228 0.1075793 0.0989535 0.0780934 0.0365803 0.0596381 0.0330678 0.0724595 0.0449111 0.0870145 0.0934643 0.0449111 0.0769382 0.1081300 0.0423595 0.0765992 0.0290037 0.0602710 0.0795295 0.1061293 0.0605188 0.2041245 0.0512242 0.0596905 0.0766688 0.1227068 0.0281819 0.0710731 0.0738949 0.1203663 0.0587540 0.0325296 0.0416828 0.3096443 0.1053747 0.2216656 0.0571709 0.0867109 0.0711138 0.0870275 0.0781083 0.0511054 0.0491221 0.0331830 0.0959839 0.0000000 0.0902470 0.0678436 0.0452588 0.0291414 0.0900375 0.1537803 0.0883299 0.0691288 0.0478491 0.2364430 0.0701388 0.1855127 0.1085954 0.0629560 0.0307741 0.0372903 
HQ015401.1_Iasis_cylindrica              0.1330370 0.0998238 0.1655907 0.1611764 0.1351107 0.0886655 0.1193560 0.0847749 0.0984937 0.0992872 0.1026706 0.1550264 0.0992872 0.1460340 0.1704398 0.0609026 0.1330456 0.0803503 0.1157583 0.1424429 0.1648866 0.0249947 0.2547505 0.1092787 0.1304609 0.1331801 0.1552068 0.0792473 0.1186663 0.1136768 0.1766099 0.1096739 0.0837413 0.0689964 0.4450673 0.1611998 0.3058806 0.1171155 0.1407285 0.1333531 0.1469732 0.1011417 0.1091811 0.1049174 0.0845351 0.1582408 0.0902470 0.0000000 0.1395824 0.1041916 0.0836161 0.1099319 0.2356506 0.1510918 0.0915712 0.0432904 0.3224288 0.1186407 0.2443308 0.1714611 0.1160869 0.0825613 0.1035585 
HQ015406.1_Salpa_thompsoni               0.1228237 0.0786485 0.1651076 0.1516054 0.1280140 0.0608530 0.0393486 0.0616622 0.1101967 0.0782515 0.1310499 0.1354451 0.0782515 0.1194977 0.1617595 0.0767892 0.1228316 0.0553941 0.0951007 0.1285340 0.1548139 0.1000683 0.2854650 0.0873672 0.1149116 0.1229538 0.1772674 0.0544252 0.1130049 0.1170557 0.1768792 0.1018505 0.0809645 0.0780720 0.4301712 0.1608854 0.3045779 0.0995670 0.1348921 0.1141795 0.1387220 0.1253054 0.0846530 0.0909063 0.0633530 0.1495270 0.0678436 0.1395824 0.0000000 0.0254818 0.0565422 0.1326798 0.2096329 0.1410184 0.1171206 0.0827952 0.2658206 0.0961840 0.2695656 0.1645627 0.1076378 0.0661738 0.0856347 
HQ015411.1_Ritteriella_retracta          0.0928485 0.0596431 0.1344682 0.1156875 0.0955960 0.0491473 0.0387008 0.0410466 0.0915968 0.0593571 0.1031257 0.1036977 0.0593571 0.0978285 0.1329927 0.0490112 0.0928544 0.0350886 0.0685674 0.0979503 0.1206398 0.0700961 0.2357314 0.0565045 0.0830817 0.0929416 0.1466267 0.0342275 0.0829831 0.0844299 0.1372409 0.0737597 0.0560952 0.0498586 0.3566680 0.1238618 0.2583781 0.0769846 0.1005178 0.0927708 0.1046237 0.0937975 0.0608614 0.0670295 0.0429792 0.1134407 0.0452588 0.1041916 0.0254818 0.0000000 0.0376743 0.1060021 0.1677916 0.1059777 0.0871773 0.0566465 0.2385449 0.0702616 0.2125478 0.1267453 0.0779821 0.0420328 0.0601227 
HQ015405.1_Salpa_aspera                  0.0677384 0.0432598 0.0980980 0.0878881 0.0679799 0.0277575 0.0497318 0.0209502 0.0671204 0.0431913 0.0757079 0.0673964 0.0431913 0.0743078 0.1002146 0.0271689 0.0677426 0.0048620 0.0388487 0.0699744 0.0915254 0.0529265 0.1987890 0.0353142 0.0559861 0.0677426 0.1072327 0.0041569 0.0642521 0.0586019 0.1028271 0.0454897 0.0398742 0.0344128 0.2979281 0.0906548 0.1998085 0.0570451 0.0732476 0.0644985 0.0785916 0.0689975 0.0381448 0.0409919 0.0229532 0.0821455 0.0291414 0.0836161 0.0565422 0.0376743 0.0000000 0.0754969 0.1172311 0.0788584 0.0593798 0.0373090 0.2296595 0.0606662 0.1824540 0.0941238 0.0547382 0.0252974 0.0418435 
HQ015389.1_Soestia_zonaria               0.0961672 0.0946619 0.1210996 0.1083947 0.0774674 0.0906379 0.1147580 0.0769404 0.0855153 0.0941720 0.0825060 0.1438151 0.0941720 0.1107787 0.1156768 0.0831250 0.0961731 0.0800846 0.1030758 0.0955940 0.0973026 0.0920592 0.2007319 0.1078365 0.0806213 0.0962612 0.1233401 0.0790002 0.0917691 0.1230632 0.1247778 0.0556193 0.0900360 0.0822653 0.3273189 0.1098263 0.2175880 0.1130169 0.0854077 0.1065936 0.1057632 0.0826103 0.0948537 0.0950252 0.0860175 0.0981544 0.0900375 0.1099319 0.1326798 0.1060021 0.0754969 0.0000000 0.2095415 0.1030348 0.0793192 0.0816584 0.2550831 0.0889433 0.2093032 0.1116607 0.0793330 0.0821818 0.0995996 
HQ015391.1_Cyclosalpa_affinis            0.1925266 0.1611888 0.2419943 0.2334916 0.1998486 0.1550285 0.1778546 0.1303746 0.2097379 0.1602065 0.2086349 0.0361888 0.1602065 0.1444663 0.2191390 0.1355561 0.1925391 0.1198586 0.0805066 0.2062052 0.2472627 0.1824656 0.3966931 0.0949547 0.1818429 0.1927545 0.2507196 0.1185153 0.1637952 0.0706133 0.2421248 0.1441693 0.1703811 0.1520334 0.5553252 0.2373524 0.3683663 0.1915135 0.1986514 0.2051877 0.1852945 0.1966769 0.1600094 0.1343813 0.1461395 0.2112714 0.1537803 0.2356506 0.2096329 0.1677916 0.1172311 0.2095415 0.0000000 0.2171088 0.1720714 0.1548604 0.4493422 0.1864829 0.3694697 0.2312060 0.1705652 0.1385391 0.1642335 
HQ015384.1_Pyrosoma_godeauxi             0.0288511 0.1012137 0.1005423 0.0670246 0.0640355 0.0906056 0.1238279 0.0828144 0.1116364 0.1006620 0.0732288 0.1445158 0.1006620 0.1167221 0.1096388 0.0870354 0.0296430 0.0793796 0.1110592 0.0317963 0.0974926 0.1090841 0.2085118 0.1060935 0.0215071 0.0296679 0.1166794 0.0782577 0.1059055 0.1172161 0.1087358 0.0873938 0.1002131 0.0824169 0.3234309 0.0912280 0.2244226 0.1172069 0.0679140 0.1123843 0.0436149 0.0289430 0.1096165 0.1064104 0.0841157 0.0762649 0.0883299 0.1510918 0.1410184 0.1059777 0.0788584 0.1030348 0.2171088 0.0000000 0.1002944 0.1075165 0.2390728 0.1051269 0.1837735 0.0859204 0.0174579 0.0831199 0.1043839 
HQ015386.1_Pegea_confoederata            0.0891714 0.0776596 0.1179583 0.1069847 0.0812435 0.0743355 0.0991160 0.0612189 0.0912263 0.0772691 0.0872082 0.1123724 0.0772691 0.1018635 0.1167886 0.0585872 0.0891770 0.0617535 0.0838614 0.0916419 0.1080820 0.0691788 0.2042766 0.0844038 0.0737966 0.0892589 0.1223383 0.0607676 0.0277520 0.0882751 0.1222176 0.0655146 0.0769166 0.0582525 0.3463721 0.1072441 0.2094998 0.0925007 0.0944677 0.1036886 0.1006332 0.0797816 0.0798854 0.0809161 0.0701549 0.1039543 0.0691288 0.0915712 0.1171206 0.0871773 0.0593798 0.0793192 0.1720714 0.1002944 0.0000000 0.0704596 0.2383630 0.0254881 0.2040914 0.1124235 0.0745576 0.0655600 0.0827597 
HQ015398.1_Cyclosalpa_sewelli            0.0909272 0.0618202 0.1182834 0.1126332 0.0915137 0.0483315 0.0616732 0.0309768 0.0742469 0.0617172 0.0971780 0.0935749 0.0617172 0.0997484 0.1213012 0.0441162 0.0909329 0.0372697 0.0590666 0.0988921 0.1148260 0.0225864 0.2163150 0.0632246 0.0851264 0.0909329 0.1277150 0.0364049 0.0790290 0.0864862 0.1280839 0.0702729 0.0543832 0.0487089 0.3499923 0.1145582 0.2387239 0.0774990 0.0961608 0.0919417 0.1057463 0.0661250 0.0502403 0.0673765 0.0429360 0.1061215 0.0478491 0.0432904 0.0827952 0.0566465 0.0373090 0.0816584 0.1548604 0.1075165 0.0704596 0.0000000 0.2543616 0.0779994 0.1951259 0.1193948 0.0792415 0.0354464 0.0513258 
M97571.1_Branchiostoma_floridae          0.2273963 0.2563884 0.2298298 0.2674404 0.2019140 0.2456775 0.2131676 0.2360054 0.2501686 0.2546115 0.2220888 0.3286892 0.2546115 0.2660182 0.2367730 0.2250406 0.2274100 0.2268839 0.2665692 0.2436680 0.2339478 0.2689062 0.2879555 0.2598708 0.2262495 0.2276651 0.2463598 0.2248237 0.2409773 0.2836433 0.2130227 0.2210286 0.2472641 0.2375949 0.3300308 0.2232108 0.3055297 0.2864634 0.2204737 0.2879149 0.2398906 0.2275763 0.2763028 0.2503285 0.2356514 0.2268642 0.2364430 0.3224288 0.2658206 0.2385449 0.2296595 0.2550831 0.4493422 0.2390728 0.2383630 0.2543616 0.0000000 0.2418497 0.1953625 0.2349376 0.2102365 0.2258679 0.2611927 
HQ015387.1_Pegea_confoederata            0.0946236 0.0759714 0.1220748 0.1058236 0.0822437 0.0766427 0.0866970 0.0650792 0.0905872 0.0756495 0.0965401 0.1239936 0.0756495 0.1012442 0.1222643 0.0609407 0.0946295 0.0621880 0.0890689 0.0963072 0.1102459 0.0833510 0.2183432 0.0885166 0.0796894 0.0947174 0.1324682 0.0611936 0.0136638 0.0971242 0.1284008 0.0639145 0.0824392 0.0648481 0.3424429 0.1104455 0.2260754 0.0948184 0.0965365 0.1036669 0.1060233 0.0846545 0.0851352 0.0834705 0.0723982 0.1072437 0.0701388 0.1186407 0.0961840 0.0702616 0.0606662 0.0889433 0.1864829 0.1051269 0.0254881 0.0779994 0.2418497 0.0000000 0.2067416 0.1157317 0.0786783 0.0677326 0.0851698 
M91181.1_Echinorhinus_cookei             0.1759274 0.2070440 0.2084938 0.1978253 0.1608141 0.2026329 0.2341917 0.1946911 0.1982081 0.2056983 0.1815426 0.2696863 0.2056983 0.2140215 0.2114153 0.1768103 0.1759386 0.1800122 0.2160923 0.1843551 0.1964175 0.1945447 0.2436057 0.1991179 0.1645724 0.1761256 0.2086115 0.1782984 0.2140252 0.2424982 0.1711369 0.1733158 0.2009279 0.1958566 0.2478114 0.1906404 0.2624275 0.2251091 0.1606684 0.1986981 0.2009256 0.1718989 0.2274913 0.2019338 0.1931124 0.1733593 0.1855127 0.2443308 0.2695656 0.2125478 0.1824540 0.2093032 0.3694697 0.1837735 0.2040914 0.1951259 0.1953625 0.2067416 0.0000000 0.1857034 0.1589669 0.1882676 0.2148842 
