63
HQ015383.1_Pyrosomella_verticillata      0.0000000 0.1311511 0.1495858 0.0867876 0.0870929 0.1311594 0.1503934 0.1144152 0.1665283 0.1331561 0.0971749 0.1665994 0.1340416 0.1696585 0.1612493 0.1112132 0.0011585 0.1215177 0.1400883 0.0345570 0.0822976 0.1282286 0.2643013 0.1390338 0.0259577 0.0011606 0.1608308 0.1205126 0.1563137 0.1299598 0.1423270 0.1183708 0.1433614 0.1055029 0.3527049 0.1049258 0.2556143 0.1418739 0.0898147 0.1662061 0.0422122 0.0265491 0.1470331 0.1511009 0.1285399 0.0914980 0.1316447 0.1613427 0.1679247 0.1380277 0.1210926 0.1517558 0.2247322 0.0425938 0.1455066 0.1327584 0.2557039 0.1562220 0.2268415 0.0944441 0.0196565 0.1200382 0.1411266 
HQ015413.1_Thalia_democratica            0.1311511 0.0000000 0.1875759 0.1638099 0.1471310 0.0972564 0.1036852 0.0840430 0.1332641 0.0017663 0.1462035 0.1418643 0.0023570 0.1385119 0.1913160 0.0776665 0.1311511 0.0802399 0.1109086 0.1482644 0.1639155 0.0993179 0.2642106 0.1024154 0.1342753 0.1311511 0.1900319 0.0793728 0.1357193 0.1056947 0.1934987 0.1152756 0.1072672 0.0763130 0.3702328 0.1759649 0.2793330 0.0289568 0.1571644 0.1364237 0.1487685 0.1349365 0.1127154 0.0632824 0.0949710 0.1446161 0.0923124 0.1293619 0.1167926 0.0909715 0.0810125 0.1479665 0.1952411 0.1619051 0.1307982 0.1026381 0.2969425 0.1329120 0.2751250 0.1521968 0.1246685 0.0946646 0.1154227 
HQ015376.1_Doliolum_denticulatum         0.1495858 0.1875759 0.0000000 0.1658351 0.1404039 0.1739386 0.2106703 0.1641067 0.1920362 0.1840035 0.1454139 0.2278472 0.1840035 0.2055941 0.0306006 0.1629861 0.1496443 0.1610511 0.1804951 0.1504049 0.1701590 0.1852662 0.2935094 0.1852722 0.1362017 0.1496443 0.0355325 0.1598685 0.1760082 0.1942255 0.1866697 0.1566499 0.1948514 0.1761998 0.3682851 0.1708919 0.2800092 0.2015325 0.1481007 0.2006574 0.1649507 0.1403225 0.1834126 0.1919485 0.1731212 0.1524544 0.1769337 0.2257800 0.2300939 0.2022947 0.1651847 0.1864825 0.2943581 0.1612154 0.1733968 0.1774445 0.2733879 0.1788908 0.2623129 0.1617373 0.1377975 0.1701861 0.1908027 
HQ015379.1_Pyrostremma_spinosum          0.0867876 0.1638099 0.1658351 0.0000000 0.0922441 0.1540967 0.1734994 0.1317085 0.1615340 0.1687446 0.1131977 0.1927968 0.1652655 0.1712342 0.1802408 0.1349269 0.0856634 0.1397127 0.1553249 0.0881073 0.1181908 0.1570604 0.2777461 0.1553517 0.0596348 0.0870162 0.1751347 0.1405959 0.1520879 0.1686198 0.1545960 0.1221541 0.1632036 0.1427253 0.3722975 0.1254247 0.2771506 0.1782819 0.0835723 0.1307283 0.0977880 0.0774818 0.1499061 0.1675277 0.1487005 0.1073404 0.1432277 0.1963963 0.1979180 0.1610211 0.1423190 0.1555308 0.2596329 0.0886044 0.1521016 0.1470844 0.2917487 0.1499368 0.2436256 0.1150263 0.0661149 0.1340792 0.1554730 
FM244841.1_Pycnoclavella_aff._detorta    0.0870929 0.1471310 0.1404039 0.0922441 0.0000000 0.1337905 0.1582211 0.1175655 0.1503358 0.1517786 0.0797993 0.1780805 0.1486578 0.1622394 0.1463418 0.1161545 0.0875446 0.1219133 0.1445180 0.0772383 0.0507665 0.1391292 0.2503036 0.1424640 0.0628515 0.0889357 0.1444044 0.1228559 0.1392854 0.1454789 0.1166928 0.1087943 0.1434693 0.1186643 0.3242189 0.0922427 0.2252715 0.1596294 0.0608675 0.1616176 0.0991614 0.0809719 0.1345249 0.1473303 0.1269056 0.0641206 0.1273907 0.1745636 0.1797327 0.1449177 0.1245265 0.1290581 0.2382224 0.0922792 0.1374727 0.1356421 0.2370114 0.1371172 0.2081993 0.0747554 0.0710630 0.1184625 0.1375352 
FM244867.1_Salpa_thompsoni               0.1311594 0.0972564 0.1739386 0.1540967 0.1337905 0.0000000 0.0922200 0.0599840 0.1199972 0.1010605 0.1348634 0.1214350 0.0972811 0.1293549 0.1780334 0.0747971 0.1302226 0.0403223 0.0914706 0.1377460 0.1556321 0.0898191 0.2739215 0.0741158 0.1136297 0.1324230 0.1790668 0.0369640 0.1261854 0.0963923 0.1764613 0.1004255 0.0655758 0.0571482 0.3779064 0.1704209 0.2851452 0.1136224 0.1416290 0.1303810 0.1537722 0.1333147 0.0843382 0.0969051 0.0346226 0.1442168 0.0667405 0.1117354 0.0672553 0.0705567 0.0420824 0.1508827 0.1811692 0.1543855 0.1215578 0.0747453 0.2751629 0.1246645 0.2693573 0.1574566 0.1181854 0.0585104 0.0771411 
HQ015393.1_Cyclosalpa_floridana          0.1503934 0.1036852 0.2106703 0.1734994 0.1582211 0.0922200 0.0000000 0.0568965 0.1571242 0.1054592 0.1576070 0.1132794 0.1062702 0.1625707 0.2114929 0.0836404 0.1520672 0.0780300 0.0797494 0.1614289 0.1803481 0.1010562 0.3136742 0.0941881 0.1361986 0.1507526 0.2160735 0.0757196 0.1394677 0.1138213 0.1973002 0.1205847 0.1063301 0.0915613 0.3870943 0.1852148 0.3176154 0.1288150 0.1641600 0.1569901 0.1698200 0.1510423 0.0796877 0.1253165 0.0916098 0.1694224 0.0935849 0.1348543 0.0622033 0.0613044 0.0777627 0.1695159 0.1681014 0.1745135 0.1422118 0.0670651 0.2491839 0.1278877 0.2874591 0.1814546 0.1366988 0.0654860 0.0857880 
HQ015397.1_Cyclosalpa_quadriluminis      0.1144152 0.0840430 0.1641067 0.1317085 0.1175655 0.0599840 0.0568965 0.0000000 0.1129980 0.0847671 0.1185570 0.0820259 0.0847671 0.1181035 0.1646818 0.0550928 0.1144613 0.0459760 0.0445715 0.1110284 0.1343507 0.0712163 0.2539207 0.0615149 0.0989783 0.1144613 0.1674752 0.0451954 0.1066945 0.0847973 0.1667333 0.0816065 0.0709503 0.0617132 0.3603339 0.1507730 0.2740522 0.0982852 0.1255327 0.1142376 0.1297122 0.1145799 0.0297622 0.0914358 0.0576610 0.1276023 0.0595253 0.1010261 0.0902334 0.0624389 0.0497385 0.1228033 0.1338042 0.1304851 0.0990166 0.0343137 0.2686379 0.1019142 0.2509084 0.1402033 0.1014610 0.0336271 0.0493589 
FM244865.1_Ihlea_racovitzai              0.1665283 0.1332641 0.1920362 0.1615340 0.1503358 0.1199972 0.1571242 0.1129980 0.0000000 0.1387207 0.1486740 0.1877291 0.1339199 0.0381587 0.1952630 0.1203153 0.1641001 0.1072058 0.1426163 0.1711651 0.1629794 0.1274192 0.2723020 0.1430150 0.1334865 0.1670032 0.1864848 0.1074762 0.1563310 0.1481308 0.1918904 0.1270558 0.1260291 0.1093534 0.4025306 0.1829419 0.2985933 0.1425284 0.1555960 0.0966904 0.1767115 0.1513642 0.1407885 0.1261410 0.1134775 0.1555288 0.1201765 0.1485989 0.1596191 0.1405417 0.1151727 0.1536591 0.2535830 0.1768524 0.1510210 0.1168403 0.2940411 0.1488850 0.2720179 0.1713550 0.1475462 0.1152719 0.1359287 
HQ015415.1_Thalia_democratica            0.1331561 0.0017663 0.1840035 0.1687446 0.1517786 0.1010605 0.1054592 0.0847671 0.1387207 0.0000000 0.1496869 0.1419687 0.0005836 0.1412030 0.1924294 0.0808490 0.1361448 0.0841771 0.1136965 0.1509982 0.1693856 0.0985869 0.2624569 0.1028959 0.1370559 0.1334666 0.1888395 0.0797340 0.1404883 0.1055741 0.1984077 0.1151683 0.1117176 0.0770667 0.3813990 0.1811585 0.2848489 0.0309222 0.1597144 0.1351223 0.1561120 0.1398144 0.1164566 0.0659199 0.0958290 0.1480522 0.0957983 0.1293756 0.1204230 0.0955681 0.0817052 0.1534371 0.1925400 0.1649433 0.1304668 0.1033543 0.2989548 0.1355078 0.2794187 0.1574528 0.1265155 0.0955221 0.1164408 
AB013017.1_Ciona_intestinalis            0.0971749 0.1462035 0.1454139 0.1131977 0.0797993 0.1348634 0.1576070 0.1185570 0.1486740 0.1496869 0.0000000 0.1823301 0.1458574 0.1657395 0.1615797 0.1196363 0.0975129 0.1234407 0.1464460 0.1012788 0.0946642 0.1333788 0.2482712 0.1439426 0.0810579 0.0990618 0.1445127 0.1219835 0.1516276 0.1472561 0.1326940 0.1252098 0.1328473 0.1278654 0.3500945 0.1080276 0.2286269 0.1643283 0.0799841 0.1628482 0.1185986 0.0884737 0.1413265 0.1563399 0.1310493 0.0873549 0.1348644 0.1374578 0.1747160 0.1481736 0.1245734 0.1247041 0.2444901 0.1160957 0.1384472 0.1314624 0.2447854 0.1474076 0.2295602 0.0978128 0.0862969 0.1238226 0.1424336 
HQ015392.1_Cyclosalpa_affinis            0.1665994 0.1418643 0.2278472 0.1927968 0.1780805 0.1214350 0.1132794 0.0820259 0.1877291 0.1419687 0.1823301 0.0000000 0.1419687 0.1453123 0.2144433 0.0984698 0.1666614 0.0949901 0.0439126 0.1804025 0.2087297 0.1255938 0.3301994 0.0700338 0.1556641 0.1670715 0.2278169 0.0940845 0.1604155 0.0466350 0.2208277 0.1254233 0.1362977 0.1160789 0.4220809 0.2059733 0.3369565 0.1631095 0.1777018 0.1829061 0.1838762 0.1659647 0.1056970 0.1226285 0.1199609 0.1765107 0.1221074 0.1617615 0.1550968 0.1200973 0.0971310 0.1933641 0.0354176 0.1930570 0.1598284 0.0944022 0.3496390 0.1721416 0.3237272 0.1970167 0.1526076 0.0904847 0.1105929 
HQ015414.1_Thalia_democratica            0.1340416 0.0023570 0.1840035 0.1652655 0.1486578 0.0972811 0.1062702 0.0847671 0.1339199 0.0005836 0.1458574 0.1419687 0.0000000 0.1391353 0.1887142 0.0770611 0.1336555 0.0803819 0.1108344 0.1509982 0.1655045 0.0985869 0.2602673 0.1024031 0.1370559 0.1343545 0.1861588 0.0797340 0.1374849 0.1055741 0.1958073 0.1151683 0.1080589 0.0770667 0.3783659 0.1784474 0.2814617 0.0309222 0.1586453 0.1352328 0.1502593 0.1364934 0.1126255 0.0620724 0.0958290 0.1442874 0.0923724 0.1293756 0.1184680 0.0926843 0.0817052 0.1476063 0.1955091 0.1633891 0.1305714 0.1033543 0.2967398 0.1336366 0.2760573 0.1527270 0.1265155 0.0955221 0.1164408 
HQ015378.1_Ihlea_racovitzai              0.1696585 0.1385119 0.2055941 0.1712342 0.1622394 0.1293549 0.1625707 0.1181035 0.0381587 0.1412030 0.1657395 0.1453123 0.1391353 0.0000000 0.2041674 0.1274705 0.1681698 0.1146720 0.1332828 0.1761734 0.1815089 0.1478279 0.2772914 0.1440011 0.1383529 0.1701423 0.2026316 0.1147502 0.1587814 0.1296720 0.2049886 0.1312083 0.1407537 0.1183674 0.4152669 0.1916180 0.3047772 0.1494165 0.1614661 0.1106165 0.1804193 0.1677705 0.1469590 0.1291456 0.1253186 0.1623564 0.1266535 0.1876799 0.1687179 0.1477086 0.1226394 0.1710942 0.1846576 0.1807709 0.1564478 0.1426697 0.3076131 0.1587838 0.2852463 0.1784508 0.1519280 0.1231161 0.1443620 
AB013012.1_Doliolum_nationalis           0.1612493 0.1913160 0.0306006 0.1802408 0.1463418 0.1780334 0.2114929 0.1646818 0.1952630 0.1924294 0.1615797 0.2144433 0.1887142 0.2041674 0.0000000 0.1665593 0.1612235 0.1591186 0.1763526 0.1720452 0.1795165 0.1927566 0.3047649 0.1828507 0.1418905 0.1617018 0.0311747 0.1587099 0.1810527 0.1809373 0.2015467 0.1620413 0.1897465 0.1709835 0.3727536 0.1781453 0.2875497 0.2108628 0.1618520 0.2175580 0.1729679 0.1548942 0.1956158 0.1964046 0.1746832 0.1595835 0.1738010 0.2286604 0.2194450 0.1932088 0.1667201 0.1851310 0.2744161 0.1859434 0.1833444 0.1816200 0.2801279 0.1913023 0.2785829 0.1721470 0.1470778 0.1758959 0.1973431 
HQ015400.1_Iasis_cylindrica              0.1112132 0.0776665 0.1629861 0.1349269 0.1161545 0.0747971 0.0836404 0.0550928 0.1203153 0.0808490 0.1196363 0.0984698 0.0770611 0.1274705 0.1665593 0.0000000 0.1097945 0.0492572 0.0731966 0.1201206 0.1406800 0.0351280 0.2640756 0.0592784 0.1041728 0.1115117 0.1611020 0.0450821 0.1092328 0.0421611 0.1568071 0.0816938 0.0817271 0.0292634 0.3539998 0.1468128 0.2685322 0.0922015 0.1245349 0.1123951 0.1309631 0.1086180 0.0798744 0.0845461 0.0679469 0.1280993 0.0685571 0.0591490 0.0988835 0.0649603 0.0494406 0.1410765 0.1515820 0.1325951 0.1046329 0.0649915 0.2585949 0.1060236 0.2381767 0.1393854 0.0981337 0.0671520 0.0847833 
HQ015382.1_Pyrosomella_verticillata      0.0011585 0.1311511 0.1496443 0.0856634 0.0875446 0.1302226 0.1520672 0.1144613 0.1641001 0.1361448 0.0975129 0.1666614 0.1336555 0.1681698 0.1612235 0.1097945 0.0000000 0.1199411 0.1392757 0.0359648 0.0827961 0.1279053 0.2631342 0.1380583 0.0266771 0.0000010 0.1596215 0.1205589 0.1552939 0.1300109 0.1385322 0.1180778 0.1417153 0.1055477 0.3536468 0.1051727 0.2568031 0.1419287 0.0906420 0.1654730 0.0452292 0.0256069 0.1449100 0.1490609 0.1282135 0.0920105 0.1299787 0.1621672 0.1666916 0.1371959 0.1211393 0.1497109 0.2262348 0.0444845 0.1448935 0.1328094 0.2528061 0.1539581 0.2281263 0.0957525 0.0183824 0.1197378 0.1410855 
HQ015407.1_Salpa_maxima                  0.1215177 0.0802399 0.1610511 0.1397127 0.1219133 0.0403223 0.0780300 0.0459760 0.1072058 0.0841771 0.1234407 0.0949901 0.0803819 0.1146720 0.1591186 0.0492572 0.1199411 0.0000000 0.0634936 0.1284406 0.1458817 0.0733162 0.2598569 0.0494237 0.1007461 0.1218478 0.1588646 0.0005899 0.1133356 0.0718807 0.1595674 0.0824339 0.0732173 0.0572122 0.3520105 0.1554550 0.2689018 0.0939876 0.1276059 0.1124227 0.1418449 0.1205094 0.0695469 0.0798821 0.0308253 0.1292738 0.0574025 0.1034942 0.0650377 0.0534132 0.0096436 0.1425525 0.1475468 0.1428084 0.1080360 0.0613863 0.2687671 0.1084217 0.2531750 0.1415966 0.1072037 0.0550638 0.0741823 
HQ015394.1_Cyclosalpa_polae              0.1400883 0.1109086 0.1804951 0.1553249 0.1445180 0.0914706 0.0797494 0.0445715 0.1426163 0.1136965 0.1464460 0.0439126 0.1108344 0.1332828 0.1763526 0.0731966 0.1392757 0.0634936 0.0000000 0.1491660 0.1683967 0.0955151 0.2801496 0.0413755 0.1232695 0.1404749 0.1791869 0.0615395 0.1376650 0.0518678 0.1784120 0.0918201 0.1028003 0.0853619 0.3833659 0.1743349 0.3021995 0.1290251 0.1445026 0.1417907 0.1621642 0.1398636 0.0666442 0.0954704 0.0844724 0.1456067 0.0896934 0.1283734 0.1243246 0.0846909 0.0671555 0.1542196 0.0867220 0.1611034 0.1259531 0.0548296 0.2953568 0.1322927 0.2722669 0.1614370 0.1248608 0.0553276 0.0737699 
HQ015385.1_Pyrosoma_atlanticum           0.0345570 0.1482644 0.1504049 0.0881073 0.0772383 0.1377460 0.1614289 0.1110284 0.1711651 0.1509982 0.1012788 0.1804025 0.1509982 0.1761734 0.1720452 0.1201206 0.0359648 0.1284406 0.1491660 0.0000000 0.1175605 0.1379100 0.2826270 0.1463821 0.0262465 0.0359648 0.1701309 0.1273675 0.1631712 0.1439391 0.1503211 0.1232236 0.1514338 0.1157955 0.3648011 0.1308156 0.2693550 0.1628421 0.0901918 0.1732231 0.0541014 0.0346025 0.1408437 0.1637490 0.1346067 0.1038686 0.1382670 0.1731825 0.1802375 0.1480089 0.1304781 0.1594441 0.2429145 0.0321009 0.1510260 0.1419001 0.2804498 0.1619116 0.2361600 0.1090535 0.0170127 0.1282571 0.1478513 
FM244840.1_Clavelina_meridionalis        0.0822976 0.1639155 0.1701590 0.1181908 0.0507665 0.1556321 0.1803481 0.1343507 0.1629794 0.1693856 0.0946642 0.2087297 0.1655045 0.1815089 0.1795165 0.1406800 0.0827961 0.1458817 0.1683967 0.1175605 0.0000000 0.1602026 0.2720290 0.1645541 0.0871557 0.0840929 0.1752247 0.1446556 0.1634120 0.1700038 0.1341222 0.1294697 0.1691178 0.1421595 0.3709057 0.1013621 0.2537244 0.1585239 0.0824625 0.1784137 0.1277318 0.1017115 0.1637961 0.1707401 0.1497852 0.0819006 0.1559395 0.1998408 0.2035748 0.1706506 0.1462285 0.1486216 0.2754811 0.1315976 0.1609745 0.1544128 0.2516298 0.1607345 0.2347553 0.0924423 0.1000248 0.1370030 0.1583245 
HQ015399.1_Iasis_cylindrica              0.1282286 0.0993179 0.1852662 0.1570604 0.1391292 0.0898191 0.1010562 0.0712163 0.1274192 0.0985869 0.1333788 0.1255938 0.0985869 0.1478279 0.1927566 0.0351280 0.1279053 0.0733162 0.0955151 0.1379100 0.1602026 0.0000000 0.2769305 0.0878722 0.1231032 0.1284766 0.1787106 0.0726756 0.1320732 0.0769402 0.1839345 0.1089554 0.0959129 0.0468697 0.3981332 0.1642840 0.2954015 0.1144104 0.1474088 0.1363093 0.1454006 0.1008223 0.0966307 0.1158385 0.0851625 0.1502064 0.0864464 0.0302665 0.1176588 0.0859133 0.0775421 0.1417754 0.1824529 0.1503790 0.1082368 0.0463312 0.2909118 0.1279527 0.2527986 0.1630636 0.1140646 0.0790638 0.0975283 
AB013014.1_Oikopleura_dioica             0.2643013 0.2642106 0.2935094 0.2777461 0.2503036 0.2739215 0.3136742 0.2539207 0.2723020 0.2624569 0.2482712 0.3301994 0.2602673 0.2772914 0.3047649 0.2640756 0.2631342 0.2598569 0.2801496 0.2826270 0.2720290 0.2769305 0.0000000 0.2809382 0.2395806 0.2651087 0.2982660 0.2583416 0.2957596 0.2773500 0.2603136 0.2488732 0.2914697 0.2615418 0.5228853 0.2756623 0.3695504 0.2920488 0.2471727 0.2891446 0.2791059 0.2609013 0.2985795 0.2779114 0.2717008 0.2502770 0.2714069 0.3157468 0.3279731 0.2934777 0.2663113 0.2639426 0.4133405 0.2919176 0.2727894 0.2792019 0.3489811 0.2878457 0.3251377 0.2648423 0.2465117 0.2673303 0.3008364 
HQ015410.1_Ritteriella_retracta          0.1390338 0.1024154 0.1852722 0.1553517 0.1424640 0.0741158 0.0941881 0.0615149 0.1430150 0.1028959 0.1439426 0.0700338 0.1024031 0.1440011 0.1828507 0.0592784 0.1380583 0.0494237 0.0413755 0.1463821 0.1645541 0.0878722 0.2809382 0.0000000 0.1212488 0.1394169 0.1814947 0.0489875 0.1369373 0.0491607 0.1810381 0.0886622 0.0871261 0.0714576 0.3804949 0.1688075 0.3001699 0.1170778 0.1483813 0.1378358 0.1503609 0.1363608 0.0856620 0.0874059 0.0732019 0.1520684 0.0731181 0.1215799 0.1015168 0.0545887 0.0542277 0.1600581 0.1166312 0.1613633 0.1318713 0.0776938 0.2910894 0.1326099 0.2643222 0.1668473 0.1223527 0.0736530 0.0944760 
FM244862.1_Pyrosoma_godeauxi             0.0259577 0.1342753 0.1362017 0.0596348 0.0628515 0.1136297 0.1361986 0.0989783 0.1334865 0.1370559 0.0810579 0.1556641 0.1370559 0.1383529 0.1418905 0.1041728 0.0266771 0.1007461 0.1232695 0.0262465 0.0871557 0.1231032 0.2395806 0.1212488 0.0000000 0.0266771 0.1381573 0.0997218 0.1321244 0.1351417 0.1206966 0.0928661 0.1259982 0.1060068 0.3362151 0.1090322 0.2370575 0.1442079 0.0684236 0.1351168 0.0433566 0.0253099 0.1183515 0.1443843 0.1068010 0.0807117 0.1036130 0.1606983 0.1542464 0.1228396 0.0998359 0.1282019 0.2143884 0.0328583 0.1202642 0.1171746 0.2525219 0.1299720 0.2070843 0.0882921 0.0124141 0.0996713 0.1107893 
HQ015381.1_Pyrosoma_atlanticum           0.0011606 0.1311511 0.1496443 0.0870162 0.0889357 0.1324230 0.1507526 0.1144613 0.1670032 0.1334666 0.0990618 0.1670715 0.1343545 0.1701423 0.1617018 0.1115117 0.0000010 0.1218478 0.1404749 0.0359648 0.0840929 0.1284766 0.2651087 0.1394169 0.0266771 0.0000000 0.1612837 0.1208395 0.1567501 0.1300109 0.1408255 0.1186914 0.1437609 0.1055477 0.3548939 0.1068163 0.2562982 0.1420462 0.0916667 0.1666855 0.0429865 0.0252844 0.1474521 0.1515222 0.1288945 0.0924892 0.1320096 0.1618002 0.1683350 0.1383528 0.1211393 0.1521779 0.2241421 0.0441134 0.1459114 0.1328094 0.2562387 0.1565973 0.2275176 0.0954463 0.0184275 0.1203666 0.1415223 
FM244861.1_Doliolum_denticulatu          0.1608308 0.1900319 0.0355325 0.1751347 0.1444044 0.1790668 0.2160735 0.1674752 0.1864848 0.1888395 0.1445127 0.2278169 0.1861588 0.2026316 0.0311747 0.1611020 0.1596215 0.1588646 0.1791869 0.1701309 0.1752247 0.1787106 0.2982660 0.1814947 0.1381573 0.1612837 0.0000000 0.1603411 0.1930541 0.1846093 0.1968788 0.1648712 0.1859742 0.1697929 0.3717299 0.1770127 0.2813089 0.2076455 0.1578453 0.2125734 0.1743466 0.1511082 0.1948164 0.1945182 0.1751549 0.1582886 0.1816657 0.2132266 0.2263587 0.1987311 0.1674407 0.1861088 0.2909489 0.1825352 0.1842624 0.1789143 0.2817401 0.1940419 0.2670160 0.1702841 0.1455490 0.1766060 0.1993966 
HQ015408.1_Salpa_maxima                  0.1205126 0.0793728 0.1598685 0.1405959 0.1228559 0.0369640 0.0757196 0.0451954 0.1074762 0.0797340 0.1219835 0.0940845 0.0797340 0.1147502 0.1587099 0.0450821 0.1205589 0.0005899 0.0615395 0.1273675 0.1446556 0.0726756 0.2583416 0.0489875 0.0997218 0.1208395 0.1603411 0.0000000 0.1123215 0.0710285 0.1606209 0.0817929 0.0731593 0.0563547 0.3505816 0.1486179 0.2576264 0.0930498 0.1277924 0.1119364 0.1340022 0.1194578 0.0689077 0.0794875 0.0301976 0.1287254 0.0565657 0.1018490 0.0579411 0.0528529 0.0090236 0.1360385 0.1448311 0.1417105 0.1075514 0.0605894 0.2701924 0.1087213 0.2517023 0.1417685 0.1063174 0.0544228 0.0733754 
HQ015388.1_Pegea_bicaudata               0.1563137 0.1357193 0.1760082 0.1520879 0.1392854 0.1261854 0.1394677 0.1066945 0.1563310 0.1404883 0.1516276 0.1604155 0.1374849 0.1587814 0.1810527 0.1092328 0.1552939 0.1133356 0.1376650 0.1631712 0.1634120 0.1320732 0.2957596 0.1369373 0.1321244 0.1567501 0.1930541 0.1123215 0.0000000 0.1373612 0.1943031 0.1061379 0.1459576 0.1142223 0.3820029 0.1773371 0.2795013 0.1543624 0.1546308 0.1560625 0.1631230 0.1475484 0.1324848 0.1438523 0.1282211 0.1565110 0.1306487 0.1641572 0.1620715 0.1343308 0.1194264 0.1518435 0.2139171 0.1741751 0.0353167 0.1249036 0.2928191 0.0181945 0.2774005 0.1662876 0.1401592 0.1159039 0.1331334 
HQ015402.1_Iasis_cylindrica              0.1299598 0.1056947 0.1942255 0.1686198 0.1454789 0.0963923 0.1138213 0.0847973 0.1481308 0.1055741 0.1472561 0.0466350 0.1055741 0.1296720 0.1809373 0.0421611 0.1300109 0.0718807 0.0518678 0.1439391 0.1700038 0.0769402 0.2773500 0.0491607 0.1351417 0.1300109 0.1846093 0.0710285 0.1373612 0.0000000 0.1848594 0.0948633 0.1085047 0.0643750 0.3861124 0.1744330 0.2990985 0.1237638 0.1502269 0.1450338 0.1491369 0.1325210 0.1109475 0.0892863 0.0907527 0.1487796 0.0904702 0.1034775 0.1266552 0.0932987 0.0757443 0.1650966 0.0904321 0.1576669 0.1282269 0.0984214 0.2877401 0.1351110 0.2783866 0.1631107 0.1190213 0.0921129 0.1101391 
AY903925.1_Halocynthia_igaboja           0.1423270 0.1934987 0.1866697 0.1545960 0.1166928 0.1764613 0.1973002 0.1667333 0.1918904 0.1984077 0.1326940 0.2208277 0.1958073 0.2049886 0.2015467 0.1568071 0.1385322 0.1595674 0.1784120 0.1503211 0.1341222 0.1839345 0.2603136 0.1810381 0.1206966 0.1408255 0.1968788 0.1606209 0.1943031 0.1848594 0.0000000 0.1555541 0.1927251 0.1688645 0.3494020 0.1419003 0.1858940 0.2115350 0.1229141 0.2018190 0.1576255 0.1325201 0.1903675 0.1938689 0.1793582 0.1249276 0.1815493 0.2229733 0.2191748 0.1852206 0.1583406 0.1847157 0.2761077 0.1590097 0.1885219 0.1743078 0.2469053 0.1917755 0.2215380 0.1265111 0.1273511 0.1690471 0.1897545 
HQ015390.1_Thetys_vagina                 0.1183708 0.1152756 0.1566499 0.1221541 0.1087943 0.1004255 0.1205847 0.0816065 0.1270558 0.1151683 0.1252098 0.1254233 0.1151683 0.1312083 0.1620413 0.0816938 0.1180778 0.0824339 0.0918201 0.1232236 0.1294697 0.1089554 0.2488732 0.0886622 0.0928661 0.1186914 0.1648712 0.0817929 0.1061379 0.0948633 0.1555541 0.0000000 0.1168453 0.0825246 0.3351198 0.1338949 0.2412574 0.1310934 0.1108416 0.1237850 0.1237168 0.1130124 0.1057852 0.0967352 0.0998927 0.1159124 0.0988371 0.1386458 0.1403488 0.1085006 0.0871514 0.0829662 0.1756792 0.1344245 0.1037275 0.1023540 0.2369418 0.1040461 0.2208010 0.1284753 0.1024817 0.0913720 0.1099135 
HQ015403.1_Brooksia_rostrata             0.1433614 0.1072672 0.1948514 0.1632036 0.1434693 0.0655758 0.1063301 0.0709503 0.1260291 0.1117176 0.1328473 0.1362977 0.1080589 0.1407537 0.1897465 0.0817271 0.1417153 0.0732173 0.1028003 0.1514338 0.1691178 0.0959129 0.2914697 0.0871261 0.1259982 0.1437609 0.1859742 0.0731593 0.1459576 0.1085047 0.1927251 0.1168453 0.0000000 0.0550381 0.3806318 0.1694956 0.2977769 0.1222632 0.1600684 0.1418807 0.1604530 0.1409902 0.0960059 0.1151195 0.0646475 0.1606401 0.0437379 0.1013134 0.1140730 0.0826049 0.0751688 0.1477460 0.1969114 0.1674267 0.1368567 0.0866344 0.3022704 0.1444716 0.2708332 0.1746073 0.1278053 0.0628446 0.0850130 
FM244866.1_Iasis_cylindrica              0.1055029 0.0763130 0.1761998 0.1427253 0.1186643 0.0571482 0.0915613 0.0617132 0.1093534 0.0770667 0.1278654 0.1160789 0.0770667 0.1183674 0.1709835 0.0292634 0.1055477 0.0572122 0.0853619 0.1157955 0.1421595 0.0468697 0.2615418 0.0714576 0.1060068 0.1055477 0.1697929 0.0563547 0.1142223 0.0643750 0.1688645 0.0825246 0.0550381 0.0000000 0.3640668 0.1519695 0.2678108 0.0907084 0.1300788 0.1190369 0.1220687 0.1078532 0.0859704 0.0863511 0.0442609 0.1302520 0.0655828 0.0634420 0.1013775 0.0677126 0.0611672 0.1282302 0.1694059 0.1294020 0.0996432 0.0731597 0.2690941 0.1129423 0.2454576 0.1424062 0.0947406 0.0439270 0.0639372 
M97574.1_Myxine_glutinosa                0.3527049 0.3702328 0.3682851 0.3722975 0.3242189 0.3779064 0.3870943 0.3603339 0.4025306 0.3813990 0.3500945 0.4220809 0.3783659 0.4152669 0.3727536 0.3539998 0.3536468 0.3520105 0.3833659 0.3648011 0.3709057 0.3981332 0.5228853 0.3804949 0.3362151 0.3548939 0.3717299 0.3505816 0.3820029 0.3861124 0.3494020 0.3351198 0.3806318 0.3640668 0.0000000 0.3677176 0.4629661 0.4065602 0.3470251 0.4337376 0.3710160 0.3468459 0.3914799 0.3721100 0.3729915 0.3624143 0.3724734 0.4378986 0.4282917 0.3799168 0.3559858 0.3849946 0.4966729 0.3757201 0.4039920 0.3744464 0.3700174 0.3853390 0.3000392 0.3600070 0.3344889 0.3551400 0.3818331 
L12378.2_Ascidia_ceratodes               0.1049258 0.1759649 0.1708919 0.1254247 0.0922427 0.1704209 0.1852148 0.1507730 0.1829419 0.1811585 0.1080276 0.2059733 0.1784474 0.1916180 0.1781453 0.1468128 0.1051727 0.1554550 0.1743349 0.1308156 0.1013621 0.1642840 0.2756623 0.1688075 0.1090322 0.1068163 0.1770127 0.1486179 0.1773371 0.1744330 0.1419003 0.1338949 0.1694956 0.1519695 0.3677176 0.0000000 0.2600364 0.1766584 0.0866817 0.1922450 0.1419882 0.1131514 0.1773494 0.1890891 0.1643109 0.0901991 0.1617413 0.1985603 0.2209716 0.1704016 0.1481043 0.1702118 0.2662542 0.1442061 0.1719862 0.1590662 0.2434545 0.1731349 0.2290502 0.0960908 0.1103448 0.1565304 0.1824742 
L12426.2_Molgula_manhattensis            0.2556143 0.2793330 0.2800092 0.2771506 0.2252715 0.2851452 0.3176154 0.2740522 0.2985933 0.2848489 0.2286269 0.3369565 0.2814617 0.3047772 0.2875497 0.2685322 0.2568031 0.2689018 0.3021995 0.2693550 0.2537244 0.2954015 0.3695504 0.3001699 0.2370575 0.2562982 0.2813089 0.2576264 0.2795013 0.2990985 0.1858940 0.2412574 0.2977769 0.2678108 0.4629661 0.2600364 0.0000000 0.3082874 0.2409307 0.3062523 0.2416837 0.2443066 0.3103813 0.3091510 0.2756532 0.2140592 0.2868202 0.3340124 0.3273023 0.3063468 0.2616262 0.2691265 0.3850894 0.2882432 0.2772269 0.2849806 0.3240985 0.2926800 0.3053770 0.1951177 0.2385550 0.2736213 0.2903023 
D14366.1_Thalia_democratica              0.1418739 0.0289568 0.2015325 0.1782819 0.1596294 0.1136224 0.1288150 0.0982852 0.1425284 0.0309222 0.1643283 0.1631095 0.0309222 0.1494165 0.2108628 0.0922015 0.1419287 0.0939876 0.1290251 0.1628421 0.1585239 0.1144104 0.2920488 0.1170778 0.1442079 0.1420462 0.2076455 0.0930498 0.1543624 0.1237638 0.2115350 0.1310934 0.1222632 0.0907084 0.4065602 0.1766584 0.3082874 0.0000000 0.1698860 0.1438771 0.1714851 0.1494688 0.1266099 0.0778063 0.1099313 0.1698943 0.1048705 0.1475516 0.1419511 0.1127544 0.0968043 0.1638206 0.2260188 0.1781869 0.1429326 0.1197917 0.3343994 0.1508161 0.2886162 0.1820286 0.1416884 0.1094810 0.1312226 
AB104873.1_Perophora_sagamiensis         0.0898147 0.1571644 0.1481007 0.0835723 0.0608675 0.1416290 0.1641600 0.1255327 0.1555960 0.1597144 0.0799841 0.1777018 0.1586453 0.1614661 0.1618520 0.1245349 0.0906420 0.1276059 0.1445026 0.0901918 0.0824625 0.1474088 0.2471727 0.1483813 0.0684236 0.0916667 0.1578453 0.1277924 0.1546308 0.1502269 0.1229141 0.1108416 0.1600684 0.1300788 0.3470251 0.0866817 0.2409307 0.1698860 0.0000000 0.1539971 0.0990108 0.0833343 0.1480053 0.1582310 0.1413239 0.0678920 0.1430188 0.1833965 0.1844310 0.1530596 0.1285004 0.1408445 0.2364288 0.0957719 0.1470721 0.1406195 0.2478992 0.1493132 0.2018427 0.0779259 0.0735975 0.1286948 0.1501462 
HQ015377.1_Salpidae_gen._nov._sp._nov._A 0.1662061 0.1364237 0.2006574 0.1307283 0.1616176 0.1303810 0.1569901 0.1142376 0.0966904 0.1351223 0.1628482 0.1829061 0.1352328 0.1106165 0.2175580 0.1123951 0.1654730 0.1124227 0.1417907 0.1732231 0.1784137 0.1363093 0.2891446 0.1378358 0.1351168 0.1666855 0.2125734 0.1119364 0.1560625 0.1450338 0.2018190 0.1237850 0.1418807 0.1190369 0.4337376 0.1922450 0.3062523 0.1438771 0.1539971 0.0000000 0.1825341 0.1611269 0.1444779 0.1279530 0.1288388 0.1714404 0.1175055 0.1777211 0.1675790 0.1427942 0.1142847 0.1650749 0.2469311 0.1803845 0.1476727 0.1344088 0.3269529 0.1495168 0.2614382 0.1797392 0.1489804 0.1230070 0.1420080 
AB013011.1_Pyrosoma_atlanticum           0.0422122 0.1487685 0.1649507 0.0977880 0.0991614 0.1537722 0.1698200 0.1297122 0.1767115 0.1561120 0.1185986 0.1838762 0.1502593 0.1804193 0.1729679 0.1309631 0.0452292 0.1418449 0.1621642 0.0541014 0.1277318 0.1454006 0.2791059 0.1503609 0.0433566 0.0429865 0.1743466 0.1340022 0.1631230 0.1491369 0.1576255 0.1237168 0.1604530 0.1220687 0.3710160 0.1419882 0.2416837 0.1714851 0.0990108 0.1825341 0.0000000 0.0448786 0.1630564 0.1655242 0.1416613 0.1030706 0.1482000 0.1791121 0.1962503 0.1568173 0.1345989 0.1685551 0.2252724 0.0613189 0.1594668 0.1494388 0.2751703 0.1726953 0.2530661 0.0998637 0.0343238 0.1328225 0.1551662 
FM244863.1_Pyrosomella_verticillata      0.0265491 0.1349365 0.1403225 0.0774818 0.0809719 0.1333147 0.1510423 0.1145799 0.1513642 0.1398144 0.0884737 0.1659647 0.1364934 0.1677705 0.1548942 0.1086180 0.0256069 0.1205094 0.1398636 0.0346025 0.1017115 0.1008223 0.2609013 0.1363608 0.0253099 0.0252844 0.1511082 0.1194578 0.1475484 0.1325210 0.1325201 0.1130124 0.1409902 0.1078532 0.3468459 0.1131514 0.2443066 0.1494688 0.0833343 0.1611269 0.0448786 0.0000000 0.1437864 0.1513762 0.1272355 0.0912455 0.1320308 0.1338458 0.1709977 0.1385915 0.1201133 0.1373776 0.2260998 0.0409516 0.1323119 0.1066014 0.2591618 0.1435990 0.2191415 0.0976477 0.0158904 0.1203476 0.1396518 
FM244864.1_Cyclosalpa_quadriluminis      0.1470331 0.1127154 0.1834126 0.1499061 0.1345249 0.0843382 0.0796877 0.0297622 0.1407885 0.1164566 0.1413265 0.1056970 0.1126255 0.1469590 0.1956158 0.0798744 0.1449100 0.0695469 0.0666442 0.1408437 0.1637961 0.0966307 0.2985795 0.0856620 0.1183515 0.1474521 0.1948164 0.0689077 0.1324848 0.1109475 0.1903675 0.1057852 0.0960059 0.0859704 0.3914799 0.1773494 0.3103813 0.1266099 0.1480053 0.1444779 0.1630564 0.1437864 0.0000000 0.1210957 0.0820846 0.1554104 0.0845540 0.1304139 0.1176221 0.0864018 0.0749149 0.1474267 0.1619808 0.1615502 0.1231179 0.0545751 0.3113379 0.1260109 0.2881598 0.1661232 0.1268993 0.0534227 0.0719083 
HQ015412.1_Thalia_orientalis             0.1511009 0.0632824 0.1919485 0.1675277 0.1473303 0.0969051 0.1253165 0.0914358 0.1261410 0.0659199 0.1563399 0.1226285 0.0620724 0.1291456 0.1964046 0.0845461 0.1490609 0.0798821 0.0954704 0.1637490 0.1707401 0.1158385 0.2779114 0.0874059 0.1443843 0.1515222 0.1945182 0.0794875 0.1438523 0.0892863 0.1938689 0.0967352 0.1151195 0.0863511 0.3721100 0.1890891 0.3091510 0.0778063 0.1582310 0.1279530 0.1655242 0.1513762 0.1210957 0.0000000 0.0910871 0.1656856 0.0996008 0.1438947 0.1326642 0.1058144 0.0846397 0.1500998 0.1782165 0.1724180 0.1384104 0.1072134 0.2995614 0.1424594 0.2732576 0.1780597 0.1378317 0.0950487 0.1158517 
HQ015409.1_Salpa_fusiformis              0.1285399 0.0949710 0.1731212 0.1487005 0.1269056 0.0346226 0.0916098 0.0576610 0.1134775 0.0958290 0.1310493 0.1199609 0.0958290 0.1253186 0.1746832 0.0679469 0.1282135 0.0308253 0.0844724 0.1346067 0.1497852 0.0851625 0.2717008 0.0732019 0.1068010 0.1288945 0.1751549 0.0301976 0.1282211 0.0907527 0.1793582 0.0998927 0.0646475 0.0442609 0.3729915 0.1643109 0.2756532 0.1099313 0.1413239 0.1288388 0.1416613 0.1272355 0.0820846 0.0910871 0.0000000 0.1388199 0.0597901 0.1104375 0.0740606 0.0689156 0.0385986 0.1418911 0.1756160 0.1486880 0.1209800 0.0718349 0.2804498 0.1250738 0.2671624 0.1492860 0.1127058 0.0442297 0.0533854 
AF165821.2_Chelyosoma_siboja             0.0914980 0.1446161 0.1524544 0.1073404 0.0641206 0.1442168 0.1694224 0.1276023 0.1555288 0.1480522 0.0873549 0.1765107 0.1442874 0.1623564 0.1595835 0.1280993 0.0920105 0.1292738 0.1456067 0.1038686 0.0819006 0.1502064 0.2502770 0.1520684 0.0807117 0.0924892 0.1582886 0.1287254 0.1565110 0.1487796 0.1249276 0.1159124 0.1606401 0.1302520 0.3624143 0.0901991 0.2140592 0.1698943 0.0678920 0.1714404 0.1030706 0.0912455 0.1554104 0.1656856 0.1388199 0.0000000 0.1427155 0.1853991 0.1903241 0.1531670 0.1301815 0.1449817 0.2332820 0.1177812 0.1507264 0.1402192 0.2348319 0.1594822 0.2225794 0.0258500 0.0852490 0.1275513 0.1493159 
HQ015404.1_Brooksia_rostrata             0.1316447 0.0923124 0.1769337 0.1432277 0.1273907 0.0667405 0.0935849 0.0595253 0.1201765 0.0957983 0.1348644 0.1221074 0.0923724 0.1266535 0.1738010 0.0685571 0.1299787 0.0574025 0.0896934 0.1382670 0.1559395 0.0864464 0.2714069 0.0731181 0.1036130 0.1320096 0.1816657 0.0565657 0.1306487 0.0904702 0.1815493 0.0988371 0.0437379 0.0655828 0.3724734 0.1617413 0.2868202 0.1048705 0.1430188 0.1175055 0.1482000 0.1320308 0.0845540 0.0996008 0.0597901 0.1427155 0.0000000 0.1137078 0.0966926 0.0699633 0.0591951 0.1472609 0.1815328 0.1539905 0.1264435 0.0771243 0.2859678 0.1272835 0.2592520 0.1592033 0.1164628 0.0585812 0.0656910 
HQ015401.1_Iasis_cylindrica              0.1613427 0.1293619 0.2257800 0.1963963 0.1745636 0.1117354 0.1348543 0.1010261 0.1485989 0.1293756 0.1374578 0.1617615 0.1293756 0.1876799 0.2286604 0.0591490 0.1621672 0.1034942 0.1283734 0.1731825 0.1998408 0.0302665 0.3157468 0.1215799 0.1606983 0.1618002 0.2132266 0.1018490 0.1641572 0.1034775 0.2229733 0.1386458 0.1013134 0.0634420 0.4378986 0.1985603 0.3340124 0.1475516 0.1833965 0.1777211 0.1791121 0.1338458 0.1304139 0.1438947 0.1104375 0.1853991 0.1137078 0.0000000 0.1528479 0.1178281 0.1073456 0.1574663 0.2250872 0.1875336 0.1319950 0.0683044 0.3311073 0.1638381 0.2892276 0.1994917 0.1452066 0.1057774 0.1250690 
HQ015406.1_Salpa_thompsoni               0.1679247 0.1167926 0.2300939 0.1979180 0.1797327 0.0672553 0.0622033 0.0902334 0.1596191 0.1204230 0.1747160 0.1550968 0.1184680 0.1687179 0.2194450 0.0988835 0.1666916 0.0650377 0.1243246 0.1802375 0.2035748 0.1176588 0.3279731 0.1015168 0.1542464 0.1683350 0.2263587 0.0579411 0.1620715 0.1266552 0.2191748 0.1403488 0.1140730 0.1013775 0.4282917 0.2209716 0.3273023 0.1419511 0.1844310 0.1675790 0.1962503 0.1709977 0.1176221 0.1326642 0.0740606 0.1903241 0.0966926 0.1528479 0.0000000 0.0440468 0.0612482 0.1954128 0.2181537 0.1993129 0.1640674 0.1064649 0.2868428 0.1423878 0.3238250 0.2018302 0.1553504 0.1001971 0.1210541 
HQ015411.1_Ritteriella_retracta          0.1380277 0.0909715 0.2022947 0.1610211 0.1449177 0.0705567 0.0613044 0.0624389 0.1405417 0.0955681 0.1481736 0.1200973 0.0926843 0.1477086 0.1932088 0.0649603 0.1371959 0.0534132 0.0846909 0.1480089 0.1706506 0.0859133 0.2934777 0.0545887 0.1228396 0.1383528 0.1987311 0.0528529 0.1343308 0.0932987 0.1852206 0.1085006 0.0826049 0.0677126 0.3799168 0.1704016 0.3063468 0.1127544 0.1530596 0.1427942 0.1568173 0.1385915 0.0864018 0.1058144 0.0689156 0.1531670 0.0699633 0.1178281 0.0440468 0.0000000 0.0575390 0.1626969 0.1767812 0.1641983 0.1336537 0.0747155 0.2689321 0.1181362 0.2751427 0.1674039 0.1237175 0.0723617 0.0922498 
HQ015405.1_Salpa_aspera                  0.1210926 0.0810125 0.1651847 0.1423190 0.1245265 0.0420824 0.0777627 0.0497385 0.1151727 0.0817052 0.1245734 0.0971310 0.0817052 0.1226394 0.1667201 0.0494406 0.1211393 0.0096436 0.0671555 0.1304781 0.1462285 0.0775421 0.2663113 0.0542277 0.0998359 0.1211393 0.1674407 0.0090236 0.1194264 0.0757443 0.1583406 0.0871514 0.0751688 0.0611672 0.3559858 0.1481043 0.2616262 0.0968043 0.1285004 0.1142847 0.1345989 0.1201133 0.0749149 0.0846397 0.0385986 0.1301815 0.0591951 0.1073456 0.0612482 0.0575390 0.0000000 0.1360751 0.1438965 0.1436791 0.1111134 0.0659643 0.2808453 0.1122427 0.2609876 0.1442457 0.1087195 0.0599683 0.0794097 
HQ015389.1_Soestia_zonaria               0.1517558 0.1479665 0.1864825 0.1555308 0.1290581 0.1508827 0.1695159 0.1228033 0.1536591 0.1534371 0.1247041 0.1933641 0.1476063 0.1710942 0.1851310 0.1410765 0.1497109 0.1425525 0.1542196 0.1594441 0.1486216 0.1417754 0.2639426 0.1600581 0.1282019 0.1521779 0.1861088 0.1360385 0.1518435 0.1650966 0.1847157 0.0829662 0.1477460 0.1282302 0.3849946 0.1702118 0.2691265 0.1638206 0.1408445 0.1650749 0.1685551 0.1373776 0.1474267 0.1500998 0.1418911 0.1449817 0.1472609 0.1574663 0.1954128 0.1626969 0.1360751 0.0000000 0.2538626 0.1691528 0.1298159 0.1338683 0.2983068 0.1482873 0.2632858 0.1563743 0.1349903 0.1309173 0.1492596 
HQ015391.1_Cyclosalpa_affinis            0.2247322 0.1952411 0.2943581 0.2596329 0.2382224 0.1811692 0.1681014 0.1338042 0.2535830 0.1925400 0.2444901 0.0354176 0.1955091 0.1846576 0.2744161 0.1515820 0.2262348 0.1475468 0.0867220 0.2429145 0.2754811 0.1824529 0.4133405 0.1166312 0.2143884 0.2241421 0.2909489 0.1448311 0.2139171 0.0904321 0.2761077 0.1756792 0.1969114 0.1694059 0.4966729 0.2662542 0.3850894 0.2260188 0.2364288 0.2469311 0.2252724 0.2260998 0.1619808 0.1782165 0.1756160 0.2332820 0.1815328 0.2250872 0.2181537 0.1767812 0.1438965 0.2538626 0.0000000 0.2583035 0.2162898 0.1466784 0.4270691 0.2320831 0.3964722 0.2550284 0.2076311 0.1422259 0.1663633 
HQ015384.1_Pyrosoma_godeauxi             0.0425938 0.1619051 0.1612154 0.0886044 0.0922792 0.1543855 0.1745135 0.1304851 0.1768524 0.1649433 0.1160957 0.1930570 0.1633891 0.1807709 0.1859434 0.1325951 0.0444845 0.1428084 0.1611034 0.0321009 0.1315976 0.1503790 0.2919176 0.1613633 0.0328583 0.0441134 0.1825352 0.1417105 0.1741751 0.1576669 0.1590097 0.1344245 0.1674267 0.1294020 0.3757201 0.1442061 0.2882432 0.1781869 0.0957719 0.1803845 0.0613189 0.0409516 0.1615502 0.1724180 0.1486880 0.1177812 0.1539905 0.1875336 0.1993129 0.1641983 0.1436791 0.1691528 0.2583035 0.0000000 0.1599736 0.1548037 0.2855171 0.1716921 0.2420804 0.1239278 0.0226142 0.1395115 0.1597929 
HQ015386.1_Pegea_confoederata            0.1455066 0.1307982 0.1733968 0.1521016 0.1374727 0.1215578 0.1422118 0.0990166 0.1510210 0.1304668 0.1384472 0.1598284 0.1305714 0.1564478 0.1833444 0.1046329 0.1448935 0.1080360 0.1259531 0.1510260 0.1609745 0.1082368 0.2727894 0.1318713 0.1202642 0.1459114 0.1842624 0.1075514 0.0353167 0.1282269 0.1885219 0.1037275 0.1368567 0.0996432 0.4039920 0.1719862 0.2772269 0.1429326 0.1470721 0.1476727 0.1594668 0.1323119 0.1231179 0.1384104 0.1209800 0.1507264 0.1264435 0.1319950 0.1640674 0.1336537 0.1111134 0.1298159 0.2162898 0.1599736 0.0000000 0.1157002 0.2936036 0.0326118 0.2657336 0.1604956 0.1293066 0.1084900 0.1262771 
HQ015398.1_Cyclosalpa_sewelli            0.1327584 0.1026381 0.1774445 0.1470844 0.1356421 0.0747453 0.0670651 0.0343137 0.1168403 0.1033543 0.1314624 0.0944022 0.1033543 0.1426697 0.1816200 0.0649915 0.1328094 0.0613863 0.0548296 0.1419001 0.1544128 0.0463312 0.2792019 0.0776938 0.1171746 0.1328094 0.1789143 0.0605894 0.1249036 0.0984214 0.1743078 0.1023540 0.0866344 0.0731597 0.3744464 0.1590662 0.2849806 0.1197917 0.1406195 0.1344088 0.1494388 0.1066014 0.0545751 0.1072134 0.0718349 0.1402192 0.0771243 0.0683044 0.1064649 0.0747155 0.0659643 0.1338683 0.1466784 0.1548037 0.1157002 0.0000000 0.2839964 0.1219223 0.2528051 0.1538515 0.1191654 0.0439547 0.0615826 
M97571.1_Branchiostoma_floridae          0.2557039 0.2969425 0.2733879 0.2917487 0.2370114 0.2751629 0.2491839 0.2686379 0.2940411 0.2989548 0.2447854 0.3496390 0.2967398 0.3076131 0.2801279 0.2585949 0.2528061 0.2687671 0.2953568 0.2804498 0.2516298 0.2909118 0.3489811 0.2910894 0.2525219 0.2562387 0.2817401 0.2701924 0.2928191 0.2877401 0.2469053 0.2369418 0.3022704 0.2690941 0.3700174 0.2434545 0.3240985 0.3343994 0.2478992 0.3269529 0.2751703 0.2591618 0.3113379 0.2995614 0.2804498 0.2348319 0.2859678 0.3311073 0.2868428 0.2689321 0.2808453 0.2983068 0.4270691 0.2855171 0.2936036 0.2839964 0.0000000 0.2876858 0.2227058 0.2418374 0.2451345 0.2741122 0.3025555 
HQ015387.1_Pegea_confoederata            0.1562220 0.1329120 0.1788908 0.1499368 0.1371172 0.1246645 0.1278877 0.1019142 0.1488850 0.1355078 0.1474076 0.1721416 0.1336366 0.1587838 0.1913023 0.1060236 0.1539581 0.1084217 0.1322927 0.1619116 0.1607345 0.1279527 0.2878457 0.1326099 0.1299720 0.1565973 0.1940419 0.1087213 0.0181945 0.1351110 0.1917755 0.1040461 0.1444716 0.1129423 0.3853390 0.1731349 0.2926800 0.1508161 0.1493132 0.1495168 0.1726953 0.1435990 0.1260109 0.1424594 0.1250738 0.1594822 0.1272835 0.1638381 0.1423878 0.1181362 0.1122427 0.1482873 0.2320831 0.1716921 0.0326118 0.1219223 0.2876858 0.0000000 0.2656040 0.1671198 0.1390962 0.1110159 0.1310355 
M91181.1_Echinorhinus_cookei             0.2268415 0.2751250 0.2623129 0.2436256 0.2081993 0.2693573 0.2874591 0.2509084 0.2720179 0.2794187 0.2295602 0.3237272 0.2760573 0.2852463 0.2785829 0.2381767 0.2281263 0.2531750 0.2722669 0.2361600 0.2347553 0.2527986 0.3251377 0.2643222 0.2070843 0.2275176 0.2670160 0.2517023 0.2774005 0.2783866 0.2215380 0.2208010 0.2708332 0.2454576 0.3000392 0.2290502 0.3053770 0.2886162 0.2018427 0.2614382 0.2530661 0.2191415 0.2881598 0.2732576 0.2671624 0.2225794 0.2592520 0.2892276 0.3238250 0.2751427 0.2609876 0.2632858 0.3964722 0.2420804 0.2657336 0.2528051 0.2227058 0.2656040 0.0000000 0.2325071 0.2088882 0.2558239 0.2771487 
