67
HQ015385.1_Pyrosoma_atlanticum           0.0000000 0.1521507 0.1504734 0.1492407 0.1287607 0.0250262 0.0345180 0.0352448 0.1497495 0.1276892 0.1364778 0.0338396 0.0878822 0.1814747 0.1298670 0.1354991 0.3648768 0.1158088 0.1007122 0.1630035 0.1174788 0.1478354 0.1282865 0.1536462 0.0352448 0.1657016 0.1477299 0.1228129 0.1504734 0.0876170 0.1471391 0.2755636 0.1365221 0.1053137 0.1499752 0.1611803 0.1712722 0.0321094 0.1740957 0.1580609 0.1482508 0.2465943 0.1228129 0.1765147 0.1507951 0.1827550 0.1096515 0.1553591 0.0530661 0.1208047 0.0349861 0.1689779 0.1428764 0.1477507 0.1253752 0.1205363 0.2772433 0.2830717 0.1407604 0.1666228 0.1122536 0.1278635 0.1626914 0.0783244 0.1777094 0.1713737 0.2376008 
HQ015394.1_Cyclosalpa_polae              0.1521507 0.0000000 0.1114178 0.0956917 0.0686554 0.1254351 0.1239186 0.1380370 0.0643817 0.0623464 0.0925002 0.1376879 0.1455841 0.1239796 0.0679981 0.0791427 0.3843879 0.1657829 0.1454767 0.1292062 0.0821533 0.0518630 0.1735040 0.1808980 0.1368638 0.1366020 0.1085711 0.0680636 0.1084746 0.1513290 0.0399789 0.3096010 0.0994221 0.1482832 0.0850053 0.1266580 0.1424061 0.1642033 0.1254001 0.1499271 0.0637015 0.0871266 0.0663116 0.1340933 0.1247721 0.0439431 0.1636474 0.1792354 0.1618117 0.0921104 0.1380534 0.1426993 0.0851309 0.0549936 0.0778391 0.0462301 0.2900388 0.2812697 0.0878126 0.0800981 0.0655458 0.0472602 0.0957925 0.1507396 0.1746289 0.1785429 0.2744261 
HQ015415.1_Thalia_democratica            0.1504734 0.1114178 0.0000000 0.1004389 0.0809006 0.1212274 0.1314496 0.1339731 0.1082476 0.0764270 0.0942805 0.1336394 0.1556650 0.1208756 0.0791341 0.0874292 0.3823131 0.1701250 0.1506266 0.1351953 0.0709414 0.1029192 0.1823734 0.1942927 0.1366980 0.1384251 0.0017617 0.0670848 0.0005813 0.1612518 0.0986612 0.2837994 0.0104278 0.1498239 0.0957249 0.0295590 0.1342931 0.1643768 0.1240024 0.1501606 0.1100525 0.1905750 0.0632490 0.1375786 0.1307322 0.1385401 0.1584763 0.1829501 0.1538544 0.1107676 0.1374647 0.1287512 0.0871225 0.0992369 0.0808141 0.0839451 0.3039191 0.2588247 0.0952063 0.1058379 0.0800497 0.0887073 0.0621641 0.1549348 0.1880964 0.1869129 0.2725355 
HQ015403.1_Brooksia_rostrata             0.1492407 0.0956917 0.1004389 0.0000000 0.0664317 0.1229190 0.1198013 0.1366318 0.0830169 0.0663176 0.0862789 0.1362841 0.1542506 0.1085177 0.0682790 0.0633731 0.3645676 0.1624055 0.1319836 0.1377741 0.0519546 0.1008486 0.1613307 0.1842464 0.1347039 0.1413446 0.0959474 0.0407392 0.0967840 0.1560665 0.0784971 0.2968753 0.0855658 0.1566287 0.0763751 0.1102619 0.1211042 0.1653861 0.0993863 0.1445232 0.0859498 0.1890393 0.0409807 0.1308459 0.1299858 0.1287117 0.1696138 0.1937925 0.1578734 0.1093772 0.1310700 0.1299315 0.0390100 0.0804364 0.0764867 0.0662881 0.2943860 0.2852726 0.0658780 0.1015404 0.0565797 0.0622705 0.1074765 0.1434971 0.1834725 0.1797145 0.2637342 
HQ015407.1_Salpa_maxima                  0.1287607 0.0686554 0.0809006 0.0664317 0.0000000 0.1066024 0.1011796 0.1193642 0.0680550 0.0005879 0.0703459 0.1190680 0.1265232 0.0644494 0.0096120 0.0234300 0.3475352 0.1442341 0.1213640 0.1053046 0.0532253 0.0719777 0.1522716 0.1585247 0.1174948 0.1112723 0.0769273 0.0301389 0.0770630 0.1374101 0.0480376 0.2666588 0.0686808 0.1297184 0.0519354 0.0905222 0.1067340 0.1431474 0.1004867 0.1431151 0.0663039 0.1495223 0.0287069 0.1133400 0.1067123 0.0961450 0.1411767 0.1617366 0.1439295 0.0825741 0.1183868 0.1130501 0.0508482 0.0622222 0.0471916 0.0467222 0.2673271 0.2603207 0.0348407 0.0789261 0.0097449 0.0500143 0.0807153 0.1284739 0.1587439 0.1585623 0.2532531 
HQ015380.1_Pyrosomella_verticillata      0.0250262 0.1254351 0.1212274 0.1229190 0.1066024 0.0000000 0.0117347 0.0102155 0.1238352 0.1057219 0.1099613 0.0114191 0.0730250 0.1554546 0.1054030 0.1125457 0.3314929 0.0929789 0.0805968 0.1378911 0.0933420 0.1195231 0.1035311 0.1262585 0.0101911 0.1401420 0.1193809 0.0990240 0.1212274 0.0678372 0.1218810 0.2388260 0.1113573 0.0837910 0.1243478 0.1351428 0.1476254 0.0307053 0.1428808 0.1312706 0.1280748 0.2057882 0.0990240 0.1522096 0.1260796 0.1503095 0.0884659 0.1354504 0.0283344 0.1017149 0.0109450 0.1449036 0.1177501 0.1223712 0.1000921 0.1046274 0.2459644 0.2438964 0.1199206 0.1392208 0.0934016 0.1039836 0.1353758 0.0736584 0.1480525 0.1426494 0.2079433 
FM244862.1_Pyrosoma_godeauxi             0.0345180 0.1239186 0.1314496 0.1198013 0.1011796 0.0117347 0.0000000 0.0209440 0.1124231 0.1001541 0.1178664 0.0202397 0.0695100 0.1546886 0.0994355 0.1077874 0.3315596 0.0836765 0.0759916 0.1306712 0.1049206 0.1362300 0.1048703 0.1236515 0.0209440 0.1341793 0.1286877 0.0980624 0.1314496 0.0640550 0.1220629 0.2402320 0.1149113 0.0819937 0.1237577 0.1382524 0.1336063 0.0413646 0.1574266 0.1252857 0.1197987 0.2137419 0.0980624 0.1384658 0.1188483 0.1543793 0.0887611 0.1349847 0.0413780 0.0949036 0.0226448 0.1309462 0.1087709 0.1197000 0.1068357 0.1015593 0.2537091 0.2368969 0.1158120 0.1382235 0.0811224 0.1003335 0.1419506 0.0663848 0.1409719 0.1329926 0.2058815 
HQ015381.1_Pyrosoma_atlanticum           0.0352448 0.1380370 0.1339731 0.1366318 0.1193642 0.0102155 0.0209440 0.0000000 0.1379343 0.1183660 0.1223449 0.0011570 0.0860150 0.1673985 0.1177377 0.1268634 0.3470783 0.0842128 0.0949480 0.1544822 0.1021719 0.1285731 0.1071146 0.1366911 0.0000010 0.1557432 0.1316545 0.1123629 0.1348625 0.0831070 0.1361237 0.2576849 0.1246383 0.0961793 0.1371390 0.1438368 0.1636646 0.0433922 0.1573179 0.1475034 0.1425546 0.2209499 0.1123629 0.1669826 0.1427066 0.1635667 0.0983636 0.1473528 0.0404011 0.1170995 0.0221329 0.1606169 0.1314181 0.1331134 0.1117878 0.1147324 0.2586385 0.2619123 0.1323674 0.1515685 0.1063153 0.1168899 0.1502550 0.0884170 0.1626247 0.1581219 0.2257467 
HQ015395.1_Cyclosalpa_sewelli            0.1497495 0.0643817 0.1082476 0.0830169 0.0680550 0.1238352 0.1124231 0.1379343 0.0000000 0.0672655 0.0894889 0.1375802 0.1478115 0.1124736 0.0732043 0.0526376 0.3792992 0.1539771 0.1407485 0.1276974 0.0623608 0.1067504 0.1752379 0.1873176 0.1375112 0.1329148 0.1072108 0.0643850 0.1082476 0.1506074 0.0862295 0.2929665 0.0968828 0.1506948 0.0855741 0.1226048 0.1317221 0.1618192 0.1194626 0.1460252 0.0583853 0.1571222 0.0643850 0.1389208 0.1253862 0.1020839 0.1606867 0.1936241 0.1551380 0.1069338 0.1345233 0.1389180 0.0650121 0.0555414 0.0792160 0.0418517 0.3046912 0.2965309 0.0764732 0.0783687 0.0585357 0.0266327 0.1124468 0.1407835 0.1967760 0.2001559 0.2786531 
HQ015408.1_Salpa_maxima                  0.1276892 0.0623464 0.0764270 0.0663176 0.0005879 0.1057219 0.1001541 0.1183660 0.0672655 0.0000000 0.0697146 0.1180726 0.1267095 0.0565173 0.0089942 0.0228100 0.3459731 0.1429944 0.1198861 0.1054718 0.0523825 0.0711263 0.1442354 0.1595565 0.1180958 0.1101318 0.0760736 0.0281384 0.0764270 0.1382800 0.0476036 0.2564115 0.0681465 0.1292014 0.0513615 0.0895985 0.1070114 0.1420651 0.0988600 0.1356172 0.0648297 0.1467730 0.0281384 0.1134057 0.1062425 0.0952363 0.1414428 0.1605539 0.1348775 0.0819432 0.1172937 0.1125829 0.0499594 0.0614233 0.0465185 0.0459402 0.2684579 0.2587631 0.0321250 0.0766206 0.0097449 0.0493809 0.0803216 0.1285098 0.1582754 0.1600199 0.2518008 
HQ015399.1_Iasis_cylindrica              0.1364778 0.0925002 0.0942805 0.0862789 0.0703459 0.1099613 0.1178664 0.1223449 0.0894889 0.0697146 0.0000000 0.1221390 0.1434494 0.1145013 0.0745243 0.0791244 0.3883424 0.1543228 0.1287027 0.1247253 0.0431306 0.0737936 0.1580955 0.1796656 0.1217967 0.1290609 0.0950029 0.0553835 0.0942805 0.1496831 0.0832210 0.2919219 0.0844004 0.1481462 0.0829175 0.1099051 0.1242563 0.1489456 0.0302467 0.1395388 0.0880229 0.1796955 0.0553835 0.1425926 0.1061484 0.1225957 0.1601366 0.1852329 0.1422584 0.1077392 0.1010505 0.1274115 0.0786682 0.0441044 0.0351393 0.0688873 0.2852355 0.2730481 0.0870197 0.0988652 0.0656393 0.0722284 0.1126755 0.1401443 0.1909295 0.1827510 0.2547108 
HQ015383.1_Pyrosomella_verticillata      0.0338396 0.1376879 0.1336394 0.1362841 0.1190680 0.0114191 0.0202397 0.0011570 0.1375802 0.1180726 0.1221390 0.0000000 0.0842012 0.1669645 0.1177144 0.1265424 0.3449291 0.0824150 0.0930893 0.1540881 0.1021497 0.1285473 0.1052189 0.1382058 0.0011550 0.1553428 0.1316291 0.1120906 0.1345263 0.0829081 0.1357801 0.2569597 0.1243253 0.0943329 0.1367950 0.1436864 0.1632357 0.0418776 0.1569088 0.1471279 0.1421835 0.2215813 0.1120906 0.1665446 0.1423425 0.1631409 0.0965058 0.1473233 0.0389343 0.1168095 0.0234009 0.1601915 0.1310842 0.1330873 0.1115130 0.1147089 0.2581541 0.2611682 0.1311307 0.1511828 0.1062873 0.1165980 0.1498698 0.0865732 0.1622035 0.1577125 0.2251238 
AB104873.1_Perophora_sagamiensis         0.0878822 0.1455841 0.1556650 0.1542506 0.1265232 0.0730250 0.0695100 0.0860150 0.1478115 0.1267095 0.1434494 0.0842012 0.0000000 0.1841274 0.1273456 0.1389393 0.3515427 0.0776040 0.0746163 0.1466175 0.1282139 0.1492834 0.0811385 0.1227075 0.0850598 0.1532684 0.1530588 0.1237765 0.1545395 0.0839579 0.1454783 0.2415786 0.1403185 0.0650234 0.1523962 0.1644604 0.1527004 0.0952518 0.1805969 0.1367133 0.1446335 0.2389154 0.1243743 0.1618791 0.1442412 0.1791114 0.0742414 0.1464111 0.0961030 0.1095107 0.0780855 0.1550950 0.1419229 0.1415264 0.1244697 0.1283944 0.2417076 0.2432812 0.1421467 0.1644426 0.1098417 0.1262368 0.1576428 0.0610397 0.1623338 0.1540456 0.1961907 
HQ015406.1_Salpa_thompsoni               0.1814747 0.1239796 0.1208756 0.1085177 0.0644494 0.1554546 0.1546886 0.1673985 0.1124736 0.0565173 0.1145013 0.1669645 0.1841274 0.0000000 0.0605529 0.0664158 0.4221974 0.2024707 0.1738788 0.1424759 0.0951455 0.1273564 0.2217975 0.2188644 0.1657545 0.1562976 0.1172343 0.0664052 0.1188663 0.1938572 0.0984193 0.3463996 0.1110952 0.1928147 0.0440297 0.1386370 0.1596337 0.2004779 0.1488264 0.1934111 0.1142561 0.2202886 0.0654848 0.1674376 0.1618306 0.1550583 0.2046898 0.2311114 0.1991499 0.1391337 0.1689224 0.1645807 0.0902553 0.1071318 0.1037696 0.0906384 0.2897577 0.3290164 0.0621356 0.0621902 0.0438194 0.0929020 0.1343358 0.1871762 0.2202671 0.2286799 0.3210956 
HQ015405.1_Salpa_aspera                  0.1298670 0.0679981 0.0791341 0.0682790 0.0096120 0.1054030 0.0994355 0.1177377 0.0732043 0.0089942 0.0745243 0.1177144 0.1273456 0.0605529 0.0000000 0.0309732 0.3527198 0.1434942 0.1223964 0.1089221 0.0571263 0.0758319 0.1446725 0.1572530 0.1177377 0.1163001 0.0784599 0.0329149 0.0791341 0.1400458 0.0528271 0.2615177 0.0707664 0.1316042 0.0567499 0.0933044 0.1147334 0.1430598 0.1043007 0.1356464 0.0715363 0.1458243 0.0329149 0.1212992 0.1097726 0.0983065 0.1449304 0.1648674 0.1344959 0.0873130 0.1179130 0.1150601 0.0525138 0.0668280 0.0508968 0.0512513 0.2777784 0.2667527 0.0371500 0.0794759 0.0147438 0.0548468 0.0854853 0.1282938 0.1663705 0.1671719 0.2611104 
HQ015409.1_Salpa_fusiformis              0.1354991 0.0791427 0.0874292 0.0633731 0.0234300 0.1125457 0.1077874 0.1268634 0.0526376 0.0228100 0.0791244 0.1265424 0.1389393 0.0664158 0.0309732 0.0000000 0.3666725 0.1485179 0.1286047 0.1219456 0.0442233 0.0875211 0.1573600 0.1754808 0.1261822 0.1281334 0.0865406 0.0372635 0.0874292 0.1459492 0.0654518 0.2748863 0.0773035 0.1418306 0.0626857 0.1010474 0.1110792 0.1496401 0.1060327 0.1396451 0.0714735 0.1686735 0.0372635 0.1202312 0.1200412 0.1133296 0.1515208 0.1808702 0.1431440 0.0976730 0.1233943 0.1248426 0.0568628 0.0674872 0.0626859 0.0523600 0.2820402 0.2757748 0.0345905 0.0859515 0.0165261 0.0442299 0.0880202 0.1328598 0.1765103 0.1792662 0.2696361 
M97574.1_Myxine_glutinosa                0.3648768 0.3843879 0.3823131 0.3645676 0.3475352 0.3314929 0.3315596 0.3470783 0.3792992 0.3459731 0.3883424 0.3449291 0.3515427 0.4221974 0.3527198 0.3666725 0.0000000 0.3760886 0.3527412 0.3909449 0.3557778 0.3867546 0.3658007 0.3458401 0.3459673 0.3936512 0.3739016 0.3372337 0.3791537 0.3714259 0.3729212 0.4851294 0.3652073 0.3626820 0.3748219 0.4039454 0.3932011 0.3752760 0.4264387 0.3889008 0.3853086 0.5114371 0.3428820 0.4212060 0.4094158 0.4305350 0.3587039 0.3762296 0.3811322 0.3367203 0.3478398 0.4158869 0.3594052 0.3712459 0.3514755 0.3625235 0.3699530 0.5131225 0.3717022 0.3953915 0.3455768 0.3509453 0.3710057 0.3384744 0.3845297 0.3778510 0.3036687 
FM244840.1_Clavelina_meridionalis        0.1158088 0.1657829 0.1701250 0.1624055 0.1442341 0.0929789 0.0836765 0.0842128 0.1539771 0.1429944 0.1543228 0.0824150 0.0776040 0.2024707 0.1434942 0.1485179 0.3760886 0.0000000 0.0921555 0.1585765 0.1384641 0.1684273 0.1016423 0.1304957 0.0829066 0.1624943 0.1645946 0.1426140 0.1661678 0.1140137 0.1609540 0.2546643 0.1484441 0.0845594 0.1692919 0.1603296 0.1593136 0.1308004 0.1937992 0.1429194 0.1595788 0.2751537 0.1408236 0.1800227 0.1587965 0.2075696 0.0944410 0.1698326 0.1272652 0.1259455 0.0992696 0.1750062 0.1550204 0.1525972 0.1411670 0.1365428 0.2541494 0.2684386 0.1536310 0.1812994 0.1270494 0.1327367 0.1689551 0.0515389 0.1791365 0.1714827 0.2331783 
AB013017.1_Ciona_intestinalis            0.1007122 0.1454767 0.1506266 0.1319836 0.1213640 0.0805968 0.0759916 0.0949480 0.1407485 0.1198861 0.1287027 0.0930893 0.0746163 0.1738788 0.1223964 0.1286047 0.3527412 0.0921555 0.0000000 0.1453212 0.1236870 0.1451339 0.1039188 0.1297089 0.0934644 0.1509559 0.1470933 0.1181606 0.1467268 0.1086192 0.1399888 0.2323530 0.1354454 0.0859358 0.1482449 0.1642487 0.1448150 0.1165067 0.1358079 0.1224056 0.1369189 0.2448678 0.1162362 0.1616842 0.1364724 0.1817660 0.0955825 0.1434659 0.1173579 0.1222133 0.0855327 0.1589602 0.1302167 0.1333619 0.1194493 0.1201673 0.2397765 0.2491910 0.1352566 0.1597882 0.1079705 0.1220762 0.1562301 0.0810786 0.1628880 0.1436936 0.2261533 
HQ015387.1_Pegea_confoederata            0.1630035 0.1292062 0.1351953 0.1377741 0.1053046 0.1378911 0.1306712 0.1544822 0.1276974 0.1054718 0.1247253 0.1540881 0.1466175 0.1424759 0.1089221 0.1219456 0.3909449 0.1585765 0.1453212 0.0000000 0.1084122 0.1356816 0.1722569 0.1892270 0.1519912 0.0144158 0.1325765 0.1075720 0.1332591 0.1457768 0.1303728 0.2917612 0.1258494 0.1604544 0.1187331 0.1464661 0.1464255 0.1728968 0.1606693 0.1450056 0.1235188 0.2306394 0.1082495 0.1563132 0.0285137 0.1687575 0.1672027 0.1798629 0.1696793 0.1033176 0.1415731 0.1424050 0.1240690 0.1216087 0.1073534 0.1050252 0.2892577 0.2855544 0.1253592 0.1275742 0.1094849 0.1077380 0.1414392 0.1422309 0.1905627 0.1935108 0.2659759 
FM244866.1_Iasis_cylindrica              0.1174788 0.0821533 0.0709414 0.0519546 0.0532253 0.0933420 0.1049206 0.1021719 0.0623608 0.0523825 0.0431306 0.1021497 0.1282139 0.0951455 0.0571263 0.0442233 0.3557778 0.1384641 0.1236870 0.1084122 0.0000000 0.0603217 0.1489278 0.1669597 0.1021719 0.1128591 0.0701867 0.0407095 0.0709414 0.1394071 0.0656616 0.2699447 0.0607133 0.1313180 0.0635903 0.0842410 0.1059832 0.1312212 0.0595929 0.1257415 0.0759826 0.1663317 0.0407095 0.1136800 0.0984739 0.1127930 0.1426200 0.1801291 0.1209359 0.0802350 0.1037060 0.1126084 0.0633487 0.0701109 0.0270717 0.0575852 0.2662325 0.2591096 0.0579390 0.0881759 0.0413019 0.0438875 0.0830487 0.1238450 0.1691578 0.1702353 0.2460032 
HQ015402.1_Iasis_cylindrica              0.1478354 0.0518630 0.1029192 0.1008486 0.0719777 0.1195231 0.1362300 0.1285731 0.1067504 0.0711263 0.0737936 0.1285473 0.1492834 0.1273564 0.0758319 0.0875211 0.3867546 0.1684273 0.1451339 0.1356816 0.0603217 0.0000000 0.1699671 0.1826913 0.1285731 0.1391799 0.1030509 0.0669550 0.1029192 0.1676642 0.0476837 0.2979246 0.0940119 0.1496698 0.0917960 0.1210694 0.1477797 0.1617682 0.1002698 0.1647833 0.1072968 0.0907767 0.0669550 0.1312958 0.1277148 0.0466403 0.1631840 0.1964692 0.1502356 0.0951113 0.1302093 0.1439157 0.0889595 0.0988022 0.0436292 0.0867493 0.2856763 0.2787612 0.0949590 0.1152116 0.0679134 0.0897383 0.0894826 0.1519631 0.1808361 0.1836747 0.2802540 
L12378.2_Ascidia_ceratodes               0.1282865 0.1735040 0.1823734 0.1613307 0.1522716 0.1035311 0.1048703 0.1071146 0.1752379 0.1442354 0.1580955 0.1052189 0.0811385 0.2217975 0.1446725 0.1573600 0.3658007 0.1016423 0.1039188 0.1722569 0.1489278 0.1699671 0.0000000 0.1378943 0.1054553 0.1777525 0.1771167 0.1339759 0.1795879 0.1206171 0.1623699 0.2610932 0.1683455 0.0929567 0.1694854 0.1791007 0.1775662 0.1427089 0.1932836 0.1689446 0.1723100 0.2631786 0.1351727 0.1873882 0.1711116 0.2024093 0.0990114 0.1703104 0.1378088 0.1304805 0.1044135 0.1885488 0.1552950 0.1586798 0.1445665 0.1512835 0.2445916 0.2767149 0.1654964 0.1853642 0.1184372 0.1495388 0.1859959 0.0926100 0.1808893 0.1742229 0.2293656 
AY903925.1_Halocynthia_igaboja           0.1536462 0.1808980 0.1942927 0.1842464 0.1585247 0.1262585 0.1236515 0.1366911 0.1873176 0.1595565 0.1796656 0.1382058 0.1227075 0.2188644 0.1572530 0.1754808 0.3458401 0.1304957 0.1297089 0.1892270 0.1669597 0.1826913 0.1378943 0.0000000 0.1344621 0.1930880 0.1892875 0.1570706 0.1915880 0.1567699 0.1780183 0.1845048 0.1814584 0.1237141 0.1845984 0.2069887 0.1931846 0.1634736 0.2188806 0.1805144 0.1902141 0.2807380 0.1595898 0.2075929 0.1881111 0.2242068 0.1244277 0.1930482 0.1599027 0.1521797 0.1297301 0.1985586 0.1779849 0.1732836 0.1567401 0.1712947 0.2431666 0.2597247 0.1737811 0.1977195 0.1361484 0.1665265 0.1906419 0.1217967 0.2024624 0.1966843 0.2178420 
HQ015382.1_Pyrosomella_verticillata      0.0352448 0.1368638 0.1366980 0.1347039 0.1174948 0.0101911 0.0209440 0.0000010 0.1375112 0.1180958 0.1217967 0.0011550 0.0850598 0.1657545 0.1177377 0.1261822 0.3459673 0.0829066 0.0934644 0.1519912 0.1021719 0.1285731 0.1054553 0.1344621 0.0000000 0.1544207 0.1316545 0.1105767 0.1341481 0.0818143 0.1347850 0.2582065 0.1237724 0.0956417 0.1359883 0.1437148 0.1608131 0.0437914 0.1576885 0.1451161 0.1401007 0.2231367 0.1116111 0.1650521 0.1416963 0.1631720 0.0986355 0.1473528 0.0426733 0.1164854 0.0224936 0.1594331 0.1293926 0.1331134 0.1100580 0.1147324 0.2553621 0.2600075 0.1301502 0.1528737 0.1063153 0.1162720 0.1478050 0.0870250 0.1621508 0.1565233 0.2263500 
HQ015388.1_Pegea_bicaudata               0.1657016 0.1366020 0.1384251 0.1413446 0.1112723 0.1401420 0.1341793 0.1557432 0.1329148 0.1101318 0.1290609 0.1553428 0.1532684 0.1562976 0.1163001 0.1281334 0.3936512 0.1624943 0.1509559 0.0144158 0.1128591 0.1391799 0.1777525 0.1930880 0.1544207 0.0000000 0.1336186 0.1127724 0.1353474 0.1502437 0.1358351 0.2837257 0.1302735 0.1598557 0.1294861 0.1523010 0.1541513 0.1769062 0.1632712 0.1506631 0.1322217 0.2157452 0.1141601 0.1576980 0.0332955 0.1592662 0.1688520 0.1796726 0.1654958 0.1054098 0.1468728 0.1511762 0.1304916 0.1275109 0.1116752 0.1120328 0.2932705 0.2970619 0.1299428 0.1374628 0.1122957 0.1155544 0.1431195 0.1455709 0.1838339 0.1941735 0.2809924 
HQ015413.1_Thalia_democratica            0.1477299 0.1085711 0.0017617 0.0959474 0.0769273 0.1193809 0.1286877 0.1316545 0.1072108 0.0760736 0.0950029 0.1316291 0.1530588 0.1172343 0.0784599 0.0865406 0.3739016 0.1645946 0.1470933 0.1325765 0.0701867 0.1030509 0.1771167 0.1892875 0.1316545 0.1336186 0.0000000 0.0631154 0.0023508 0.1562366 0.0981670 0.2781793 0.0086384 0.1463597 0.0911051 0.0275981 0.1287564 0.1614265 0.1239918 0.1445592 0.1062341 0.1932566 0.0631154 0.1349399 0.1312241 0.1384535 0.1531301 0.1865336 0.1464475 0.1108824 0.1325449 0.1301394 0.0836044 0.0985422 0.0776085 0.0832385 0.3019470 0.2604477 0.0913345 0.1040994 0.0801798 0.0878279 0.0594866 0.1491147 0.1868488 0.1880024 0.2680900 
KR057223.1_Brooksia_lacromae             0.1228129 0.0680636 0.0670848 0.0407392 0.0301389 0.0990240 0.0980624 0.1123629 0.0643850 0.0281384 0.0553835 0.1120906 0.1237765 0.0664052 0.0329149 0.0372635 0.3372337 0.1426140 0.1181606 0.1075720 0.0407095 0.0669550 0.1339759 0.1570706 0.1105767 0.1127724 0.0631154 0.0000000 0.0633417 0.1288952 0.0421288 0.2619444 0.0552361 0.1290294 0.0404062 0.0761307 0.1105141 0.1380159 0.0837998 0.1317232 0.0624807 0.1516616 0.0000010 0.1138786 0.1051743 0.0972899 0.1427063 0.1633112 0.1299212 0.0805719 0.1071390 0.1038115 0.0278679 0.0562129 0.0433602 0.0441817 0.2596712 0.2504403 0.0425901 0.0680638 0.0222384 0.0467548 0.0794214 0.1217770 0.1586252 0.1639399 0.2312422 
HQ015414.1_Thalia_democratica            0.1504734 0.1084746 0.0005813 0.0967840 0.0770630 0.1212274 0.1314496 0.1348625 0.1082476 0.0764270 0.0942805 0.1345263 0.1545395 0.1188663 0.0791341 0.0874292 0.3791537 0.1661678 0.1467268 0.1332591 0.0709414 0.1029192 0.1795879 0.1915880 0.1341481 0.1353474 0.0023508 0.0633417 0.0000000 0.1577041 0.0981495 0.2802917 0.0104423 0.1459700 0.0927829 0.0295590 0.1294221 0.1628932 0.1240024 0.1442143 0.1061537 0.1934722 0.0633417 0.1355675 0.1309464 0.1385401 0.1536427 0.1829501 0.1479306 0.1107676 0.1340952 0.1289651 0.0836939 0.0992369 0.0769799 0.0839451 0.3016261 0.2565159 0.0913677 0.1066496 0.0800497 0.0887073 0.0582997 0.1506198 0.1842858 0.1841323 0.2690301 
HQ015379.1_Pyrostremma_spinosum          0.0876170 0.1513290 0.1612518 0.1560665 0.1374101 0.0678372 0.0640550 0.0831070 0.1506074 0.1382800 0.1496831 0.0829081 0.0839579 0.1938572 0.1400458 0.1459492 0.3714259 0.1140137 0.1086192 0.1457768 0.1394071 0.1676642 0.1206171 0.1567699 0.0818143 0.1502437 0.1562366 0.1288952 0.1577041 0.0000000 0.1522575 0.2797929 0.1445966 0.1062555 0.1569325 0.1703180 0.1542323 0.0898302 0.1908395 0.1482684 0.1445694 0.2558620 0.1301512 0.1660117 0.1467266 0.1886110 0.1131306 0.1663792 0.0975349 0.1187308 0.0739684 0.1314983 0.1427934 0.1447615 0.1347615 0.1317789 0.2842464 0.2724448 0.1524825 0.1683325 0.1247300 0.1293175 0.1626278 0.0926471 0.1783675 0.1691034 0.2398075 
HQ015410.1_Ritteriella_retracta          0.1471391 0.0399789 0.0986612 0.0784971 0.0480376 0.1218810 0.1220629 0.1361237 0.0862295 0.0476036 0.0832210 0.1357801 0.1454783 0.0984193 0.0528271 0.0654518 0.3729212 0.1609540 0.1399888 0.1303728 0.0656616 0.0476837 0.1623699 0.1780183 0.1347850 0.1358351 0.0981670 0.0421288 0.0981495 0.1522575 0.0000000 0.2993998 0.0877360 0.1508305 0.0524281 0.1126055 0.1396641 0.1621911 0.1167629 0.1578391 0.0798168 0.1154975 0.0422297 0.1427403 0.1296772 0.0686353 0.1647385 0.1873383 0.1504681 0.0873029 0.1322905 0.1359089 0.0653397 0.0763286 0.0593832 0.0616103 0.2871026 0.2782874 0.0679716 0.0927714 0.0476687 0.0666941 0.0860002 0.1466633 0.1807151 0.1819179 0.2638256 
L12426.2_Molgula_manhattensis            0.2755636 0.3096010 0.2837994 0.2968753 0.2666588 0.2388260 0.2402320 0.2576849 0.2929665 0.2564115 0.2919219 0.2569597 0.2415786 0.3463996 0.2615177 0.2748863 0.4851294 0.2546643 0.2323530 0.2917612 0.2699447 0.2979246 0.2610932 0.1845048 0.2582065 0.2837257 0.2781793 0.2619444 0.2802917 0.2797929 0.2993998 0.0000000 0.2833952 0.2162126 0.3055799 0.3074760 0.2989142 0.2931088 0.3322031 0.2799233 0.3165880 0.3940377 0.2596976 0.3045425 0.2861583 0.3399064 0.1970389 0.2830424 0.2549501 0.2412897 0.2476106 0.3072743 0.2906783 0.2895629 0.2769969 0.2860422 0.3247879 0.3723849 0.2822043 0.3186175 0.2382335 0.2759797 0.3096252 0.2334578 0.2957376 0.2827812 0.3130044 
AB859889.1_Thalia_longicauda             0.1365221 0.0994221 0.0104278 0.0855658 0.0686808 0.1113573 0.1149113 0.1246383 0.0968828 0.0681465 0.0844004 0.1243253 0.1403185 0.1110952 0.0707664 0.0773035 0.3652073 0.1484441 0.1354454 0.1258494 0.0607133 0.0940119 0.1683455 0.1814584 0.1237724 0.1302735 0.0086384 0.0552361 0.0104423 0.1445966 0.0877360 0.2833952 0.0000000 0.1503849 0.0857905 0.0196987 0.1146115 0.1482873 0.1139517 0.1324431 0.0942844 0.1848240 0.0552361 0.1216538 0.1220410 0.1292865 0.1605151 0.1710637 0.1423669 0.1002279 0.1205374 0.1160938 0.0733302 0.0899904 0.0685166 0.0733452 0.2982151 0.2540302 0.0820741 0.1015309 0.0670528 0.0785086 0.0498433 0.1345244 0.1786859 0.1769497 0.2567352 
AF165821.2_Chelyosoma_siboja             0.1053137 0.1482832 0.1498239 0.1566287 0.1297184 0.0837910 0.0819937 0.0961793 0.1506948 0.1292014 0.1481462 0.0943329 0.0650234 0.1928147 0.1316042 0.1418306 0.3626820 0.0845594 0.0859358 0.1604544 0.1313180 0.1496698 0.0929567 0.1237141 0.0956417 0.1598557 0.1463597 0.1290294 0.1459700 0.1062555 0.1508305 0.2162126 0.1503849 0.0000000 0.1550602 0.1746658 0.1555617 0.1183388 0.1846065 0.1454997 0.1537464 0.2350543 0.1280717 0.1645370 0.1526715 0.1773984 0.0264724 0.1559503 0.1034813 0.1171523 0.0917354 0.1717578 0.1471197 0.1447273 0.1296663 0.1331456 0.2409365 0.2522318 0.1454037 0.1736937 0.1208609 0.1286095 0.1688457 0.0667703 0.1639875 0.1584857 0.2251495 
HQ015411.1_Ritteriella_retracta          0.1499752 0.0850053 0.0957249 0.0763751 0.0519354 0.1243478 0.1237577 0.1371390 0.0855741 0.0513615 0.0829175 0.1367950 0.1523962 0.0440297 0.0567499 0.0626857 0.3748219 0.1692919 0.1482449 0.1187331 0.0635903 0.0917960 0.1694854 0.1845984 0.1359883 0.1294861 0.0911051 0.0404062 0.0927829 0.1569325 0.0524281 0.3055799 0.0857905 0.1550602 0.0000000 0.1093813 0.1391765 0.1651067 0.1157064 0.1606162 0.0806230 0.1783085 0.0402787 0.1461803 0.1322968 0.1197649 0.1685402 0.2038581 0.1538477 0.1079630 0.1364698 0.1395057 0.0644336 0.0749767 0.0650051 0.0625542 0.2703332 0.2920000 0.0659673 0.0606365 0.0477508 0.0668668 0.1036176 0.1512553 0.1935796 0.2006010 0.2751933 
D14366.1_Thalia_democratica              0.1611803 0.1266580 0.0295590 0.1102619 0.0905222 0.1351428 0.1382524 0.1438368 0.1226048 0.0895985 0.1099051 0.1436864 0.1644604 0.1386370 0.0933044 0.1010474 0.4039454 0.1603296 0.1642487 0.1464661 0.0842410 0.1210694 0.1791007 0.2069887 0.1437148 0.1523010 0.0275981 0.0761307 0.0295590 0.1703180 0.1126055 0.3074760 0.0196987 0.1746658 0.1093813 0.0000000 0.1378984 0.1765293 0.1419715 0.1602163 0.1199039 0.2227896 0.0761307 0.1457408 0.1434938 0.1595846 0.1860257 0.2005421 0.1716226 0.1265268 0.1459709 0.1373045 0.0965414 0.1155273 0.0922559 0.0975217 0.3354372 0.2882466 0.1074076 0.1256013 0.0822599 0.1022873 0.0737924 0.1605717 0.2062011 0.2056330 0.2812612 
FM244865.1_Ihlea_racovitzai              0.1712722 0.1424061 0.1342931 0.1211042 0.1067340 0.1476254 0.1336063 0.1636646 0.1317221 0.1070114 0.1242563 0.1632357 0.1527004 0.1596337 0.1147334 0.1110792 0.3932011 0.1593136 0.1448150 0.1464255 0.1059832 0.1477797 0.1775662 0.1931846 0.1608131 0.1541513 0.1287564 0.1105141 0.1294221 0.1542323 0.1396641 0.2989142 0.1146115 0.1555617 0.1391765 0.1378984 0.0000000 0.1768238 0.1474360 0.1530703 0.1361928 0.2536123 0.1095816 0.0346495 0.1516643 0.1868604 0.1705155 0.1942390 0.1791066 0.1265104 0.1472460 0.0919421 0.1165794 0.1174546 0.1207057 0.1144217 0.2941618 0.2644591 0.1186623 0.1569626 0.1059798 0.1112292 0.1274741 0.1524359 0.1963078 0.1855506 0.2752106 
HQ015384.1_Pyrosoma_godeauxi             0.0321094 0.1642033 0.1643768 0.1653861 0.1431474 0.0307053 0.0413646 0.0433922 0.1618192 0.1420651 0.1489456 0.0418776 0.0952518 0.2004779 0.1430598 0.1496401 0.3752760 0.1308004 0.1165067 0.1728968 0.1312212 0.1617682 0.1427089 0.1634736 0.0437914 0.1769062 0.1614265 0.1380159 0.1628932 0.0898302 0.1621911 0.2931088 0.1482873 0.1183388 0.1651067 0.1765293 0.1768238 0.0000000 0.1884861 0.1677416 0.1625009 0.2621328 0.1363365 0.1809762 0.1597822 0.1955422 0.1236376 0.1653610 0.0595414 0.1320006 0.0421405 0.1783002 0.1598086 0.1609046 0.1379550 0.1353741 0.2823664 0.2924792 0.1575165 0.1798746 0.1251706 0.1391852 0.1725028 0.0944312 0.1916366 0.1837894 0.2447824 
HQ015401.1_Iasis_cylindrica              0.1740957 0.1254001 0.1240024 0.0993863 0.1004867 0.1428808 0.1574266 0.1573179 0.1194626 0.0988600 0.0302467 0.1569088 0.1805969 0.1488264 0.1043007 0.1060327 0.4264387 0.1937992 0.1358079 0.1606693 0.0595929 0.1002698 0.1932836 0.2188806 0.1576885 0.1632712 0.1239918 0.0837998 0.1240024 0.1908395 0.1167629 0.3322031 0.1139517 0.1846065 0.1157064 0.1419715 0.1474360 0.1884861 0.0000000 0.1553595 0.1202889 0.2226275 0.0837998 0.1822055 0.1300281 0.1589004 0.1978082 0.2274165 0.1781113 0.1376619 0.1344327 0.1692780 0.1083793 0.0660145 0.0593020 0.0978705 0.3254944 0.3135538 0.1108699 0.1337151 0.0944500 0.1012490 0.1407414 0.1782360 0.2270552 0.2180599 0.2918575 
HQ015389.1_Soestia_zonaria               0.1580609 0.1499271 0.1501606 0.1445232 0.1431151 0.1312706 0.1252857 0.1475034 0.1460252 0.1356172 0.1395388 0.1471279 0.1367133 0.1934111 0.1356464 0.1396451 0.3889008 0.1429194 0.1224056 0.1450056 0.1257415 0.1647833 0.1689446 0.1805144 0.1451161 0.1506631 0.1445592 0.1317232 0.1442143 0.1482684 0.1578391 0.2799233 0.1324431 0.1454997 0.1606162 0.1602163 0.1530703 0.1677416 0.1553595 0.0000000 0.1447097 0.2551955 0.1318515 0.1686363 0.1292940 0.1936943 0.1563289 0.1849501 0.1678002 0.0823449 0.1359395 0.1620214 0.1460099 0.1355848 0.1446833 0.1241909 0.2923884 0.2621559 0.1480541 0.1695619 0.1334479 0.1277601 0.1499630 0.1308107 0.1832101 0.1844073 0.2637272 
FM244864.1_Cyclosalpa_quadriluminis      0.1482508 0.0637015 0.1100525 0.0859498 0.0663039 0.1280748 0.1197987 0.1425546 0.0583853 0.0648297 0.0880229 0.1421835 0.1446335 0.1142561 0.0715363 0.0714735 0.3853086 0.1595788 0.1369189 0.1235188 0.0759826 0.1072968 0.1723100 0.1902141 0.1401007 0.1322217 0.1062341 0.0624807 0.1061537 0.1445694 0.0798168 0.3165880 0.0942844 0.1537464 0.0806230 0.1199039 0.1361928 0.1625009 0.1202889 0.1447097 0.0000000 0.1600674 0.0600388 0.1431525 0.1223986 0.1025679 0.1647662 0.1795897 0.1627479 0.1022921 0.1372846 0.1392128 0.0763633 0.0524167 0.0783038 0.0297437 0.3037469 0.2925335 0.0755732 0.0748492 0.0633446 0.0400020 0.1165576 0.1395250 0.1922184 0.1918208 0.2818195 
HQ015391.1_Cyclosalpa_affinis            0.2465943 0.0871266 0.1905750 0.1890393 0.1495223 0.2057882 0.2137419 0.2209499 0.1571222 0.1467730 0.1796955 0.2215813 0.2389154 0.2202886 0.1458243 0.1686735 0.5114371 0.2751537 0.2448678 0.2306394 0.1663317 0.0907767 0.2631786 0.2807380 0.2231367 0.2157452 0.1932566 0.1516616 0.1934722 0.2558620 0.1154975 0.3940377 0.1848240 0.2350543 0.1783085 0.2227896 0.2536123 0.2621328 0.2226275 0.2551955 0.1600674 0.0000000 0.1482899 0.1899281 0.2161058 0.0354617 0.2586235 0.2959994 0.2276626 0.1771323 0.2253013 0.2502186 0.1756088 0.1479290 0.1546812 0.1390986 0.4207763 0.4167106 0.1775967 0.1696597 0.1446799 0.1344250 0.1796660 0.2490177 0.2750013 0.2920318 0.4009770 
KR057222.1_Brooksia_lacromae             0.1228129 0.0663116 0.0632490 0.0409807 0.0287069 0.0990240 0.0980624 0.1123629 0.0643850 0.0281384 0.0553835 0.1120906 0.1243743 0.0654848 0.0329149 0.0372635 0.3428820 0.1408236 0.1162362 0.1082495 0.0407095 0.0669550 0.1351727 0.1595898 0.1116111 0.1141601 0.0631154 0.0000010 0.0633417 0.1301512 0.0422297 0.2596976 0.0552361 0.1280717 0.0402787 0.0761307 0.1095816 0.1363365 0.0837998 0.1318515 0.0600388 0.1482899 0.0000000 0.1134720 0.1051743 0.0972899 0.1418878 0.1633112 0.1272720 0.0805719 0.1066081 0.1038115 0.0274013 0.0562129 0.0420971 0.0441817 0.2635123 0.2502694 0.0391463 0.0680638 0.0222384 0.0467548 0.0803513 0.1223699 0.1622953 0.1658990 0.2331419 
HQ015378.1_Ihlea_racovitzai              0.1765147 0.1340933 0.1375786 0.1308459 0.1133400 0.1522096 0.1384658 0.1669826 0.1389208 0.1134057 0.1425926 0.1665446 0.1618791 0.1674376 0.1212992 0.1202312 0.4212060 0.1800227 0.1616842 0.1563132 0.1136800 0.1312958 0.1873882 0.2075929 0.1650521 0.1576980 0.1349399 0.1138786 0.1355675 0.1660117 0.1427403 0.3045425 0.1216538 0.1645370 0.1461803 0.1457408 0.0346495 0.1809762 0.1822055 0.1686363 0.1431525 0.1899281 0.1134720 0.0000000 0.1573140 0.1484537 0.1798259 0.2062628 0.1843180 0.1316902 0.1635331 0.1038681 0.1215611 0.1414230 0.1280683 0.1204274 0.3074029 0.2711535 0.1280167 0.1623672 0.1165363 0.1179291 0.1276760 0.1666315 0.2053047 0.2004785 0.2844173 
HQ015386.1_Pegea_confoederata            0.1507951 0.1247721 0.1307322 0.1299858 0.1067123 0.1260796 0.1188483 0.1427066 0.1253862 0.1062425 0.1061484 0.1423425 0.1442412 0.1618306 0.1097726 0.1200412 0.4094158 0.1587965 0.1364724 0.0285137 0.0984739 0.1277148 0.1711116 0.1881111 0.1416963 0.0332955 0.1312241 0.1051743 0.1309464 0.1467266 0.1296772 0.2861583 0.1220410 0.1526715 0.1322968 0.1434938 0.1516643 0.1597822 0.1300281 0.1292940 0.1223986 0.2161058 0.1051743 0.1573140 0.0000000 0.1589631 0.1615962 0.1774234 0.1606415 0.1041289 0.1293129 0.1437017 0.1253057 0.1164491 0.1059452 0.1039593 0.2934676 0.2738803 0.1243118 0.1420839 0.1085901 0.1074814 0.1382384 0.1415079 0.1858686 0.1871695 0.2665160 
HQ015392.1_Cyclosalpa_affinis            0.1827550 0.0439431 0.1385401 0.1287117 0.0961450 0.1503095 0.1543793 0.1635667 0.1020839 0.0952363 0.1225957 0.1631409 0.1791114 0.1550583 0.0983065 0.1133296 0.4305350 0.2075696 0.1817660 0.1687575 0.1127930 0.0466403 0.2024093 0.2242068 0.1631720 0.1592662 0.1384535 0.0972899 0.1385401 0.1886110 0.0686353 0.3399064 0.1292865 0.1773984 0.1197649 0.1595846 0.1868604 0.1955422 0.1589004 0.1936943 0.1025679 0.0354617 0.0972899 0.1484537 0.1589631 0.0000000 0.1994963 0.2283869 0.1842231 0.1261163 0.1643421 0.1848241 0.1162828 0.0948999 0.1005717 0.0851317 0.3425604 0.3319577 0.1175731 0.1130281 0.0912478 0.0832672 0.1232144 0.1854625 0.2140182 0.2277587 0.3267317 
AB075543.1_Megalodicopia_hians           0.1096515 0.1636474 0.1584763 0.1696138 0.1411767 0.0884659 0.0887611 0.0983636 0.1606867 0.1414428 0.1601366 0.0965058 0.0742414 0.2046898 0.1449304 0.1515208 0.3587039 0.0944410 0.0955825 0.1672027 0.1426200 0.1631840 0.0990114 0.1244277 0.0986355 0.1688520 0.1531301 0.1427063 0.1536427 0.1131306 0.1647385 0.1970389 0.1605151 0.0264724 0.1685402 0.1860257 0.1705155 0.1236376 0.1978082 0.1563289 0.1647662 0.2586235 0.1418878 0.1798259 0.1615962 0.1994963 0.0000000 0.1653776 0.1011578 0.1289982 0.0973886 0.1791250 0.1629739 0.1576717 0.1412656 0.1450533 0.2469406 0.2658896 0.1578921 0.1849825 0.1336915 0.1389634 0.1804811 0.0767911 0.1759725 0.1696358 0.2341283 
HQ015376.1_Doliolum_denticulatum         0.1553591 0.1792354 0.1829501 0.1937925 0.1617366 0.1354504 0.1349847 0.1473528 0.1936241 0.1605539 0.1852329 0.1473233 0.1464111 0.2311114 0.1648674 0.1808702 0.3762296 0.1698326 0.1434659 0.1798629 0.1801291 0.1964692 0.1703104 0.1930482 0.1473528 0.1796726 0.1865336 0.1633112 0.1829501 0.1663792 0.1873383 0.2830424 0.1710637 0.1559503 0.2038581 0.2005421 0.1942390 0.1653610 0.2274165 0.1849501 0.1795897 0.2959994 0.1633112 0.2062628 0.1774234 0.2283869 0.1653776 0.0000000 0.1666072 0.1596904 0.1424683 0.2039640 0.1841014 0.1818467 0.1670069 0.1672931 0.2769160 0.2973457 0.1826929 0.2128587 0.1620303 0.1726760 0.1922919 0.1456573 0.0327306 0.0312698 0.2682641 
AB013011.1_Pyrosoma_atlanticum           0.0530661 0.1618117 0.1538544 0.1578734 0.1439295 0.0283344 0.0413780 0.0404011 0.1551380 0.1348775 0.1422584 0.0389343 0.0961030 0.1991499 0.1344959 0.1431440 0.3811322 0.1272652 0.1173579 0.1696793 0.1209359 0.1502356 0.1378088 0.1599027 0.0426733 0.1654958 0.1464475 0.1299212 0.1479306 0.0975349 0.1504681 0.2549501 0.1423669 0.1034813 0.1538477 0.1716226 0.1791066 0.0595414 0.1781113 0.1678002 0.1627479 0.2276626 0.1272720 0.1843180 0.1606415 0.1842231 0.1011578 0.1666072 0.0000000 0.1272311 0.0451385 0.1831021 0.1522970 0.1524845 0.1339300 0.1335585 0.2741017 0.2789438 0.1564400 0.1689032 0.1248295 0.1326133 0.1657741 0.1015509 0.1796193 0.1768439 0.2544562 
HQ015390.1_Thetys_vagina                 0.1208047 0.0921104 0.1107676 0.1093772 0.0825741 0.1017149 0.0949036 0.1170995 0.1069338 0.0819432 0.1077392 0.1168095 0.1095107 0.1391337 0.0873130 0.0976730 0.3367203 0.1259455 0.1222133 0.1033176 0.0802350 0.0951113 0.1304805 0.1521797 0.1164854 0.1054098 0.1108824 0.0805719 0.1107676 0.1187308 0.0873029 0.2412897 0.1002279 0.1171523 0.1079630 0.1265268 0.1265104 0.1320006 0.1376619 0.0823449 0.1022921 0.1771323 0.0805719 0.1316902 0.1041289 0.1261163 0.1289982 0.1596904 0.1272311 0.0000000 0.1099174 0.1186751 0.0964915 0.1028125 0.0843636 0.0826692 0.2351709 0.2475851 0.0983126 0.1210427 0.0900542 0.0884153 0.0969576 0.1121177 0.1608222 0.1651521 0.2234470 
FM244863.1_Pyrosomella_verticillata      0.0349861 0.1380534 0.1374647 0.1310700 0.1183868 0.0109450 0.0226448 0.0221329 0.1345233 0.1172937 0.1010505 0.0234009 0.0780855 0.1689224 0.1179130 0.1233943 0.3478398 0.0992696 0.0855327 0.1415731 0.1037060 0.1302093 0.1044135 0.1297301 0.0224936 0.1468728 0.1325449 0.1071390 0.1340952 0.0739684 0.1322905 0.2476106 0.1205374 0.0917354 0.1364698 0.1459709 0.1472460 0.0421405 0.1344327 0.1359395 0.1372846 0.2253013 0.1066081 0.1635331 0.1293129 0.1643421 0.0973886 0.1424683 0.0451385 0.1099174 0.0000000 0.1542785 0.1279076 0.1098703 0.1072949 0.1131712 0.2563768 0.2568085 0.1314512 0.1508026 0.1009969 0.1134867 0.1492017 0.0797039 0.1560521 0.1502786 0.2183871 
HQ015377.1_Salpidae_gen._nov._sp._nov._A 0.1689779 0.1426993 0.1287512 0.1299315 0.1130501 0.1449036 0.1309462 0.1606169 0.1389180 0.1125829 0.1274115 0.1601915 0.1550950 0.1645807 0.1150601 0.1248426 0.4158869 0.1750062 0.1589602 0.1424050 0.1126084 0.1439157 0.1885488 0.1985586 0.1594331 0.1511762 0.1301394 0.1038115 0.1289651 0.1314983 0.1359089 0.3072743 0.1160938 0.1717578 0.1395057 0.1373045 0.0919421 0.1783002 0.1692780 0.1620214 0.1392128 0.2502186 0.1038115 0.1038681 0.1437017 0.1848241 0.1791250 0.2039640 0.1831021 0.1186751 0.1542785 0.0000000 0.1123554 0.1329525 0.1140899 0.1160530 0.3201164 0.2839803 0.1302183 0.1549687 0.1087978 0.1199761 0.1243414 0.1628070 0.2151691 0.2116179 0.2543108 
HQ015404.1_Brooksia_rostrata             0.1428764 0.0851309 0.0871225 0.0390100 0.0508482 0.1177501 0.1087709 0.1314181 0.0650121 0.0499594 0.0786682 0.1310842 0.1419229 0.0902553 0.0525138 0.0568628 0.3594052 0.1550204 0.1302167 0.1240690 0.0633487 0.0889595 0.1552950 0.1779849 0.1293926 0.1304916 0.0836044 0.0278679 0.0836939 0.1427934 0.0653397 0.2906783 0.0733302 0.1471197 0.0644336 0.0965414 0.1165794 0.1598086 0.1083793 0.1460099 0.0763633 0.1756088 0.0274013 0.1215611 0.1253057 0.1162828 0.1629739 0.1841014 0.1522970 0.0964915 0.1279076 0.1123554 0.0000000 0.0716931 0.0633277 0.0564739 0.2850118 0.2660389 0.0645751 0.0877129 0.0427116 0.0571934 0.0970890 0.1356800 0.1763510 0.1809500 0.2567994 
HQ015398.1_Cyclosalpa_sewelli            0.1477507 0.0549936 0.0992369 0.0804364 0.0622222 0.1223712 0.1197000 0.1331134 0.0555414 0.0614233 0.0441044 0.1330873 0.1415264 0.1071318 0.0668280 0.0674872 0.3712459 0.1525972 0.1333619 0.1216087 0.0701109 0.0988022 0.1586798 0.1732836 0.1331134 0.1275109 0.0985422 0.0562129 0.0992369 0.1447615 0.0763286 0.2895629 0.0899904 0.1447273 0.0749767 0.1155273 0.1174546 0.1609046 0.0660145 0.1355848 0.0524167 0.1479290 0.0562129 0.1414230 0.1164491 0.0948999 0.1576717 0.1818467 0.1524845 0.1028125 0.1098703 0.1329525 0.0716931 0.0000000 0.0666109 0.0373503 0.2811362 0.2783827 0.0727741 0.0681255 0.0562783 0.0389832 0.1076217 0.1424247 0.1832588 0.1791919 0.2546121 
HQ015400.1_Iasis_cylindrica              0.1253752 0.0778391 0.0808141 0.0764867 0.0471916 0.1000921 0.1068357 0.1117878 0.0792160 0.0465185 0.0351393 0.1115130 0.1244697 0.1037696 0.0508968 0.0626859 0.3514755 0.1411670 0.1194493 0.1073534 0.0270717 0.0436292 0.1445665 0.1567401 0.1100580 0.1116752 0.0776085 0.0433602 0.0769799 0.1347615 0.0593832 0.2769969 0.0685166 0.1296663 0.0650051 0.0922559 0.1207057 0.1379550 0.0593020 0.1446833 0.0783038 0.1546812 0.0420971 0.1280683 0.1059452 0.1005717 0.1412656 0.1670069 0.1339300 0.0843636 0.1072949 0.1140899 0.0633277 0.0666109 0.0000000 0.0582872 0.2609025 0.2682444 0.0718434 0.0862644 0.0492999 0.0626422 0.0863863 0.1245598 0.1687437 0.1591985 0.2386190 
HQ015397.1_Cyclosalpa_quadriluminis      0.1205363 0.0462301 0.0839451 0.0662881 0.0467222 0.1046274 0.1015593 0.1147324 0.0418517 0.0459402 0.0688873 0.1147089 0.1283944 0.0906384 0.0512513 0.0523600 0.3625235 0.1365428 0.1201673 0.1050252 0.0575852 0.0867493 0.1512835 0.1712947 0.1147324 0.1120328 0.0832385 0.0441817 0.0839451 0.1317789 0.0616103 0.2860422 0.0733452 0.1331456 0.0625542 0.0975217 0.1144217 0.1353741 0.0978705 0.1241909 0.0297437 0.1390986 0.0441817 0.1204274 0.1039593 0.0851317 0.1450533 0.1672931 0.1335585 0.0826692 0.1131712 0.1160530 0.0564739 0.0373503 0.0582872 0.0000000 0.2708671 0.2537439 0.0569985 0.0578464 0.0414348 0.0258083 0.0924896 0.1265450 0.1648115 0.1690753 0.2532699 
