64
AB013011.1_Pyrosoma_atlanticum           0.0000000 0.1618112 0.0794292 0.1491737 0.1645597 0.0071551 0.0065121 0.1183537 0.1552363 0.1042816 0.1182356 0.1646984 0.2506460 0.2422268 0.4433323 0.2741760 0.2989713 0.1521933 0.0795739 0.0709597 0.0722082 0.1091865 0.0613076 0.0688467 0.0712632 0.1272394 0.1471329 0.1400105 0.1382624 0.1558321 0.1130918 0.1139235 0.1210043 0.1205128 0.1265198 0.1211941 0.1268349 0.1263974 0.0998146 0.1070239 0.1089517 0.1056817 0.1176249 0.1143787 0.1172527 0.1180310 0.1185434 0.1080424 0.1079770 0.1072063 0.1034510 0.1431093 0.1383976 0.1425513 0.1391095 0.0042805 0.0066472 0.0041315 0.0052681 0.0053363 0.0053554 0.0337657 0.1642608 0.1566774 
AB013012.1_Doliolum_nationalis           0.1618112 0.0000000 0.1470045 0.2157163 0.0000010 0.1478432 0.1593998 0.1813478 0.2035389 0.1754222 0.1849654 0.2195879 0.2785530 0.3192371 0.4757854 0.3017517 0.3568709 0.2276664 0.1613982 0.1513382 0.1499950 0.1610322 0.1513566 0.1563095 0.1444053 0.1821920 0.2002856 0.1926355 0.1970075 0.2084516 0.1875889 0.1897530 0.1903474 0.1882094 0.1842431 0.1991838 0.1974151 0.1966804 0.1614671 0.1855446 0.1802219 0.1825189 0.1798277 0.1715659 0.1804761 0.1804947 0.1732121 0.1783617 0.1828469 0.1781832 0.1746921 0.2007325 0.2012033 0.2035484 0.2046830 0.1612996 0.1663634 0.1565922 0.1552607 0.1569923 0.1577796 0.1459586 0.2142444 0.0000010 
AB013017.1_Ciona_intestinalis            0.0794292 0.1470045 0.0000000 0.1590354 0.1467704 0.0672015 0.0764958 0.1191358 0.1508025 0.1275477 0.1269940 0.1690316 0.2018330 0.2259099 0.4484983 0.2561873 0.2930947 0.1312884 0.0653827 0.0594419 0.0614857 0.0773448 0.0346421 0.0543453 0.0555955 0.1265955 0.1574072 0.1501847 0.1505198 0.1623719 0.1286318 0.1296245 0.1245976 0.1253347 0.1236946 0.1293874 0.1362135 0.1357404 0.1169898 0.1227236 0.1199507 0.1241626 0.1196430 0.1186841 0.1192460 0.1200426 0.1171805 0.1167268 0.1244172 0.1197180 0.1124442 0.1318537 0.1418729 0.1450582 0.1437565 0.0729474 0.0784159 0.0743532 0.0749895 0.0761841 0.0755427 0.0678825 0.1608502 0.1417986 
D14366.1_Thalia_democratica              0.1491737 0.2157163 0.1590354 0.0000000 0.2155282 0.1360681 0.1439594 0.0828418 0.1289071 0.0672118 0.0795609 0.1260679 0.2981599 0.3208955 0.4990314 0.3729126 0.3361327 0.2250088 0.1542062 0.1501169 0.1669387 0.1857422 0.1459357 0.1606705 0.1592996 0.0795609 0.0074212 0.0074212 0.0055652 0.0449970 0.0740549 0.0732273 0.0797135 0.0797135 0.0807302 0.0836408 0.0783461 0.0783461 0.0629724 0.0721586 0.0721586 0.0777617 0.0831564 0.0787140 0.0827867 0.0827867 0.0827867 0.0768815 0.0796932 0.0796932 0.1109521 0.1525436 0.1428835 0.1451089 0.1382873 0.1421714 0.1422613 0.1422613 0.1422613 0.1423906 0.1422613 0.1345130 0.1291202 0.2005238 
FM244861.1_Doliolum_denticulatum         0.1645597 0.0000010 0.1467704 0.2155282 0.0000000 0.1477215 0.1592770 0.1798318 0.2041056 0.1759442 0.1853773 0.2196123 0.2820114 0.3176383 0.4728301 0.3044717 0.3602932 0.2278089 0.1612726 0.1512228 0.1524677 0.1637652 0.1513566 0.1563280 0.1452202 0.1853773 0.2019012 0.1941951 0.1986220 0.2101534 0.1890719 0.1912769 0.1903689 0.1897277 0.1874710 0.2008196 0.1974370 0.1970471 0.1627531 0.1865541 0.1833505 0.1838038 0.1809563 0.1714245 0.1804967 0.1805154 0.1762039 0.1797785 0.1843142 0.1795786 0.1760711 0.2043185 0.2028225 0.2051877 0.2061588 0.1611697 0.1662312 0.1577983 0.1564402 0.1582044 0.1577983 0.1459762 0.2160070 0.0000010 
FM244862.1_Pyrosoma_godeauxi             0.0071551 0.1478432 0.0672015 0.1360681 0.1477215 0.0000000 0.0051535 0.1060372 0.1347933 0.1079719 0.1106957 0.1392784 0.2268974 0.2266020 0.4314962 0.2586587 0.2675437 0.1375687 0.0581352 0.0504116 0.0596461 0.0926077 0.0565958 0.0528652 0.0567424 0.1106957 0.1358848 0.1358848 0.1327857 0.1455019 0.1089774 0.1079527 0.1121331 0.1121331 0.1134285 0.1122343 0.1199595 0.1199595 0.1050323 0.1050323 0.1050323 0.1034659 0.1100969 0.1068338 0.1100969 0.1100969 0.1100969 0.1024757 0.1021304 0.1040849 0.0834780 0.1214992 0.1202066 0.1249563 0.1187382 0.0000010 0.0000010 0.0025499 0.0038375 0.0038375 0.0038375 0.0225210 0.1350318 0.1435499 
FM244863.1_Pyrosomella_verticillata      0.0065121 0.1593998 0.0764958 0.1439594 0.1592770 0.0051535 0.0000000 0.1156214 0.1519989 0.1057993 0.1178474 0.1596921 0.2314604 0.2365227 0.4327888 0.2704369 0.2976395 0.1433863 0.0730954 0.0681337 0.0709772 0.0983167 0.0594215 0.0661172 0.0689596 0.1178474 0.1450051 0.1374226 0.1356593 0.1521948 0.1134778 0.1135525 0.1197779 0.1201625 0.1193360 0.1208448 0.1256857 0.1254525 0.0993826 0.1063864 0.1048838 0.1051934 0.1161415 0.1120945 0.1151267 0.1158887 0.1134804 0.1067481 0.1066747 0.1067022 0.0998379 0.1350244 0.1337897 0.1383458 0.1340105 0.0018127 0.0041812 0.0023538 0.0011616 0.0011760 0.0011738 0.0301853 0.1607438 0.1485607 
FM244864.1_Cyclosalpa_quadriluminis      0.1183537 0.1813478 0.1191358 0.0828418 0.1798318 0.1060372 0.1156214 0.0000000 0.1135508 0.0374154 0.0369532 0.1110305 0.2828170 0.2924864 0.4813831 0.3043689 0.3320114 0.1973179 0.1276016 0.1220502 0.1328566 0.1445713 0.1280859 0.1314739 0.1221791 0.0383366 0.0812518 0.0751167 0.0749612 0.0776376 0.0305378 0.0309359 0.0348550 0.0349465 0.0362587 0.0403371 0.0385142 0.0385793 0.0344931 0.0392150 0.0397689 0.0400184 0.0000010 0.0000010 0.0000010 0.0000010 0.0011697 0.0091530 0.0097900 0.0096133 0.0762190 0.1245134 0.0985328 0.0969730 0.1011317 0.1164697 0.1186783 0.1149550 0.1132090 0.1152390 0.1148712 0.1024350 0.1217178 0.1726248 
FM244865.1_Ihlea_racovitzai              0.1552363 0.2035389 0.1508025 0.1289071 0.2041056 0.1347933 0.1519989 0.1135508 0.0000000 0.1080917 0.1061349 0.0823889 0.2886249 0.3079342 0.5250400 0.3277136 0.3319182 0.2302058 0.1477286 0.1458348 0.1539680 0.1710101 0.1509077 0.1517840 0.1427536 0.1061349 0.1290220 0.1221556 0.1203745 0.1202776 0.1142409 0.1149445 0.1052739 0.1053485 0.1040645 0.1142971 0.1154599 0.1150680 0.1005491 0.1167130 0.1142856 0.1145484 0.1144518 0.1046036 0.1137335 0.1144828 0.1111133 0.1139213 0.1145212 0.1118678 0.1177309 0.1543399 0.1464271 0.1427733 0.1542533 0.1529967 0.1587234 0.1511122 0.1486989 0.1515012 0.1515012 0.1300814 0.0035176 0.2006810 
FM244866.1_Iasis_cylindrica              0.1042816 0.1754222 0.1275477 0.0672118 0.1759442 0.1079719 0.1057993 0.0374154 0.1080917 0.0000000 0.0321753 0.0968933 0.2815624 0.2885219 0.4869183 0.2845326 0.3018716 0.1906454 0.1300469 0.1211896 0.1313625 0.1479904 0.1324601 0.1267110 0.1225969 0.0321753 0.0568743 0.0568743 0.0569588 0.0627177 0.0299180 0.0291826 0.0331180 0.0330452 0.0338571 0.0375603 0.0345166 0.0343447 0.0012808 0.0012808 0.0012808 0.0065091 0.0367247 0.0373086 0.0368283 0.0369691 0.0367247 0.0328550 0.0346164 0.0361047 0.0663586 0.1290876 0.0915833 0.0925346 0.0876826 0.1055851 0.1052214 0.1027269 0.1027269 0.1027269 0.1030740 0.1034617 0.1082742 0.1799557 
FM244867.1_Salpa_thompsoni               0.1182356 0.1849654 0.1269940 0.0795609 0.1853773 0.1106957 0.1178474 0.0369532 0.1061349 0.0321753 0.0000000 0.1071546 0.2686353 0.2908224 0.4768850 0.3004127 0.3233633 0.2017970 0.1358996 0.1335693 0.1395459 0.1509767 0.1223571 0.1363377 0.1287921 0.0005752 0.0772556 0.0712653 0.0710844 0.0780990 0.0262231 0.0258794 0.0083884 0.0083825 0.0094228 0.0115287 0.0319271 0.0318347 0.0295604 0.0369859 0.0369243 0.0400709 0.0372926 0.0334496 0.0371474 0.0373544 0.0369617 0.0313577 0.0365177 0.0371609 0.0863481 0.1337225 0.1079879 0.1077025 0.1069326 0.1176910 0.1231656 0.1166307 0.1148736 0.1169161 0.1171019 0.1128196 0.1136876 0.1828179 
HQ015377.1_Salpidae_gen._nov._sp._nov._A 0.1646984 0.2195879 0.1690316 0.1260679 0.2196123 0.1392784 0.1596921 0.1110305 0.0823889 0.0968933 0.1071546 0.0000000 0.2948266 0.2910003 0.5436575 0.3416783 0.3375884 0.2259288 0.1610473 0.1533832 0.1731892 0.1891885 0.1664634 0.1617660 0.1662715 0.1071546 0.1198440 0.1200513 0.1202583 0.1139253 0.1091869 0.1081202 0.1117566 0.1121100 0.1127522 0.1171300 0.1100607 0.1100607 0.0893871 0.1069128 0.1066546 0.1048058 0.1112368 0.1024823 0.1101909 0.1104582 0.1100034 0.1120255 0.1142007 0.1145716 0.1048516 0.1518885 0.1410440 0.1405515 0.1435567 0.1570391 0.1569554 0.1571318 0.1563058 0.1575479 0.1570064 0.1351010 0.0825117 0.2006018 
L12426.2_Molgula_manhattensis            0.2506460 0.2785530 0.2018330 0.2981599 0.2820114 0.2268974 0.2314604 0.2828170 0.2886249 0.2815624 0.2686353 0.2948266 0.0000000 0.3054868 0.5637135 0.3131726 0.3607503 0.1503290 0.1982769 0.1933056 0.1815624 0.1987882 0.1642979 0.2007678 0.1902350 0.2588811 0.3024015 0.2954577 0.2926987 0.3063734 0.2812123 0.2905181 0.2752911 0.2748921 0.2664380 0.2774018 0.2902438 0.2905394 0.2594261 0.2790573 0.2691874 0.2795915 0.2871315 0.2819851 0.2839251 0.2847386 0.2728711 0.2768850 0.2782717 0.2695028 0.2198542 0.2483627 0.2833182 0.2896160 0.2797689 0.2337012 0.2389498 0.2279607 0.2239838 0.2285965 0.2317163 0.2072173 0.3032313 0.2748482 
M91181.1_Echinorhinus_cookei             0.2422268 0.3192371 0.2259099 0.3208955 0.3176383 0.2266020 0.2365227 0.2924864 0.3079342 0.2885219 0.2908224 0.2910003 0.3054868 0.0000000 0.3460528 0.2109396 0.4112767 0.2479682 0.2235047 0.2250969 0.2294348 0.2318329 0.1927393 0.2068857 0.2289046 0.2913226 0.3209063 0.3106993 0.3095033 0.3116556 0.2845538 0.2887958 0.2942072 0.2956112 0.2917136 0.3089978 0.2980854 0.2968510 0.2754623 0.2921803 0.2856772 0.2899434 0.2912810 0.2887490 0.2895537 0.2888940 0.2849204 0.2850477 0.2974908 0.2915084 0.2528520 0.2885864 0.3052806 0.3053691 0.3141858 0.2376923 0.2452169 0.2359794 0.2356157 0.2366492 0.2329334 0.2213815 0.3291975 0.3132724 
M97574.1_Myxine_glutinosa                0.4433323 0.4757854 0.4484983 0.4990314 0.4728301 0.4314962 0.4327888 0.4813831 0.5250400 0.4869183 0.4768850 0.5436575 0.5637135 0.3460528 0.0000000 0.4552924 0.7612943 0.4611518 0.4330287 0.4275270 0.4398041 0.4363355 0.4716211 0.4485868 0.4463890 0.4729230 0.4909766 0.4811997 0.4715895 0.4836937 0.4711896 0.4843055 0.4857369 0.4795072 0.4783333 0.4947363 0.4853821 0.4830446 0.4570495 0.4812526 0.4762424 0.4898690 0.4752738 0.4778115 0.4795057 0.4770047 0.4712469 0.4540933 0.4565428 0.4579864 0.4401403 0.5004013 0.5182238 0.5237430 0.5376952 0.4371210 0.4513249 0.4239523 0.4232119 0.4253632 0.4294545 0.4029598 0.5454722 0.4754088 
M97571.1_Branchiostoma_floridae          0.2741760 0.3017517 0.2561873 0.3729126 0.3044717 0.2586587 0.2704369 0.3043689 0.3277136 0.2845326 0.3004127 0.3416783 0.3131726 0.2109396 0.4552924 0.0000000 0.3997605 0.2698043 0.2381202 0.2425094 0.2322791 0.2484381 0.2328920 0.2436052 0.2314038 0.2954928 0.3494864 0.3421813 0.3429955 0.3202125 0.3006120 0.3076872 0.3110762 0.3067164 0.3030086 0.3218737 0.3310673 0.3296551 0.2622056 0.2960234 0.2882368 0.2988241 0.3012649 0.2950413 0.3033412 0.3042762 0.2950024 0.2901950 0.3008831 0.2960821 0.2626033 0.3242800 0.3102054 0.3173601 0.3242849 0.2746648 0.2806583 0.2641731 0.2607406 0.2649376 0.2697161 0.2498541 0.3375991 0.2940197 
AB013014.1_Oikopleura_dioica             0.2989713 0.3568709 0.2930947 0.3361327 0.3602932 0.2675437 0.2976395 0.3320114 0.3319182 0.3018716 0.3233633 0.3375884 0.3607503 0.4112767 0.7612943 0.3997605 0.0000000 0.3106010 0.2904971 0.2922013 0.2785949 0.2921926 0.2557102 0.2804719 0.2683948 0.3220707 0.3228309 0.3123222 0.3177179 0.3245217 0.3169561 0.3181161 0.3376914 0.3340850 0.3315999 0.3413802 0.3372835 0.3358344 0.2896238 0.3284705 0.3220959 0.3273524 0.3268089 0.3149100 0.3291456 0.3319332 0.3207656 0.3215806 0.3210565 0.3166012 0.2893560 0.3069763 0.3523533 0.3521933 0.3532099 0.3014343 0.3082497 0.2934285 0.2895368 0.2943155 0.2977920 0.2753292 0.3441487 0.3445292 
AY903925.1_Halocynthia_igaboja           0.1521933 0.2276664 0.1312884 0.2250088 0.2278089 0.1375687 0.1433863 0.1973179 0.2302058 0.1906454 0.2017970 0.2259288 0.1503290 0.2479682 0.4611518 0.2698043 0.3106010 0.0000000 0.1251511 0.1231941 0.1156871 0.1380850 0.0916898 0.1266889 0.1202640 0.2000256 0.2301270 0.2234987 0.2207711 0.2219859 0.1940361 0.1972274 0.2024840 0.2024960 0.2004057 0.1999901 0.2077432 0.2069569 0.1781168 0.1902096 0.1863804 0.1918301 0.1970400 0.1964877 0.1960491 0.1975038 0.1937972 0.1893484 0.1972893 0.1933994 0.1660806 0.2047993 0.2071264 0.2138678 0.2096662 0.1477886 0.1507154 0.1440734 0.1397924 0.1423270 0.1428272 0.1332025 0.2406249 0.2201868 
FM244840.1_Clavelina_meridionalis        0.0795739 0.1613982 0.0653827 0.1542062 0.1612726 0.0581352 0.0730954 0.1276016 0.1477286 0.1300469 0.1358996 0.1610473 0.1982769 0.2235047 0.4330287 0.2381202 0.2904971 0.1251511 0.0000000 0.0167437 0.0530684 0.0772069 0.0463548 0.0458353 0.0455547 0.1358996 0.1587248 0.1499460 0.1481954 0.1494738 0.1351089 0.1321952 0.1337378 0.1341818 0.1362869 0.1357124 0.1413166 0.1416405 0.1185959 0.1295719 0.1307419 0.1264633 0.1261804 0.1211740 0.1262042 0.1265233 0.1275066 0.1203724 0.1245000 0.1244522 0.1000885 0.1208738 0.1324802 0.1372487 0.1344724 0.0700712 0.0745518 0.0714546 0.0721296 0.0732906 0.0730790 0.0572682 0.1528940 0.1512791 
FM244841.1_Pycnoclavella_aff._detorta    0.0709597 0.1513382 0.0594419 0.1501169 0.1512228 0.0504116 0.0681337 0.1220502 0.1458348 0.1211896 0.1335693 0.1533832 0.1933056 0.2250969 0.4275270 0.2425094 0.2922013 0.1231941 0.0167437 0.0000000 0.0467514 0.0675311 0.0436339 0.0436176 0.0396144 0.1335693 0.1555144 0.1478381 0.1460905 0.1472816 0.1298722 0.1301848 0.1346680 0.1351122 0.1339470 0.1346367 0.1341489 0.1344513 0.1116974 0.1224175 0.1205374 0.1220772 0.1270110 0.1197833 0.1257754 0.1260904 0.1239229 0.1190553 0.1223738 0.1192444 0.0949101 0.1178314 0.1317354 0.1362750 0.1357812 0.0635016 0.0670754 0.0655471 0.0662788 0.0673330 0.0671407 0.0512990 0.1543152 0.1430804 
AB075543.1_Megalodicopia_hians           0.0722082 0.1499950 0.0614857 0.1669387 0.1524677 0.0596461 0.0709772 0.1328566 0.1539680 0.1313625 0.1395459 0.1731892 0.1815624 0.2294348 0.4398041 0.2322791 0.2785949 0.1156871 0.0530684 0.0467514 0.0000000 0.0697318 0.0295290 0.0420538 0.0154044 0.1354360 0.1638806 0.1577138 0.1570735 0.1656740 0.1353489 0.1390476 0.1399166 0.1388878 0.1354384 0.1415320 0.1518479 0.1513142 0.1204990 0.1334783 0.1287157 0.1364383 0.1311287 0.1284332 0.1318009 0.1326936 0.1274672 0.1257485 0.1281061 0.1248408 0.1079467 0.1359226 0.1373570 0.1430652 0.1390916 0.0675644 0.0718576 0.0671645 0.0678513 0.0688887 0.0700125 0.0583201 0.1619651 0.1471789 
L12378.2_Ascidia_ceratodes               0.1091865 0.1610322 0.0773448 0.1857422 0.1637652 0.0926077 0.0983167 0.1445713 0.1710101 0.1479904 0.1509767 0.1891885 0.1987882 0.2318329 0.4363355 0.2484381 0.2921926 0.1380850 0.0772069 0.0675311 0.0697318 0.0000000 0.0491440 0.0578528 0.0654611 0.1465736 0.1793832 0.1730980 0.1703937 0.1895937 0.1434420 0.1474345 0.1528496 0.1516911 0.1488774 0.1489142 0.1510248 0.1504875 0.1345124 0.1386165 0.1357565 0.1421776 0.1426975 0.1440619 0.1435535 0.1445433 0.1388723 0.1368704 0.1383525 0.1347569 0.1206053 0.1467264 0.1599291 0.1632292 0.1626222 0.0963272 0.1008687 0.0938591 0.0942902 0.0958260 0.0974816 0.0730871 0.1796404 0.1584437 
AJ250778.1_Ciona_intestinalis            0.0613076 0.1513566 0.0346421 0.1459357 0.1513566 0.0565958 0.0594215 0.1280859 0.1509077 0.1324601 0.1223571 0.1664634 0.1642979 0.1927393 0.4716211 0.2328920 0.2557102 0.0916898 0.0463548 0.0436339 0.0295290 0.0491440 0.0000000 0.0319334 0.0295789 0.1223571 0.1501602 0.1501602 0.1485460 0.1725922 0.1288227 0.1270854 0.1231366 0.1231366 0.1231366 0.1170521 0.1391898 0.1391898 0.1285500 0.1285500 0.1285500 0.1302436 0.1280859 0.1280859 0.1280859 0.1280859 0.1280859 0.1193950 0.1284045 0.1250093 0.0974678 0.1327878 0.1511621 0.1527647 0.1504705 0.0565958 0.0565958 0.0565958 0.0592958 0.0592958 0.0592958 0.0611272 0.1513477 0.1513566 
AB104873.1_Perophora_sagamiensis         0.0688467 0.1563095 0.0543453 0.1606705 0.1563280 0.0528652 0.0661172 0.1314739 0.1517840 0.1267110 0.1363377 0.1617660 0.2007678 0.2068857 0.4485868 0.2436052 0.2804719 0.1266889 0.0458353 0.0436176 0.0420538 0.0578528 0.0319334 0.0000000 0.0370883 0.1363377 0.1605987 0.1555749 0.1538578 0.1681751 0.1338131 0.1331053 0.1376507 0.1381067 0.1379815 0.1373749 0.1447506 0.1447506 0.1174821 0.1267174 0.1257319 0.1303432 0.1308557 0.1253218 0.1308487 0.1311775 0.1299219 0.1245340 0.1259908 0.1237442 0.1006685 0.1348776 0.1463473 0.1484017 0.1464802 0.0614004 0.0667942 0.0630684 0.0641010 0.0648136 0.0646314 0.0525813 0.1581519 0.1472503 
AF165821.2_Chelyosoma_siboja             0.0712632 0.1444053 0.0555955 0.1592996 0.1452202 0.0567424 0.0689596 0.1221791 0.1427536 0.1225969 0.1287921 0.1662715 0.1902350 0.2289046 0.4463890 0.2314038 0.2683948 0.1202640 0.0455547 0.0396144 0.0154044 0.0654611 0.0295789 0.0370883 0.0000000 0.1285880 0.1588406 0.1526878 0.1531802 0.1563235 0.1250519 0.1259555 0.1296647 0.1287202 0.1271258 0.1301698 0.1382544 0.1377730 0.1116000 0.1242938 0.1213607 0.1271907 0.1209146 0.1182767 0.1217473 0.1225655 0.1192950 0.1174098 0.1153411 0.1124456 0.0997595 0.1303000 0.1316167 0.1397834 0.1332058 0.0670488 0.0706509 0.0669578 0.0676519 0.0686941 0.0679801 0.0541103 0.1504545 0.1409455 
HQ015406.1_Salpa_thompsoni               0.1272394 0.1821920 0.1265955 0.0795609 0.1853773 0.1106957 0.1178474 0.0383366 0.1061349 0.0321753 0.0005752 0.1071546 0.2588811 0.2913226 0.4729230 0.2954928 0.3220707 0.2000256 0.1358996 0.1335693 0.1354360 0.1465736 0.1223571 0.1363377 0.1285880 0.0000000 0.0760526 0.0709260 0.0699703 0.0774856 0.0258596 0.0264163 0.0083884 0.0083426 0.0092838 0.0114730 0.0319271 0.0318347 0.0293245 0.0369588 0.0370745 0.0399959 0.0372441 0.0334496 0.0371474 0.0373544 0.0364469 0.0308908 0.0362291 0.0375066 0.0858449 0.1303126 0.1067664 0.1079702 0.1066943 0.1176910 0.1231656 0.1146028 0.1129046 0.1148788 0.1171019 0.1128196 0.1128094 0.1828179 
HQ015415.1_Thalia_democratica            0.1471329 0.2002856 0.1574072 0.0074212 0.2019012 0.1358848 0.1450051 0.0812518 0.1290220 0.0568743 0.0772556 0.1198440 0.3024015 0.3209063 0.4909766 0.3494864 0.3228309 0.2301270 0.1587248 0.1555144 0.1638806 0.1793832 0.1501602 0.1605987 0.1588406 0.0760526 0.0000000 0.0005788 0.0017531 0.0425084 0.0701988 0.0681844 0.0716547 0.0711956 0.0779174 0.0749364 0.0762415 0.0760029 0.0528662 0.0618265 0.0673365 0.0668968 0.0740508 0.0711084 0.0738412 0.0742843 0.0799840 0.0670233 0.0702746 0.0766581 0.0998152 0.1452231 0.1362771 0.1398006 0.1260678 0.1384351 0.1367577 0.1319168 0.1390763 0.1322413 0.1348586 0.1354942 0.1203006 0.1839315 
HQ015414.1_Thalia_democratica            0.1400105 0.1926355 0.1501847 0.0074212 0.1941951 0.1358848 0.1374226 0.0751167 0.1221556 0.0568743 0.0712653 0.1200513 0.2954577 0.3106993 0.4811997 0.3421813 0.3123222 0.2234987 0.1499460 0.1478381 0.1577138 0.1730980 0.1501602 0.1555749 0.1526878 0.0709260 0.0005788 0.0000000 0.0023397 0.0370982 0.0651961 0.0651071 0.0716547 0.0711956 0.0719309 0.0749364 0.0698800 0.0695316 0.0536147 0.0618265 0.0615449 0.0668968 0.0740508 0.0711084 0.0738412 0.0742843 0.0740001 0.0677784 0.0710451 0.0715391 0.0998152 0.1381886 0.1302366 0.1338534 0.1262843 0.1384351 0.1374197 0.1328763 0.1324537 0.1332034 0.1348586 0.1278524 0.1211974 0.1839315 
HQ015413.1_Thalia_democratica            0.1382624 0.1970075 0.1505198 0.0055652 0.1986220 0.1327857 0.1356593 0.0749612 0.1203745 0.0569588 0.0710844 0.1202583 0.2926987 0.3095033 0.4715895 0.3429955 0.3177179 0.2207711 0.1481954 0.1460905 0.1570735 0.1703937 0.1485460 0.1538578 0.1531802 0.0699703 0.0017531 0.0023397 0.0000000 0.0380819 0.0642255 0.0648862 0.0714758 0.0708137 0.0717552 0.0742494 0.0696886 0.0693386 0.0529393 0.0623029 0.0620548 0.0674079 0.0733650 0.0704001 0.0736788 0.0739595 0.0738401 0.0668171 0.0698933 0.0705890 0.0998495 0.1384215 0.1295685 0.1332099 0.1265420 0.1354685 0.1356340 0.1297547 0.1297547 0.1297547 0.1327567 0.1260710 0.1194248 0.1879650 
HQ015412.1_Thalia_orientalis             0.1558321 0.2084516 0.1623719 0.0449970 0.2101534 0.1455019 0.1521948 0.0776376 0.1202776 0.0627177 0.0780990 0.1139253 0.3063734 0.3116556 0.4836937 0.3202125 0.3245217 0.2219859 0.1494738 0.1472816 0.1656740 0.1895937 0.1725922 0.1681751 0.1563235 0.0774856 0.0425084 0.0370982 0.0380819 0.0000000 0.0717894 0.0735396 0.0768420 0.0763403 0.0759876 0.0829482 0.0828750 0.0826120 0.0582604 0.0730330 0.0716564 0.0781927 0.0776523 0.0725229 0.0774286 0.0779010 0.0764558 0.0775123 0.0759334 0.0746419 0.1002670 0.1339762 0.1237868 0.1248512 0.1217606 0.1560857 0.1589538 0.1496629 0.1472865 0.1500460 0.1516966 0.1417498 0.1267981 0.2010191 
HQ015411.1_Ritteriella_retracta          0.1130918 0.1875889 0.1286318 0.0740549 0.1890719 0.1089774 0.1134778 0.0305378 0.1142409 0.0299180 0.0262231 0.1091869 0.2812123 0.2845538 0.4711896 0.3006120 0.3169561 0.1940361 0.1351089 0.1298722 0.1353489 0.1434420 0.1288227 0.1338131 0.1250519 0.0258596 0.0701988 0.0651961 0.0642255 0.0717894 0.0000000 0.0005810 0.0268074 0.0266523 0.0268654 0.0315921 0.0261939 0.0261195 0.0279334 0.0347395 0.0340403 0.0349322 0.0306436 0.0289915 0.0305658 0.0307328 0.0305060 0.0266190 0.0310378 0.0323963 0.0817509 0.1350257 0.1063401 0.1071741 0.1073777 0.1163968 0.1186170 0.1103184 0.1086983 0.1105821 0.1127050 0.1041770 0.1211519 0.1856174 
HQ015410.1_Ritteriella_retracta          0.1139235 0.1897530 0.1296245 0.0732273 0.1912769 0.1079527 0.1135525 0.0309359 0.1149445 0.0291826 0.0258794 0.1081202 0.2905181 0.2887958 0.4843055 0.3076872 0.3181161 0.1972274 0.1321952 0.1301848 0.1390476 0.1474345 0.1270854 0.1331053 0.1259555 0.0264163 0.0681844 0.0651071 0.0648862 0.0735396 0.0005810 0.0000000 0.0261360 0.0259849 0.0265285 0.0309082 0.0256424 0.0255286 0.0280175 0.0340537 0.0337817 0.0342423 0.0306603 0.0290079 0.0305825 0.0307496 0.0301775 0.0268663 0.0318209 0.0329476 0.0809193 0.1362061 0.1081130 0.1077641 0.1064623 0.1154055 0.1176406 0.1115980 0.1107333 0.1118676 0.1117548 0.1040007 0.1195027 0.1844360 
HQ015409.1_Salpa_fusiformis              0.1210043 0.1903474 0.1245976 0.0797135 0.1903689 0.1121331 0.1197779 0.0348550 0.1052739 0.0331180 0.0083884 0.1117566 0.2752911 0.2942072 0.4857369 0.3110762 0.3376914 0.2024840 0.1337378 0.1346680 0.1399166 0.1528496 0.1231366 0.1376507 0.1296647 0.0083884 0.0716547 0.0716547 0.0714758 0.0768420 0.0268074 0.0261360 0.0000000 0.0000010 0.0005883 0.0090900 0.0329839 0.0328751 0.0304678 0.0372155 0.0371946 0.0403226 0.0345639 0.0312936 0.0343157 0.0345059 0.0342966 0.0328456 0.0366824 0.0379669 0.0837978 0.1349174 0.1059130 0.1059399 0.1033642 0.1202013 0.1195588 0.1173789 0.1170063 0.1176678 0.1173789 0.1144491 0.1054379 0.1851566 
HQ015408.1_Salpa_maxima                  0.1205128 0.1882094 0.1253347 0.0797135 0.1897277 0.1121331 0.1201625 0.0349465 0.1053485 0.0330452 0.0083825 0.1121100 0.2748921 0.2956112 0.4795072 0.3067164 0.3340850 0.2024960 0.1341818 0.1351122 0.1388878 0.1516911 0.1231366 0.1381067 0.1287202 0.0083426 0.0711956 0.0711956 0.0708137 0.0763403 0.0266523 0.0259849 0.0000010 0.0000000 0.0005851 0.0090181 0.0330691 0.0329173 0.0302058 0.0371398 0.0370023 0.0402168 0.0344044 0.0312936 0.0344044 0.0345252 0.0340958 0.0326541 0.0363709 0.0377423 0.0832445 0.1340500 0.1051804 0.1052071 0.1030489 0.1202013 0.1199474 0.1161684 0.1161684 0.1164516 0.1174645 0.1148115 0.1046967 0.1851566 
HQ015407.1_Salpa_maxima                  0.1265198 0.1842431 0.1236946 0.0807302 0.1874710 0.1134285 0.1193360 0.0362587 0.1040645 0.0338571 0.0094228 0.1127522 0.2664380 0.2917136 0.4783333 0.3030086 0.3315999 0.2004057 0.1362869 0.1339470 0.1354384 0.1488774 0.1231366 0.1379815 0.1271258 0.0092838 0.0779174 0.0719309 0.0717552 0.0759876 0.0268654 0.0265285 0.0005883 0.0005851 0.0000000 0.0096464 0.0334275 0.0333303 0.0309558 0.0378269 0.0379161 0.0408915 0.0351578 0.0320572 0.0350669 0.0352618 0.0337441 0.0333071 0.0371304 0.0377620 0.0840066 0.1298739 0.1043665 0.1040947 0.1036818 0.1214762 0.1247250 0.1173726 0.1156066 0.1176594 0.1185988 0.1142639 0.1108880 0.1867770 
HQ015405.1_Salpa_aspera                  0.1211941 0.1991838 0.1293874 0.0836408 0.2008196 0.1122343 0.1208448 0.0403371 0.1142971 0.0375603 0.0115287 0.1171300 0.2774018 0.3089978 0.4947363 0.3218737 0.3413802 0.1999901 0.1357124 0.1346367 0.1415320 0.1489142 0.1170521 0.1373749 0.1301698 0.0114730 0.0749364 0.0749364 0.0742494 0.0829482 0.0315921 0.0309082 0.0090900 0.0090181 0.0096464 0.0000000 0.0347536 0.0345924 0.0344026 0.0415130 0.0413575 0.0446419 0.0395437 0.0365203 0.0396999 0.0398415 0.0393373 0.0349938 0.0387560 0.0401473 0.0894476 0.1345560 0.1105869 0.1106141 0.1084223 0.1203043 0.1206370 0.1168170 0.1168170 0.1168170 0.1181270 0.1163923 0.1135765 0.1954040 
HQ015404.1_Brooksia_rostrata             0.1268349 0.1974151 0.1362135 0.0783461 0.1974370 0.1199595 0.1256857 0.0385142 0.1154599 0.0345166 0.0319271 0.1100607 0.2902438 0.2980854 0.4853821 0.3310673 0.3372835 0.2077432 0.1413166 0.1341489 0.1518479 0.1510248 0.1391898 0.1447506 0.1382544 0.0319271 0.0762415 0.0698800 0.0696886 0.0828750 0.0261939 0.0256424 0.0329839 0.0330691 0.0334275 0.0347536 0.0000000 0.0000010 0.0325072 0.0391876 0.0388111 0.0438013 0.0386731 0.0354623 0.0383729 0.0384791 0.0380269 0.0367869 0.0406614 0.0415624 0.0884335 0.1384637 0.1165153 0.1174467 0.1180014 0.1271821 0.1303540 0.1245902 0.1227722 0.1248995 0.1244984 0.1132477 0.1225440 0.1940920 
HQ015403.1_Brooksia_rostrata             0.1263974 0.1966804 0.1357404 0.0783461 0.1970471 0.1199595 0.1254525 0.0385793 0.1150680 0.0343447 0.0318347 0.1100607 0.2905394 0.2968510 0.4830446 0.3296551 0.3358344 0.2069569 0.1416405 0.1344513 0.1513142 0.1504875 0.1391898 0.1447506 0.1377730 0.0318347 0.0760029 0.0695316 0.0693386 0.0826120 0.0261195 0.0255286 0.0328751 0.0329173 0.0333303 0.0345924 0.0000010 0.0000000 0.0323545 0.0390068 0.0386981 0.0435962 0.0384941 0.0354623 0.0382672 0.0384791 0.0379166 0.0366191 0.0404732 0.0414412 0.0879731 0.1379854 0.1161286 0.1170567 0.1173557 0.1271821 0.1303540 0.1238852 0.1223524 0.1241911 0.1240835 0.1134905 0.1218567 0.1940920 
HQ015402.1_Iasis_cylindrica              0.0998146 0.1614671 0.1169898 0.0629724 0.1627531 0.1050323 0.0993826 0.0344931 0.1005491 0.0012808 0.0295604 0.0893871 0.2594261 0.2754623 0.4570495 0.2622056 0.2896238 0.1781168 0.1185959 0.1116974 0.1204990 0.1345124 0.1285500 0.1174821 0.1116000 0.0293245 0.0528662 0.0536147 0.0529393 0.0582604 0.0279334 0.0280175 0.0304678 0.0302058 0.0309558 0.0344026 0.0325072 0.0323545 0.0000000 0.0000010 0.0000010 0.0048918 0.0337653 0.0343805 0.0339444 0.0340666 0.0343698 0.0299600 0.0315724 0.0329531 0.0640651 0.1219580 0.0856584 0.0865352 0.0826481 0.0992405 0.0989206 0.0955165 0.0955165 0.0955165 0.0968896 0.0952937 0.0997641 0.1664724 
HQ015401.1_Iasis_cylindrica              0.1070239 0.1855446 0.1227236 0.0721586 0.1865541 0.1050323 0.1063864 0.0392150 0.1167130 0.0012808 0.0369859 0.1069128 0.2790573 0.2921803 0.4812526 0.2960234 0.3284705 0.1902096 0.1295719 0.1224175 0.1334783 0.1386165 0.1285500 0.1267174 0.1242938 0.0369588 0.0618265 0.0618265 0.0623029 0.0730330 0.0347395 0.0340537 0.0372155 0.0371398 0.0378269 0.0415130 0.0391876 0.0390068 0.0000010 0.0000000 0.0000010 0.0053555 0.0387031 0.0371297 0.0386024 0.0387960 0.0384239 0.0347671 0.0371684 0.0384683 0.0774982 0.1370417 0.0977210 0.0986140 0.0940466 0.1073460 0.1060156 0.1035632 0.1033168 0.1038107 0.1040594 0.1006421 0.1166134 0.1774857 
HQ015400.1_Iasis_cylindrica              0.1089517 0.1802219 0.1199507 0.0721586 0.1833505 0.1050323 0.1048838 0.0397689 0.1142856 0.0012808 0.0369243 0.1066546 0.2691874 0.2856772 0.4762424 0.2882368 0.3220959 0.1863804 0.1307419 0.1205374 0.1287157 0.1357565 0.1285500 0.1257319 0.1213607 0.0370745 0.0673365 0.0615449 0.0620548 0.0716564 0.0340403 0.0337817 0.0371946 0.0370023 0.0379161 0.0413575 0.0388111 0.0386981 0.0000010 0.0000010 0.0000000 0.0053475 0.0386813 0.0371297 0.0385806 0.0387960 0.0371422 0.0346209 0.0370307 0.0376624 0.0771264 0.1322972 0.0957680 0.0963696 0.0937022 0.1073460 0.1096773 0.1031004 0.1015963 0.1033457 0.1040594 0.0993983 0.1214908 0.1774857 
HQ015399.1_Iasis_cylindrica              0.1056817 0.1825189 0.1241626 0.0777617 0.1838038 0.1034659 0.1051934 0.0400184 0.1145484 0.0065091 0.0400709 0.1048058 0.2795915 0.2899434 0.4898690 0.2988241 0.3273524 0.1918301 0.1264633 0.1220772 0.1364383 0.1421776 0.1302436 0.1303432 0.1271907 0.0399959 0.0668968 0.0668968 0.0674079 0.0781927 0.0349322 0.0342423 0.0403226 0.0402168 0.0408915 0.0446419 0.0438013 0.0435962 0.0048918 0.0053555 0.0053475 0.0000000 0.0394651 0.0379319 0.0393912 0.0396119 0.0391644 0.0363095 0.0373827 0.0386682 0.0785888 0.1377051 0.0976681 0.0985605 0.0939964 0.1060963 0.1048100 0.1023216 0.1020080 0.1024791 0.1029545 0.1026173 0.1142872 0.1733961 
HQ015398.1_Cyclosalpa_sewelli            0.1176249 0.1798277 0.1196430 0.0831564 0.1809563 0.1100969 0.1161415 0.0000010 0.1144518 0.0367247 0.0372926 0.1112368 0.2871315 0.2912810 0.4752738 0.3012649 0.3268089 0.1970400 0.1261804 0.1270110 0.1311287 0.1426975 0.1280859 0.1308557 0.1209146 0.0372441 0.0740508 0.0740508 0.0733650 0.0776523 0.0306436 0.0306603 0.0345639 0.0344044 0.0351578 0.0395437 0.0386731 0.0384941 0.0337653 0.0387031 0.0386813 0.0394651 0.0000000 0.0000010 0.0000010 0.0000010 0.0000010 0.0090427 0.0096484 0.0096484 0.0751218 0.1238321 0.0985587 0.0972774 0.0997584 0.1163830 0.1158802 0.1127925 0.1127925 0.1127925 0.1135045 0.1032058 0.1142714 0.1724816 
HQ015397.1_Cyclosalpa_quadriluminis      0.1143787 0.1715659 0.1186841 0.0787140 0.1714245 0.1068338 0.1120945 0.0000010 0.1046036 0.0373086 0.0334496 0.1024823 0.2819851 0.2887490 0.4778115 0.2950413 0.3149100 0.1964877 0.1211740 0.1197833 0.1284332 0.1440619 0.1280859 0.1253218 0.1182767 0.0334496 0.0711084 0.0711084 0.0704001 0.0725229 0.0289915 0.0290079 0.0312936 0.0312936 0.0320572 0.0365203 0.0354623 0.0354623 0.0343805 0.0371297 0.0371297 0.0379319 0.0000010 0.0000000 0.0000010 0.0000010 0.0000010 0.0093595 0.0093530 0.0093530 0.0702234 0.1197441 0.0945170 0.0932253 0.0957301 0.1104192 0.1100604 0.1094459 0.1094459 0.1094459 0.1094459 0.1027493 0.1047709 0.1724816 
HQ015396.1_Cyclosalpa_polae              0.1172527 0.1804761 0.1192460 0.0827867 0.1804967 0.1100969 0.1151267 0.0000010 0.1137335 0.0368283 0.0371474 0.1101909 0.2839251 0.2895537 0.4795057 0.3033412 0.3291456 0.1960491 0.1262042 0.1257754 0.1318009 0.1435535 0.1280859 0.1308487 0.1217473 0.0371474 0.0738412 0.0738412 0.0736788 0.0774286 0.0305658 0.0305825 0.0343157 0.0344044 0.0350669 0.0396999 0.0383729 0.0382672 0.0339444 0.0386024 0.0385806 0.0393912 0.0000010 0.0000010 0.0000000 0.0000010 0.0000010 0.0090210 0.0096484 0.0096252 0.0749061 0.1234396 0.0982601 0.0969841 0.0994551 0.1163830 0.1147718 0.1127925 0.1124398 0.1130662 0.1127118 0.1022474 0.1139123 0.1724816 
HQ015395.1_Cyclosalpa_sewelli            0.1180310 0.1804947 0.1200426 0.0827867 0.1805154 0.1100969 0.1158887 0.0000010 0.1144828 0.0369691 0.0373544 0.1104582 0.2847386 0.2888940 0.4770047 0.3042762 0.3319332 0.1975038 0.1265233 0.1260904 0.1326936 0.1445433 0.1280859 0.1311775 0.1225655 0.0373544 0.0742843 0.0742843 0.0739595 0.0779010 0.0307328 0.0307496 0.0345059 0.0345252 0.0352618 0.0398415 0.0384791 0.0384791 0.0340666 0.0387960 0.0387960 0.0396119 0.0000010 0.0000010 0.0000010 0.0000000 0.0000010 0.0090681 0.0096804 0.0096755 0.0753620 0.1242595 0.0988872 0.0976003 0.1000919 0.1163830 0.1150548 0.1132596 0.1131782 0.1135354 0.1131782 0.1024926 0.1146638 0.1724816 
HQ015394.1_Cyclosalpa_polae              0.1185434 0.1732121 0.1171805 0.0827867 0.1762039 0.1100969 0.1134804 0.0011697 0.1111133 0.0367247 0.0369617 0.1100034 0.2728711 0.2849204 0.4712469 0.2950024 0.3207656 0.1937972 0.1275066 0.1239229 0.1274672 0.1388723 0.1280859 0.1299219 0.1192950 0.0364469 0.0799840 0.0740001 0.0738401 0.0764558 0.0305060 0.0301775 0.0342966 0.0340958 0.0337441 0.0393373 0.0380269 0.0379166 0.0343698 0.0384239 0.0371422 0.0391644 0.0000010 0.0000010 0.0000010 0.0000010 0.0000000 0.0095620 0.0101870 0.0100068 0.0741606 0.1178235 0.0967546 0.0952476 0.0986232 0.1163830 0.1185914 0.1126427 0.1109765 0.1129137 0.1127118 0.1010533 0.1192104 0.1724816 
HQ015393.1_Cyclosalpa_floridana          0.1080424 0.1783617 0.1167268 0.0768815 0.1797785 0.1024757 0.1067481 0.0091530 0.1139213 0.0328550 0.0313577 0.1120255 0.2768850 0.2850477 0.4540933 0.2901950 0.3215806 0.1893484 0.1203724 0.1190553 0.1257485 0.1368704 0.1193950 0.1245340 0.1174098 0.0308908 0.0670233 0.0677784 0.0668171 0.0775123 0.0266190 0.0268663 0.0328456 0.0326541 0.0333071 0.0349938 0.0367869 0.0366191 0.0299600 0.0347671 0.0346209 0.0363095 0.0090427 0.0093595 0.0090210 0.0090681 0.0095620 0.0000000 0.0101902 0.0119833 0.0698581 0.1232747 0.0930038 0.0932495 0.0950149 0.1077949 0.1063828 0.1023268 0.1020176 0.1025671 0.1044996 0.0960621 0.1130384 0.1719077 
HQ015392.1_Cyclosalpa_affinis            0.1079770 0.1828469 0.1244172 0.0796932 0.1843142 0.1021304 0.1066747 0.0097900 0.1145212 0.0346164 0.0365177 0.1142007 0.2782717 0.2974908 0.4565428 0.3008831 0.3210565 0.1972893 0.1245000 0.1223738 0.1281061 0.1383525 0.1284045 0.1259908 0.1153411 0.0362291 0.0702746 0.0710451 0.0698933 0.0759334 0.0310378 0.0318209 0.0366824 0.0363709 0.0371304 0.0387560 0.0406614 0.0404732 0.0315724 0.0371684 0.0370307 0.0373827 0.0096484 0.0093530 0.0096484 0.0096804 0.0101870 0.0101902 0.0000000 0.0011652 0.0737403 0.1262479 0.0956233 0.0943741 0.0957393 0.1073788 0.1063063 0.1027128 0.1027128 0.1029565 0.1041625 0.0986744 0.1136245 0.1760014 
HQ015391.1_Cyclosalpa_affinis            0.1072063 0.1781832 0.1197180 0.0796932 0.1795786 0.1040849 0.1067022 0.0096133 0.1118678 0.0361047 0.0371609 0.1145716 0.2695028 0.2915084 0.4579864 0.2960821 0.3166012 0.1933994 0.1244522 0.1192444 0.1248408 0.1347569 0.1250093 0.1237442 0.1124456 0.0375066 0.0766581 0.0715391 0.0705890 0.0746419 0.0323963 0.0329476 0.0379669 0.0377423 0.0377620 0.0401473 0.0415624 0.0414412 0.0329531 0.0384683 0.0376624 0.0386682 0.0096484 0.0093530 0.0096252 0.0096755 0.0100068 0.0119833 0.0011652 0.0000000 0.0727385 0.1222932 0.0954819 0.0941015 0.0961563 0.1092562 0.1115616 0.1052430 0.1037106 0.1054928 0.1058896 0.0963568 0.1187369 0.1748570 
HQ015390.1_Thetys_vagina                 0.1034510 0.1746921 0.1124442 0.1109521 0.1760711 0.0834780 0.0998379 0.0762190 0.1177309 0.0663586 0.0863481 0.1048516 0.2198542 0.2528520 0.4401403 0.2626033 0.2893560 0.1660806 0.1000885 0.0949101 0.1079467 0.1206053 0.0974678 0.1006685 0.0997595 0.0858449 0.0998152 0.0998152 0.0998495 0.1002670 0.0817509 0.0809193 0.0837978 0.0832445 0.0840066 0.0894476 0.0884335 0.0879731 0.0640651 0.0774982 0.0771264 0.0785888 0.0751218 0.0702234 0.0749061 0.0753620 0.0741606 0.0698581 0.0737403 0.0727385 0.0000000 0.0636478 0.0883344 0.0879757 0.0911299 0.0986322 0.0994000 0.0967081 0.0964178 0.0969338 0.0976704 0.0779811 0.1169953 0.1648134 
HQ015389.1_Soestia_zonaria               0.1431093 0.2007325 0.1318537 0.1525436 0.2043185 0.1214992 0.1350244 0.1245134 0.1543399 0.1290876 0.1337225 0.1518885 0.2483627 0.2885864 0.5004013 0.3242800 0.3069763 0.2047993 0.1208738 0.1178314 0.1359226 0.1467264 0.1327878 0.1348776 0.1303000 0.1303126 0.1452231 0.1381886 0.1384215 0.1339762 0.1350257 0.1362061 0.1349174 0.1340500 0.1298739 0.1345560 0.1384637 0.1379854 0.1219580 0.1370417 0.1322972 0.1377051 0.1238321 0.1197441 0.1234396 0.1242595 0.1178235 0.1232747 0.1262479 0.1222932 0.0636478 0.0000000 0.1331240 0.1313447 0.1309539 0.1367795 0.1409411 0.1331244 0.1311028 0.1334513 0.1344078 0.1104287 0.1628201 0.1982552 
HQ015388.1_Pegea_bicaudata               0.1383976 0.2012033 0.1418729 0.1428835 0.2028225 0.1202066 0.1337897 0.0985328 0.1464271 0.0915833 0.1079879 0.1410440 0.2833182 0.3052806 0.5182238 0.3102054 0.3523533 0.2071264 0.1324802 0.1317354 0.1373570 0.1599291 0.1511621 0.1463473 0.1316167 0.1067664 0.1362771 0.1302366 0.1295685 0.1237868 0.1063401 0.1081130 0.1059130 0.1051804 0.1043665 0.1105869 0.1165153 0.1161286 0.0856584 0.0977210 0.0957680 0.0976681 0.0985587 0.0945170 0.0982601 0.0988872 0.0967546 0.0930038 0.0956233 0.0954819 0.0883344 0.1331240 0.0000000 0.0034582 0.0089786 0.1366606 0.1397347 0.1310089 0.1290091 0.1313325 0.1331559 0.1101075 0.1535742 0.2017364 
HQ015387.1_Pegea_confoederata            0.1425513 0.2035484 0.1450582 0.1451089 0.2051877 0.1249563 0.1383458 0.0969730 0.1427733 0.0925346 0.1077025 0.1405515 0.2896160 0.3053691 0.5237430 0.3173601 0.3521933 0.2138678 0.1372487 0.1362750 0.1430652 0.1632292 0.1527647 0.1484017 0.1397834 0.1079702 0.1398006 0.1338534 0.1332099 0.1248512 0.1071741 0.1077641 0.1059399 0.1052071 0.1040947 0.1106141 0.1174467 0.1170567 0.0865352 0.0986140 0.0963696 0.0985605 0.0972774 0.0932253 0.0969841 0.0976003 0.0952476 0.0932495 0.0943741 0.0941015 0.0879757 0.1313447 0.0034582 0.0000000 0.0102339 0.1414566 0.1444764 0.1370917 0.1349863 0.1374318 0.1377453 0.1142679 0.1502905 0.2049571 
HQ015386.1_Pegea_confoederata            0.1391095 0.2046830 0.1437565 0.1382873 0.2061588 0.1187382 0.1340105 0.1011317 0.1542533 0.0876826 0.1069326 0.1435567 0.2797689 0.3141858 0.5376952 0.3242849 0.3532099 0.2096662 0.1344724 0.1357812 0.1390916 0.1626222 0.1504705 0.1464802 0.1332058 0.1066943 0.1260678 0.1262843 0.1265420 0.1217606 0.1073777 0.1064623 0.1033642 0.1030489 0.1036818 0.1084223 0.1180014 0.1173557 0.0826481 0.0940466 0.0937022 0.0939964 0.0997584 0.0957301 0.0994551 0.1000919 0.0986232 0.0950149 0.0957393 0.0961563 0.0911299 0.1309539 0.0089786 0.0102339 0.0000000 0.1351488 0.1339649 0.1308665 0.1302210 0.1311915 0.1317141 0.1142453 0.1538789 0.2017562 
HQ015385.1_Pyrosoma_atlanticum           0.0042805 0.1612996 0.0729474 0.1421714 0.1611697 0.0000010 0.0018127 0.1164697 0.1529967 0.1055851 0.1176910 0.1570391 0.2337012 0.2376923 0.4371210 0.2746648 0.3014343 0.1477886 0.0700712 0.0635016 0.0675644 0.0963272 0.0565958 0.0614004 0.0670488 0.1176910 0.1384351 0.1384351 0.1354685 0.1560857 0.1163968 0.1154055 0.1202013 0.1202013 0.1214762 0.1203043 0.1271821 0.1271821 0.0992405 0.1073460 0.1073460 0.1060963 0.1163830 0.1104192 0.1163830 0.1163830 0.1163830 0.1077949 0.1073788 0.1092562 0.0986322 0.1367795 0.1366606 0.1414566 0.1351488 0.0000000 0.0000010 0.0000010 0.0012036 0.0012036 0.0012036 0.0291291 0.1532620 0.1473226 
HQ015384.1_Pyrosoma_godeauxi             0.0066472 0.1663634 0.0784159 0.1422613 0.1662312 0.0000010 0.0041812 0.1186783 0.1587234 0.1052214 0.1231656 0.1569554 0.2389498 0.2452169 0.4513249 0.2806583 0.3082497 0.1507154 0.0745518 0.0670754 0.0718576 0.1008687 0.0565958 0.0667942 0.0706509 0.1231656 0.1367577 0.1374197 0.1356340 0.1589538 0.1186170 0.1176406 0.1195588 0.1199474 0.1247250 0.1206370 0.1303540 0.1303540 0.0989206 0.1060156 0.1096773 0.1048100 0.1158802 0.1100604 0.1147718 0.1150548 0.1185914 0.1063828 0.1063063 0.1115616 0.0994000 0.1409411 0.1397347 0.1444764 0.1339649 0.0000010 0.0000000 0.0000010 0.0035693 0.0011894 0.0011866 0.0320480 0.1539589 0.1468205 
HQ015383.1_Pyrosomella_verticillata      0.0041315 0.1565922 0.0743532 0.1422613 0.1577983 0.0025499 0.0023538 0.1149550 0.1511122 0.1027269 0.1166307 0.1571318 0.2279607 0.2359794 0.4239523 0.2641731 0.2934285 0.1440734 0.0714546 0.0655471 0.0671645 0.0938591 0.0565958 0.0630684 0.0669578 0.1146028 0.1319168 0.1328763 0.1297547 0.1496629 0.1103184 0.1115980 0.1173789 0.1161684 0.1173726 0.1168170 0.1245902 0.1238852 0.0955165 0.1035632 0.1031004 0.1023216 0.1127925 0.1094459 0.1127925 0.1132596 0.1126427 0.1023268 0.1027128 0.1052430 0.0967081 0.1331244 0.1310089 0.1370917 0.1308665 0.0000010 0.0000010 0.0000000 0.0011498 0.0011519 0.0011691 0.0290053 0.1498597 0.1468205 
