53
AB013011.1_Pyrosoma_atlanticum           0.0000000 0.1351246 0.0530811 0.0995183 0.1351246 0.0011512 0.0034799 0.0877856 0.1031853 0.0862134 0.0840736 0.1082292 0.1976679 0.1828588 0.4337453 0.2733905 0.2500235 0.0960673 0.0496173 0.0433880 0.0457587 0.0589778 0.0443023 0.0461308 0.0475070 0.0840736 0.1039889 0.1039889 0.1021864 0.1218008 0.0782960 0.0782960 0.0895806 0.0895806 0.0865368 0.0863806 0.0863806 0.0823175 0.0823175 0.0783402 0.0877856 0.0762177 0.0844325 0.0862035 0.0718715 0.1015780 0.1056934 0.1074507 0.1117211 0.0011512 0.0034799 0.0147624 0.1034926 
AB013012.1_Doliolum_nationalis           0.1351246 0.0000000 0.1281507 0.1675618 0.0000010 0.1322889 0.1325411 0.1512689 0.1754053 0.1499004 0.1533201 0.1845094 0.2181763 0.2826855 0.4473583 0.2976893 0.3156793 0.1718256 0.1383752 0.1281881 0.1265787 0.1253633 0.1307184 0.1327652 0.1268331 0.1533201 0.1620874 0.1620874 0.1652072 0.1740239 0.1536327 0.1536327 0.1524905 0.1524905 0.1689153 0.1547339 0.1547339 0.1449618 0.1449618 0.1479929 0.1512689 0.1463062 0.1595077 0.1572173 0.1333605 0.1645445 0.1811121 0.1833195 0.1795667 0.1322889 0.1325411 0.1230755 0.1759871 
AB013017.1_Ciona_intestinalis            0.0530811 0.1281507 0.0000000 0.1094095 0.1281507 0.0512429 0.0544065 0.0898078 0.1130922 0.0943834 0.0940166 0.1284926 0.1674903 0.1893939 0.4655087 0.2495021 0.2367702 0.0826285 0.0436959 0.0355640 0.0330273 0.0468496 0.0282771 0.0355420 0.0345123 0.0940166 0.1140313 0.1140313 0.1121984 0.1272386 0.0916149 0.0916149 0.0915938 0.0915938 0.0965603 0.0964087 0.0964087 0.0903988 0.0903988 0.0927897 0.0898078 0.0859132 0.0944044 0.0926017 0.0742356 0.1095358 0.1163083 0.1181063 0.1205166 0.0512429 0.0544065 0.0565243 0.1134330 
D14366.1_Thalia_democratica              0.0995183 0.1675618 0.1094095 0.0000000 0.1675618 0.0970448 0.0972436 0.0464704 0.0657193 0.0386931 0.0415955 0.0765359 0.2135768 0.2315971 0.4717394 0.3158214 0.2310530 0.1261647 0.1010461 0.1022669 0.1050734 0.1124944 0.1074202 0.1045903 0.1052891 0.0415955 0.0023057 0.0023057 0.0011502 0.0280717 0.0460566 0.0460566 0.0433324 0.0433324 0.0480576 0.0431518 0.0431518 0.0356949 0.0356949 0.0387806 0.0464704 0.0458521 0.0428626 0.0414232 0.0692046 0.0937454 0.0840959 0.0839774 0.0861078 0.0970448 0.0972436 0.0809927 0.0659003 
FM244861.1_Doliolum_denticulatum         0.1351246 0.0000010 0.1281507 0.1675618 0.0000000 0.1322889 0.1325411 0.1512689 0.1754053 0.1499004 0.1533201 0.1845094 0.2181763 0.2826855 0.4473583 0.2976893 0.3156793 0.1718256 0.1383752 0.1281881 0.1265787 0.1253633 0.1307184 0.1327652 0.1268331 0.1533201 0.1620874 0.1620874 0.1652072 0.1740239 0.1536327 0.1536327 0.1524905 0.1524905 0.1689153 0.1547339 0.1547339 0.1449618 0.1449618 0.1479929 0.1512689 0.1463062 0.1595077 0.1572173 0.1333605 0.1645445 0.1811121 0.1833195 0.1795667 0.1322889 0.1325411 0.1230755 0.1759871 
FM244862.1_Pyrosoma_godeauxi             0.0011512 0.1322889 0.0512429 0.0970448 0.1322889 0.0000000 0.0023012 0.0854725 0.1006986 0.0839152 0.0818015 0.1056644 0.1942120 0.1795421 0.4285756 0.2692843 0.2460873 0.0936629 0.0478272 0.0416746 0.0440382 0.0570810 0.0425974 0.0443944 0.0457587 0.0818015 0.1014629 0.1014629 0.0996739 0.1190698 0.0760941 0.0760941 0.0872458 0.0872458 0.0842275 0.0840764 0.0840764 0.0800662 0.0800662 0.0761395 0.0854725 0.0740454 0.0821514 0.0839035 0.0697575 0.0991073 0.1031578 0.1048997 0.1091218 0.0000010 0.0023012 0.0134220 0.1009968 
FM244863.1_Pyrosomella_verticillata      0.0034799 0.1325411 0.0544065 0.0972436 0.1325411 0.0023012 0.0000000 0.0856480 0.1009016 0.0840880 0.0819701 0.1058778 0.1945256 0.1798452 0.4288847 0.2696203 0.2464227 0.0898672 0.0509318 0.0446899 0.0470488 0.0603060 0.0455912 0.0474302 0.0488054 0.0819701 0.1016698 0.1016698 0.0998782 0.1193063 0.0762513 0.0762513 0.0874247 0.0874247 0.0844014 0.0842498 0.0842498 0.0802314 0.0802314 0.0762968 0.0856480 0.0741982 0.0823210 0.0840764 0.0699012 0.0993077 0.1033669 0.1051113 0.1093406 0.0023012 0.0000010 0.0134467 0.1012007 
FM244864.1_Cyclosalpa_quadriluminis      0.0877856 0.1512689 0.0898078 0.0464704 0.1512689 0.0854725 0.0856480 0.0000000 0.0682674 0.0322123 0.0208592 0.0767671 0.2150828 0.2191327 0.4927403 0.2765262 0.2450850 0.1248628 0.0951015 0.0977175 0.0876596 0.1001362 0.0908655 0.0908441 0.0853165 0.0208592 0.0467820 0.0467820 0.0468197 0.0588397 0.0156998 0.0156998 0.0194518 0.0194518 0.0277603 0.0235672 0.0235672 0.0293691 0.0293691 0.0322837 0.0000010 0.0082207 0.0082389 0.0094389 0.0648352 0.0972155 0.0704391 0.0703436 0.0769623 0.0854725 0.0856480 0.0781087 0.0684547 
FM244865.1_Ihlea_racovitzai              0.1031853 0.1754053 0.1130922 0.0657193 0.1754053 0.1006986 0.1009016 0.0682674 0.0000000 0.0766653 0.0645974 0.0512317 0.2174116 0.2613811 0.5437990 0.3129650 0.2704086 0.1611476 0.1061560 0.1107127 0.1120521 0.1225755 0.1169433 0.1140155 0.1142276 0.0645974 0.0694734 0.0694734 0.0678615 0.0759235 0.0734975 0.0734975 0.0597099 0.0597099 0.0726057 0.0727980 0.0727980 0.0729752 0.0729752 0.0768403 0.0682674 0.0728502 0.0753352 0.0736739 0.0814431 0.1049001 0.1006734 0.0986910 0.1079028 0.1006986 0.1009016 0.0863030 0.0000010 
FM244866.1_Iasis_cylindrica              0.0862134 0.1499004 0.0943834 0.0386931 0.1499004 0.0839152 0.0840880 0.0322123 0.0766653 0.0000000 0.0265103 0.0752822 0.2156316 0.2141194 0.4976182 0.2717652 0.2432971 0.1236258 0.1012721 0.0979354 0.0987936 0.0963108 0.0947048 0.0946840 0.0944930 0.0265103 0.0371797 0.0371797 0.0372081 0.0522175 0.0252425 0.0252425 0.0307165 0.0307165 0.0378070 0.0282569 0.0282569 0.0023013 0.0023013 0.0046541 0.0322123 0.0277824 0.0309114 0.0322768 0.0667119 0.1161869 0.0816543 0.0815403 0.0839913 0.0839152 0.0840880 0.0766048 0.0768815 
FM244867.1_Salpa_thompsoni               0.0840736 0.1533201 0.0940166 0.0415955 0.1533201 0.0818015 0.0819701 0.0208592 0.0645974 0.0265103 0.0000000 0.0729757 0.2022640 0.2091241 0.4683449 0.2819239 0.2320268 0.1206039 0.0949227 0.0957165 0.0947188 0.0963071 0.0889343 0.0889127 0.0904860 0.0000010 0.0418723 0.0418723 0.0419051 0.0621769 0.0131313 0.0131313 0.0081743 0.0081743 0.0131571 0.0183004 0.0183004 0.0237711 0.0237711 0.0265686 0.0208592 0.0143688 0.0222888 0.0235837 0.0665898 0.1001260 0.0796341 0.0795237 0.0843897 0.0818015 0.0819701 0.0745852 0.0647729 
HQ015377.1_Salpidae_gen._nov._sp._nov._A 0.1082292 0.1845094 0.1284926 0.0765359 0.1845094 0.1056644 0.1058778 0.0767671 0.0512317 0.0752822 0.0729757 0.0000000 0.2320421 0.2412107 0.5183626 0.3332015 0.2988997 0.1587461 0.1241618 0.1208542 0.1279166 0.1385232 0.1346897 0.1273884 0.1296646 0.0729757 0.0787570 0.0787570 0.0788345 0.0905820 0.0764820 0.0764820 0.0750874 0.0750874 0.0813477 0.0754495 0.0754495 0.0716538 0.0716538 0.0721329 0.0767671 0.0764627 0.0807010 0.0824054 0.0790299 0.1217111 0.1032809 0.1031289 0.1101996 0.1056644 0.1058778 0.0925634 0.0513666 
L12426.2_Molgula_manhattensis            0.1976679 0.2181763 0.1674903 0.2135768 0.2181763 0.1942120 0.1945256 0.2150828 0.2174116 0.2156316 0.2022640 0.2320421 0.0000000 0.2824441 0.5783768 0.3091867 0.3072522 0.1481963 0.1643665 0.1692741 0.1632823 0.1659979 0.1599889 0.1605925 0.1658981 0.2022640 0.2199713 0.2199713 0.2177642 0.2294816 0.2188236 0.2188236 0.2125636 0.2125636 0.2048325 0.2201181 0.2201181 0.2095688 0.2095688 0.2132582 0.2150828 0.2197365 0.2194112 0.2166404 0.1778446 0.2133174 0.2428025 0.2453636 0.2334276 0.1942120 0.1945256 0.1737033 0.2181612 
M91181.1_Echinorhinus_cookei             0.1828588 0.2826855 0.1893939 0.2315971 0.2826855 0.1795421 0.1798452 0.2191327 0.2613811 0.2141194 0.2091241 0.2412107 0.2824441 0.0000000 0.3595141 0.2324007 0.3405410 0.1940874 0.1693413 0.1724709 0.1861751 0.2011546 0.1772618 0.1741599 0.1865182 0.2091241 0.2312164 0.2312164 0.2289714 0.2299607 0.1949548 0.1949548 0.2181272 0.2181272 0.2309672 0.2190242 0.2190242 0.2080882 0.2080882 0.2018777 0.2191327 0.2064076 0.2255583 0.2227442 0.1861762 0.2304288 0.2455095 0.2480800 0.2446481 0.1795421 0.1798452 0.1764116 0.2623268 
M97574.1_Myxine_glutinosa                0.4337453 0.4473583 0.4655087 0.4717394 0.4473583 0.4285756 0.4288847 0.4927403 0.5437990 0.4976182 0.4683449 0.5183626 0.5783768 0.3595141 0.0000000 0.5058493 0.7286702 0.4590862 0.4364561 0.4368047 0.4542225 0.4345538 0.4249294 0.4415054 0.4639917 0.4683449 0.4773072 0.4773072 0.4744553 0.4841203 0.4673776 0.4673776 0.4734491 0.4734491 0.4935985 0.4719632 0.4719632 0.4875164 0.4875164 0.4838322 0.4927403 0.4627695 0.4716669 0.4763131 0.4491472 0.5015019 0.5567359 0.5607661 0.5550218 0.4285756 0.4288847 0.4306321 0.5408615 
M97571.1_Branchiostoma_floridae          0.2733905 0.2976893 0.2495021 0.3158214 0.2976893 0.2692843 0.2696203 0.2765262 0.3129650 0.2717652 0.2819239 0.3332015 0.3091867 0.2324007 0.5058493 0.0000000 0.3789061 0.2703576 0.2200207 0.2293769 0.2401772 0.2337094 0.2340311 0.2326584 0.2362460 0.2819239 0.3120503 0.3120503 0.3129391 0.2913959 0.2790453 0.2790453 0.2914215 0.2914215 0.3116205 0.3022307 0.3022307 0.2647997 0.2647997 0.2721700 0.2765262 0.2727076 0.2913139 0.2879665 0.2547084 0.3194449 0.3161870 0.3191818 0.3153597 0.2692843 0.2696203 0.2490305 0.3104549 
AB013014.1_Oikopleura_dioica             0.2500235 0.3156793 0.2367702 0.2310530 0.3156793 0.2460873 0.2464227 0.2450850 0.2704086 0.2432971 0.2320268 0.2988997 0.3072522 0.3405410 0.7286702 0.3789061 0.0000000 0.2414209 0.2187017 0.2300878 0.2355487 0.2410070 0.2229658 0.2373423 0.2269527 0.2320268 0.2273112 0.2273112 0.2311937 0.2598649 0.2406171 0.2406171 0.2416062 0.2416062 0.2483854 0.2498381 0.2498381 0.2367357 0.2367357 0.2406959 0.2450850 0.2386556 0.2519695 0.2489215 0.2281074 0.2492107 0.2683739 0.2647390 0.2642130 0.2460873 0.2464227 0.2198037 0.2713905 
AY903925.1_Halocynthia_igaboja           0.0960673 0.1718256 0.0826285 0.1261647 0.1718256 0.0936629 0.0898672 0.1248628 0.1611476 0.1236258 0.1206039 0.1587461 0.1481963 0.1940874 0.4590862 0.2703576 0.2414209 0.0000000 0.0816463 0.0842949 0.0832249 0.0898416 0.0811334 0.0776807 0.0872924 0.1206039 0.1310812 0.1310812 0.1291827 0.1392748 0.1198659 0.1198659 0.1249219 0.1249219 0.1160576 0.1198401 0.1198401 0.1191073 0.1191073 0.1218662 0.1248628 0.1173169 0.1292670 0.1271984 0.1134970 0.1451556 0.1496382 0.1494016 0.1505177 0.0936629 0.0898672 0.0936419 0.1616723 
FM244840.1_Clavelina_meridionalis        0.0496173 0.1383752 0.0436959 0.1010461 0.1383752 0.0478272 0.0509318 0.0951015 0.1061560 0.1012721 0.0949227 0.1241618 0.1643665 0.1693413 0.4364561 0.2200207 0.2187017 0.0816463 0.0000000 0.0133462 0.0354593 0.0443865 0.0343017 0.0281597 0.0355212 0.0949227 0.1055249 0.1055249 0.1037237 0.1143813 0.0871335 0.0871335 0.0987902 0.0987902 0.0971003 0.0973431 0.0973431 0.0971513 0.0971513 0.0977873 0.0951015 0.0849686 0.0930759 0.0912725 0.0729829 0.0943703 0.1189403 0.1167789 0.1167499 0.0478272 0.0509318 0.0472280 0.1064723 
FM244841.1_Pycnoclavella_aff._detorta    0.0433880 0.1281881 0.0355640 0.1022669 0.1281881 0.0416746 0.0446899 0.0977175 0.1107127 0.0979354 0.0957165 0.1208542 0.1692741 0.1724709 0.4368047 0.2293769 0.2300878 0.0842949 0.0133462 0.0000000 0.0294586 0.0350922 0.0267481 0.0237782 0.0295084 0.0957165 0.1067561 0.1067561 0.1049543 0.1136668 0.0915034 0.0915034 0.1014198 0.1014198 0.0978887 0.0981301 0.0981301 0.0938940 0.0938940 0.0945089 0.0977175 0.0857981 0.0924660 0.0906716 0.0703937 0.0929808 0.1133225 0.1151014 0.1150719 0.0416746 0.0446899 0.0411546 0.1110434 
AB075543.1_Megalodicopia_hians           0.0457587 0.1265787 0.0330273 0.1050734 0.1265787 0.0440382 0.0470488 0.0876596 0.1120521 0.0987936 0.0947188 0.1279166 0.1632823 0.1861751 0.4542225 0.2401772 0.2355487 0.0832249 0.0354593 0.0294586 0.0000000 0.0322118 0.0198918 0.0209930 0.0046610 0.0947188 0.1096135 0.1096135 0.1078001 0.1236073 0.0905074 0.0905074 0.0948877 0.0948877 0.0950592 0.0971298 0.0971298 0.0947283 0.0947283 0.0971763 0.0876596 0.0848006 0.0914650 0.0896696 0.0715739 0.0992435 0.1156852 0.1174767 0.1135310 0.0440382 0.0470488 0.0422560 0.1123884 
L12378.2_Ascidia_ceratodes               0.0589778 0.1253633 0.0468496 0.1124944 0.1253633 0.0570810 0.0603060 0.1001362 0.1225755 0.0963108 0.0963071 0.1385232 0.1659979 0.2011546 0.4345538 0.2337094 0.2410070 0.0898416 0.0443865 0.0350922 0.0322118 0.0000000 0.0312526 0.0292366 0.0322668 0.0963071 0.1171579 0.1171579 0.1153175 0.1325914 0.0938730 0.0938730 0.0983338 0.0983338 0.0886780 0.0987311 0.0987311 0.0922930 0.0922930 0.0947076 0.1001362 0.0934386 0.0966587 0.0948345 0.0889860 0.1077709 0.1331643 0.1350588 0.1298122 0.0570810 0.0603060 0.0529141 0.1229497 
AJ250778.1_Ciona_intestinalis            0.0443023 0.1307184 0.0282771 0.1074202 0.1307184 0.0425974 0.0455912 0.0908655 0.1169433 0.0947048 0.0889343 0.1346897 0.1599889 0.1772618 0.4249294 0.2340311 0.2229658 0.0811334 0.0343017 0.0267481 0.0198918 0.0312526 0.0000000 0.0185775 0.0199240 0.0889343 0.1120118 0.1120118 0.1101849 0.1251394 0.0865813 0.0865813 0.0926967 0.0926967 0.0853117 0.0948917 0.0948917 0.0907074 0.0907074 0.0931067 0.0908655 0.0826979 0.0892810 0.0875023 0.0757041 0.1015546 0.1177009 0.1195034 0.1199250 0.0425974 0.0455912 0.0426031 0.1172982 
AB104873.1_Perophora_sagamiensis         0.0461308 0.1327652 0.0355420 0.1045903 0.1327652 0.0443944 0.0474302 0.0908441 0.1140155 0.0946840 0.0889127 0.1273884 0.1605925 0.1741599 0.4415054 0.2326584 0.2373423 0.0776807 0.0281597 0.0237782 0.0209930 0.0292366 0.0185775 0.0000000 0.0210267 0.0889127 0.1091194 0.1091194 0.1073088 0.1220716 0.0830627 0.0830627 0.0944831 0.0944831 0.0888299 0.0948709 0.0948709 0.0906861 0.0906861 0.0930856 0.0908441 0.0826758 0.0892594 0.0874805 0.0687564 0.1015349 0.1157147 0.1175071 0.1155121 0.0443944 0.0474302 0.0409900 0.1143589 
AF165821.2_Chelyosoma_siboja             0.0475070 0.1268331 0.0345123 0.1052891 0.1268331 0.0457587 0.0488054 0.0853165 0.1142276 0.0944930 0.0904860 0.1296646 0.1658981 0.1865182 0.4639917 0.2362460 0.2269527 0.0872924 0.0355212 0.0295084 0.0046610 0.0322668 0.0199240 0.0210267 0.0000000 0.0904860 0.1078925 0.1078925 0.1080220 0.1228472 0.0863566 0.0863566 0.0924634 0.0924634 0.0908077 0.0928459 0.0928459 0.0905025 0.0905025 0.0928971 0.0853165 0.0807554 0.0872750 0.0855085 0.0711004 0.1013050 0.1130188 0.1147930 0.1108907 0.0457587 0.0488054 0.0423307 0.1145717 
HQ015406.1_Salpa_thompsoni               0.0840736 0.1533201 0.0940166 0.0415955 0.1533201 0.0818015 0.0819701 0.0208592 0.0645974 0.0265103 0.0000010 0.0729757 0.2022640 0.2091241 0.4683449 0.2819239 0.2320268 0.1206039 0.0949227 0.0957165 0.0947188 0.0963071 0.0889343 0.0889127 0.0904860 0.0000000 0.0418723 0.0418723 0.0419051 0.0621769 0.0131313 0.0131313 0.0081743 0.0081743 0.0131571 0.0183004 0.0183004 0.0237711 0.0237711 0.0265686 0.0208592 0.0143688 0.0222888 0.0235837 0.0665898 0.1001260 0.0796341 0.0795237 0.0843897 0.0818015 0.0819701 0.0745852 0.0647729 
HQ015415.1_Thalia_democratica            0.1039889 0.1620874 0.1140313 0.0023057 0.1620874 0.1014629 0.1016698 0.0467820 0.0694734 0.0371797 0.0418723 0.0787570 0.2199713 0.2312164 0.4773072 0.3120503 0.2273112 0.1310812 0.1055249 0.1067561 0.1096135 0.1171579 0.1120118 0.1091194 0.1078925 0.0418723 0.0000000 0.0000010 0.0011486 0.0266694 0.0463632 0.0463632 0.0436223 0.0436223 0.0483800 0.0434394 0.0434394 0.0342084 0.0342084 0.0372637 0.0467820 0.0461562 0.0431466 0.0416977 0.0713359 0.0980237 0.0864122 0.0862895 0.0884487 0.1014629 0.1016698 0.0850589 0.0696666 
HQ015414.1_Thalia_democratica            0.1039889 0.1620874 0.1140313 0.0023057 0.1620874 0.1014629 0.1016698 0.0467820 0.0694734 0.0371797 0.0418723 0.0787570 0.2199713 0.2312164 0.4773072 0.3120503 0.2273112 0.1310812 0.1055249 0.1067561 0.1096135 0.1171579 0.1120118 0.1091194 0.1078925 0.0418723 0.0000010 0.0000000 0.0011486 0.0266694 0.0463632 0.0463632 0.0436223 0.0436223 0.0483800 0.0434394 0.0434394 0.0342084 0.0342084 0.0372637 0.0467820 0.0461562 0.0431466 0.0416977 0.0713359 0.0980237 0.0864122 0.0862895 0.0884487 0.1014629 0.1016698 0.0850589 0.0696666 
HQ015413.1_Thalia_democratica            0.1021864 0.1652072 0.1121984 0.0011502 0.1652072 0.0996739 0.0998782 0.0468197 0.0678615 0.0372081 0.0419051 0.0788345 0.2177642 0.2289714 0.4744553 0.3129391 0.2311937 0.1291827 0.1037237 0.1049543 0.1078001 0.1153175 0.1101849 0.1073088 0.1080220 0.0419051 0.0011486 0.0011486 0.0000000 0.0266887 0.0464003 0.0464003 0.0436569 0.0436569 0.0484194 0.0434737 0.0434737 0.0342342 0.0342342 0.0372922 0.0468197 0.0461929 0.0431805 0.0417303 0.0714030 0.0962808 0.0865014 0.0863785 0.0885412 0.0996739 0.0998782 0.0833640 0.0680500 
HQ015412.1_Thalia_orientalis             0.1218008 0.1740239 0.1272386 0.0280717 0.1740239 0.1190698 0.1193063 0.0588397 0.0759235 0.0522175 0.0621769 0.0905820 0.2294816 0.2299607 0.4841203 0.2913959 0.2598649 0.1392748 0.1143813 0.1136668 0.1236073 0.1325914 0.1251394 0.1220716 0.1228472 0.0621769 0.0266694 0.0266694 0.0266887 0.0000000 0.0555019 0.0555019 0.0604418 0.0604418 0.0711604 0.0655473 0.0655473 0.0489400 0.0489400 0.0523378 0.0588397 0.0601510 0.0584287 0.0568662 0.0741853 0.1015626 0.0833237 0.0814868 0.0828691 0.1190698 0.1193063 0.1012505 0.0761361 
HQ015411.1_Ritteriella_retracta          0.0782960 0.1536327 0.0916149 0.0460566 0.1536327 0.0760941 0.0762513 0.0156998 0.0734975 0.0252425 0.0131313 0.0764820 0.2188236 0.1949548 0.4673776 0.2790453 0.2406171 0.1198659 0.0871335 0.0915034 0.0905074 0.0938730 0.0865813 0.0830627 0.0863566 0.0131313 0.0463632 0.0463632 0.0464003 0.0555019 0.0000000 0.0000010 0.0169397 0.0169397 0.0249174 0.0181866 0.0181866 0.0225149 0.0225149 0.0226586 0.0156998 0.0118439 0.0170609 0.0183237 0.0645683 0.1078556 0.0757365 0.0756326 0.0824584 0.0760941 0.0762513 0.0691266 0.0737013 
HQ015410.1_Ritteriella_retracta          0.0782960 0.1536327 0.0916149 0.0460566 0.1536327 0.0760941 0.0762513 0.0156998 0.0734975 0.0252425 0.0131313 0.0764820 0.2188236 0.1949548 0.4673776 0.2790453 0.2406171 0.1198659 0.0871335 0.0915034 0.0905074 0.0938730 0.0865813 0.0830627 0.0863566 0.0131313 0.0463632 0.0463632 0.0464003 0.0555019 0.0000010 0.0000000 0.0169397 0.0169397 0.0249174 0.0181866 0.0181866 0.0225149 0.0225149 0.0226586 0.0156998 0.0118439 0.0170609 0.0183237 0.0645683 0.1078556 0.0757365 0.0756326 0.0824584 0.0760941 0.0762513 0.0691266 0.0737013 
HQ015409.1_Salpa_fusiformis              0.0895806 0.1524905 0.0915938 0.0433324 0.1524905 0.0872458 0.0874247 0.0194518 0.0597099 0.0307165 0.0081743 0.0750874 0.2125636 0.2181272 0.4734491 0.2914215 0.2416062 0.1249219 0.0987902 0.1014198 0.0948877 0.0983338 0.0926967 0.0944831 0.0924634 0.0081743 0.0436223 0.0436223 0.0436569 0.0604418 0.0169397 0.0169397 0.0000000 0.0000010 0.0144103 0.0235558 0.0235558 0.0279044 0.0279044 0.0307843 0.0194518 0.0206338 0.0262343 0.0275496 0.0661460 0.1013271 0.0791081 0.0789990 0.0838323 0.0872458 0.0874247 0.0798064 0.0598706 
HQ015408.1_Salpa_maxima                  0.0895806 0.1524905 0.0915938 0.0433324 0.1524905 0.0872458 0.0874247 0.0194518 0.0597099 0.0307165 0.0081743 0.0750874 0.2125636 0.2181272 0.4734491 0.2914215 0.2416062 0.1249219 0.0987902 0.1014198 0.0948877 0.0983338 0.0926967 0.0944831 0.0924634 0.0081743 0.0436223 0.0436223 0.0436569 0.0604418 0.0169397 0.0169397 0.0000010 0.0000000 0.0144103 0.0235558 0.0235558 0.0279044 0.0279044 0.0307843 0.0194518 0.0206338 0.0262343 0.0275496 0.0661460 0.1013271 0.0791081 0.0789990 0.0838323 0.0872458 0.0874247 0.0798064 0.0598706 
HQ015405.1_Salpa_aspera                  0.0865368 0.1689153 0.0965603 0.0480576 0.1689153 0.0842275 0.0844014 0.0277603 0.0726057 0.0378070 0.0131571 0.0813477 0.2048325 0.2309672 0.4935985 0.3116205 0.2483854 0.1160576 0.0971003 0.0978887 0.0950592 0.0886780 0.0853117 0.0888299 0.0908077 0.0131571 0.0483800 0.0483800 0.0484194 0.0711604 0.0249174 0.0249174 0.0144103 0.0144103 0.0000000 0.0265566 0.0265566 0.0348833 0.0348833 0.0378907 0.0277603 0.0261165 0.0292911 0.0306382 0.0772668 0.1013681 0.0879871 0.0878622 0.0929893 0.0842275 0.0844014 0.0785808 0.0728080 
HQ015404.1_Brooksia_rostrata             0.0863806 0.1547339 0.0964087 0.0431518 0.1547339 0.0840764 0.0842498 0.0235672 0.0727980 0.0282569 0.0183004 0.0754495 0.2201181 0.2190242 0.4719632 0.3022307 0.2498381 0.1198401 0.0973431 0.0981301 0.0971298 0.0987311 0.0948917 0.0948709 0.0928459 0.0183004 0.0434394 0.0434394 0.0434737 0.0655473 0.0181866 0.0181866 0.0235558 0.0235558 0.0265566 0.0000000 0.0000010 0.0254564 0.0254564 0.0283199 0.0235672 0.0207235 0.0250355 0.0263504 0.0732961 0.1017774 0.0842294 0.0841121 0.0912373 0.0840764 0.0842498 0.0767465 0.0730013 
HQ015403.1_Brooksia_rostrata             0.0863806 0.1547339 0.0964087 0.0431518 0.1547339 0.0840764 0.0842498 0.0235672 0.0727980 0.0282569 0.0183004 0.0754495 0.2201181 0.2190242 0.4719632 0.3022307 0.2498381 0.1198401 0.0973431 0.0981301 0.0971298 0.0987311 0.0948917 0.0948709 0.0928459 0.0183004 0.0434394 0.0434394 0.0434737 0.0655473 0.0181866 0.0181866 0.0235558 0.0235558 0.0265566 0.0000010 0.0000000 0.0254564 0.0254564 0.0283199 0.0235672 0.0207235 0.0250355 0.0263504 0.0732961 0.1017774 0.0842294 0.0841121 0.0912373 0.0840764 0.0842498 0.0767465 0.0730013 
HQ015402.1_Iasis_cylindrica              0.0823175 0.1449618 0.0903988 0.0356949 0.1449618 0.0800662 0.0802314 0.0293691 0.0729752 0.0023013 0.0237711 0.0716538 0.2095688 0.2080882 0.4875164 0.2647997 0.2367357 0.1191073 0.0971513 0.0938940 0.0947283 0.0922930 0.0907074 0.0906861 0.0905025 0.0237711 0.0342084 0.0342084 0.0342342 0.0489400 0.0225149 0.0225149 0.0279044 0.0279044 0.0348833 0.0254564 0.0254564 0.0000000 0.0000010 0.0023059 0.0293691 0.0250316 0.0280804 0.0294275 0.0632132 0.1118359 0.0778926 0.0777848 0.0801830 0.0800662 0.0802314 0.0729224 0.0731794 
HQ015401.1_Iasis_cylindrica              0.0823175 0.1449618 0.0903988 0.0356949 0.1449618 0.0800662 0.0802314 0.0293691 0.0729752 0.0023013 0.0237711 0.0716538 0.2095688 0.2080882 0.4875164 0.2647997 0.2367357 0.1191073 0.0971513 0.0938940 0.0947283 0.0922930 0.0907074 0.0906861 0.0905025 0.0237711 0.0342084 0.0342084 0.0342342 0.0489400 0.0225149 0.0225149 0.0279044 0.0279044 0.0348833 0.0254564 0.0254564 0.0000010 0.0000000 0.0023059 0.0293691 0.0250316 0.0280804 0.0294275 0.0632132 0.1118359 0.0778926 0.0777848 0.0801830 0.0800662 0.0802314 0.0729224 0.0731794 
HQ015399.1_Iasis_cylindrica              0.0783402 0.1479929 0.0927897 0.0387806 0.1479929 0.0761395 0.0762968 0.0322837 0.0768403 0.0046541 0.0265686 0.0721329 0.2132582 0.2018777 0.4838322 0.2721700 0.2406959 0.1218662 0.0977873 0.0945089 0.0971763 0.0947076 0.0931067 0.0930856 0.0928971 0.0265686 0.0372637 0.0372637 0.0372922 0.0523378 0.0226586 0.0226586 0.0307843 0.0307843 0.0378907 0.0283199 0.0283199 0.0023059 0.0023059 0.0000000 0.0322837 0.0251910 0.0282621 0.0296180 0.0636400 0.1144835 0.0784142 0.0783051 0.0807196 0.0761395 0.0762968 0.0734142 0.0770574 
HQ015398.1_Cyclosalpa_sewelli            0.0877856 0.1512689 0.0898078 0.0464704 0.1512689 0.0854725 0.0856480 0.0000010 0.0682674 0.0322123 0.0208592 0.0767671 0.2150828 0.2191327 0.4927403 0.2765262 0.2450850 0.1248628 0.0951015 0.0977175 0.0876596 0.1001362 0.0908655 0.0908441 0.0853165 0.0208592 0.0467820 0.0467820 0.0468197 0.0588397 0.0156998 0.0156998 0.0194518 0.0194518 0.0277603 0.0235672 0.0235672 0.0293691 0.0293691 0.0322837 0.0000000 0.0082207 0.0082389 0.0094389 0.0648352 0.0972155 0.0704391 0.0703436 0.0769623 0.0854725 0.0856480 0.0781087 0.0684547 
HQ015393.1_Cyclosalpa_floridana          0.0762177 0.1463062 0.0859132 0.0458521 0.1463062 0.0740454 0.0741982 0.0082207 0.0728502 0.0277824 0.0143688 0.0764627 0.2197365 0.2064076 0.4627695 0.2727076 0.2386556 0.1173169 0.0849686 0.0857981 0.0848006 0.0934386 0.0826979 0.0826758 0.0807554 0.0143688 0.0461562 0.0461562 0.0461929 0.0601510 0.0118439 0.0118439 0.0206338 0.0206338 0.0261165 0.0207235 0.0207235 0.0250316 0.0250316 0.0251910 0.0082207 0.0000000 0.0070744 0.0082739 0.0613743 0.0994842 0.0701292 0.0700345 0.0766232 0.0740454 0.0741982 0.0671813 0.0730508 
HQ015392.1_Cyclosalpa_affinis            0.0844325 0.1595077 0.0944044 0.0428626 0.1595077 0.0821514 0.0823210 0.0082389 0.0753352 0.0309114 0.0222888 0.0807010 0.2194112 0.2255583 0.4716669 0.2913139 0.2519695 0.1292670 0.0930759 0.0924660 0.0914650 0.0966587 0.0892810 0.0892594 0.0872750 0.0222888 0.0431466 0.0431466 0.0431805 0.0584287 0.0170609 0.0170609 0.0262343 0.0262343 0.0292911 0.0250355 0.0250355 0.0280804 0.0280804 0.0282621 0.0082389 0.0070744 0.0000000 0.0011432 0.0690006 0.1023940 0.0745706 0.0744681 0.0812809 0.0821514 0.0823210 0.0749039 0.0755449 
HQ015391.1_Cyclosalpa_affinis            0.0862035 0.1572173 0.0926017 0.0414232 0.1572173 0.0839035 0.0840764 0.0094389 0.0736739 0.0322768 0.0235837 0.0824054 0.2166404 0.2227442 0.4763131 0.2879665 0.2489215 0.1271984 0.0912725 0.0906716 0.0896696 0.0948345 0.0875023 0.0874805 0.0855085 0.0235837 0.0416977 0.0416977 0.0417303 0.0568662 0.0183237 0.0183237 0.0275496 0.0275496 0.0306382 0.0263504 0.0263504 0.0294275 0.0294275 0.0296180 0.0094389 0.0082739 0.0011432 0.0000000 0.0673653 0.1005340 0.0745706 0.0744681 0.0812809 0.0839035 0.0840764 0.0732283 0.0738785 
HQ015390.1_Thetys_vagina                 0.0718715 0.1333605 0.0742356 0.0692046 0.1333605 0.0697575 0.0699012 0.0648352 0.0814431 0.0667119 0.0665898 0.0790299 0.1778446 0.1861762 0.4491472 0.2547084 0.2281074 0.1134970 0.0729829 0.0703937 0.0715739 0.0889860 0.0757041 0.0687564 0.0711004 0.0665898 0.0713359 0.0713359 0.0714030 0.0741853 0.0645683 0.0645683 0.0661460 0.0661460 0.0772668 0.0732961 0.0732961 0.0632132 0.0632132 0.0636400 0.0648352 0.0613743 0.0690006 0.0673653 0.0000000 0.0458275 0.0587232 0.0602231 0.0599284 0.0697575 0.0699012 0.0545388 0.0816746 
HQ015389.1_Soestia_zonaria               0.1015780 0.1645445 0.1095358 0.0937454 0.1645445 0.0991073 0.0993077 0.0972155 0.1049001 0.1161869 0.1001260 0.1217111 0.2133174 0.2304288 0.5015019 0.3194449 0.2492107 0.1451556 0.0943703 0.0929808 0.0992435 0.1077709 0.1015546 0.1015349 0.1013050 0.1001260 0.0980237 0.0980237 0.0962808 0.1015626 0.1078556 0.1078556 0.1013271 0.1013271 0.1013681 0.1017774 0.1017774 0.1118359 0.1118359 0.1144835 0.0972155 0.0994842 0.1023940 0.1005340 0.0458275 0.0000000 0.1060797 0.1040438 0.0953368 0.0991073 0.0993077 0.0848056 0.1052104 
HQ015388.1_Pegea_bicaudata               0.1056934 0.1811121 0.1163083 0.0840959 0.1811121 0.1031578 0.1033669 0.0704391 0.1006734 0.0816543 0.0796341 0.1032809 0.2428025 0.2455095 0.5567359 0.3161870 0.2683739 0.1496382 0.1189403 0.1133225 0.1156852 0.1331643 0.1177009 0.1157147 0.1130188 0.0796341 0.0864122 0.0864122 0.0865014 0.0833237 0.0757365 0.0757365 0.0791081 0.0791081 0.0879871 0.0842294 0.0842294 0.0778926 0.0778926 0.0784142 0.0704391 0.0701292 0.0745706 0.0745706 0.0587232 0.1060797 0.0000000 0.0011396 0.0070606 0.1031578 0.1033669 0.0931629 0.1009692 
HQ015387.1_Pegea_confoederata            0.1074507 0.1833195 0.1181063 0.0839774 0.1833195 0.1048997 0.1051113 0.0703436 0.0986910 0.0815403 0.0795237 0.1031289 0.2453636 0.2480800 0.5607661 0.3191818 0.2647390 0.1494016 0.1167789 0.1151014 0.1174767 0.1350588 0.1195034 0.1175071 0.1147930 0.0795237 0.0862895 0.0862895 0.0863785 0.0814868 0.0756326 0.0756326 0.0789990 0.0789990 0.0878622 0.0841121 0.0841121 0.0777848 0.0777848 0.0783051 0.0703436 0.0700345 0.0744681 0.0744681 0.0602231 0.1040438 0.0011396 0.0000000 0.0058629 0.1048997 0.1051113 0.0948417 0.0989797 
HQ015386.1_Pegea_confoederata            0.1117211 0.1795667 0.1205166 0.0861078 0.1795667 0.1091218 0.1093406 0.0769623 0.1079028 0.0839913 0.0843897 0.1101996 0.2334276 0.2446481 0.5550218 0.3153597 0.2642130 0.1505177 0.1167499 0.1150719 0.1135310 0.1298122 0.1199250 0.1155121 0.1108907 0.0843897 0.0884487 0.0884487 0.0885412 0.0828691 0.0824584 0.0824584 0.0838323 0.0838323 0.0929893 0.0912373 0.0912373 0.0801830 0.0801830 0.0807196 0.0769623 0.0766232 0.0812809 0.0812809 0.0599284 0.0953368 0.0070606 0.0058629 0.0000000 0.1091218 0.1093406 0.0966322 0.1082252 
HQ015385.1_Pyrosoma_atlanticum           0.0011512 0.1322889 0.0512429 0.0970448 0.1322889 0.0000010 0.0023012 0.0854725 0.1006986 0.0839152 0.0818015 0.1056644 0.1942120 0.1795421 0.4285756 0.2692843 0.2460873 0.0936629 0.0478272 0.0416746 0.0440382 0.0570810 0.0425974 0.0443944 0.0457587 0.0818015 0.1014629 0.1014629 0.0996739 0.1190698 0.0760941 0.0760941 0.0872458 0.0872458 0.0842275 0.0840764 0.0840764 0.0800662 0.0800662 0.0761395 0.0854725 0.0740454 0.0821514 0.0839035 0.0697575 0.0991073 0.1031578 0.1048997 0.1091218 0.0000000 0.0023012 0.0134220 0.1009968 
HQ015382.1_Pyrosomella_verticillata      0.0034799 0.1325411 0.0544065 0.0972436 0.1325411 0.0023012 0.0000010 0.0856480 0.1009016 0.0840880 0.0819701 0.1058778 0.1945256 0.1798452 0.4288847 0.2696203 0.2464227 0.0898672 0.0509318 0.0446899 0.0470488 0.0603060 0.0455912 0.0474302 0.0488054 0.0819701 0.1016698 0.1016698 0.0998782 0.1193063 0.0762513 0.0762513 0.0874247 0.0874247 0.0844014 0.0842498 0.0842498 0.0802314 0.0802314 0.0762968 0.0856480 0.0741982 0.0823210 0.0840764 0.0699012 0.0993077 0.1033669 0.1051113 0.1093406 0.0023012 0.0000000 0.0134467 0.1012007 
HQ015379.1_Pyrostremma_spinosum          0.0147624 0.1230755 0.0565243 0.0809927 0.1230755 0.0134220 0.0134467 0.0781087 0.0863030 0.0766048 0.0745852 0.0925634 0.1737033 0.1764116 0.4306321 0.2490305 0.2198037 0.0936419 0.0472280 0.0411546 0.0422560 0.0529141 0.0426031 0.0409900 0.0423307 0.0745852 0.0850589 0.0850589 0.0833640 0.1012505 0.0691266 0.0691266 0.0798064 0.0798064 0.0785808 0.0767465 0.0767465 0.0729224 0.0729224 0.0734142 0.0781087 0.0671813 0.0749039 0.0732283 0.0545388 0.0848056 0.0931629 0.0948417 0.0966322 0.0134220 0.0134467 0.0000000 0.0865483 
HQ015378.1_Ihlea_racovitzai              0.1034926 0.1759871 0.1134330 0.0659003 0.1759871 0.1009968 0.1012007 0.0684547 0.0000010 0.0768815 0.0647729 0.0513666 0.2181612 0.2623268 0.5408615 0.3104549 0.2713905 0.1616723 0.1064723 0.1110434 0.1123884 0.1229497 0.1172982 0.1143589 0.1145717 0.0647729 0.0696666 0.0696666 0.0680500 0.0761361 0.0737013 0.0737013 0.0598706 0.0598706 0.0728080 0.0730013 0.0730013 0.0731794 0.0731794 0.0770574 0.0684547 0.0730508 0.0755449 0.0738785 0.0816746 0.1052104 0.1009692 0.0989797 0.1082252 0.1009968 0.1012007 0.0865483 0.0000000 
