52
HQ015414.1_Thalia_democratica            0.0000000 0.0900578 0.0231605 0.1545294 0.1505752 0.0682184 0.0354419 0.1517135 0.0281460 0.0354419 0.0000010 0.0056779 0.0354419 0.0298068 0.0682184 0.2414350 0.1012577 0.0298068 0.0282249 0.0477386 0.0500328 0.1505752 0.0897566 0.0682184 0.1888800 0.0231605 0.0707576 0.0682184 0.0870090 0.0282249 0.0335709 0.0429742 0.0924659 0.1058805 0.0608401 0.0336278 0.0281460 0.0868578 0.0475801 0.0555405 0.0533794 0.3882915 0.0354419 0.0632360 0.1886169 0.0000010 0.0868578 0.0354419 0.0607471 0.0896752 0.0249652 0.0319223 
FM244841.1_Pycnoclavella_aff._detorta    0.0900578 0.0000000 0.0833658 0.1138881 0.1141761 0.0449211 0.0890787 0.1114478 0.0790527 0.0842929 0.0900578 0.0918901 0.0842929 0.0855482 0.0412123 0.1963176 0.0225977 0.0855482 0.0788769 0.1015340 0.1003096 0.1141761 0.0300443 0.0449211 0.1439761 0.0833658 0.0432963 0.0412123 0.0691808 0.0788769 0.0770779 0.0917390 0.0162845 0.0473804 0.0912144 0.0819301 0.0790527 0.0146056 0.1011609 0.0980028 0.0489469 0.3458858 0.0821092 0.0366276 0.1934592 0.0903882 0.0146056 0.0890787 0.0910666 0.0101367 0.0861259 0.0819301 
FM244866.1_Iasis_cylindrica              0.0231605 0.0833658 0.0000000 0.1335721 0.1284538 0.0584173 0.0227836 0.1309481 0.0162236 0.0195084 0.0231605 0.0250249 0.0195084 0.0147008 0.0584173 0.2066466 0.0763897 0.0147008 0.0162689 0.0498685 0.0533550 0.1284538 0.0696940 0.0584173 0.1644830 0.0000010 0.0607946 0.0584173 0.0846462 0.0162689 0.0242768 0.0261742 0.0813482 0.0914683 0.0496432 0.0178979 0.0162236 0.0760633 0.0497020 0.0473082 0.0406823 0.4061987 0.0195084 0.0584173 0.1806318 0.0232317 0.0760633 0.0227836 0.0495705 0.0830115 0.0013973 0.0163528 
L12426.2_Molgula_manhattensis            0.1545294 0.1138881 0.1335721 0.0000000 0.1654552 0.1285969 0.1518848 0.0013883 0.1365811 0.1463384 0.1545294 0.1507593 0.1463384 0.1446758 0.1285969 0.2048949 0.1143519 0.1446758 0.1476013 0.1646877 0.1656372 0.1654552 0.1146780 0.1285969 0.1762043 0.1335721 0.1318847 0.1285969 0.1394739 0.1476013 0.1453927 0.1472836 0.1086144 0.0834867 0.1568567 0.1463384 0.1365811 0.1031744 0.1640302 0.1496605 0.1086388 0.4488456 0.1436053 0.1095644 0.2183637 0.1551441 0.1031744 0.1518848 0.1565746 0.1094902 0.1369751 0.1463384 
HQ015376.1_Doliolum_denticulatum         0.1505752 0.1141761 0.1284538 0.1654552 0.0000000 0.1058455 0.1354769 0.1625315 0.1286367 0.1326631 0.1505752 0.1539533 0.1326631 0.1364985 0.1058455 0.2409465 0.1134884 0.1364985 0.1284538 0.1474820 0.1497294 0.0000010 0.1039184 0.1058455 0.2241259 0.1284538 0.1088289 0.1058455 0.1492398 0.1284538 0.1343671 0.1417663 0.1194372 0.1270889 0.1495462 0.1326631 0.1286367 0.1134027 0.1469030 0.1553287 0.1155931 0.3505216 0.1326631 0.1010160 0.2648561 0.1511736 0.1134027 0.1354769 0.1492779 0.1209444 0.1317878 0.1352967 
HQ015382.1_Pyrosomella_verticillata      0.0682184 0.0449211 0.0584173 0.1285969 0.1058455 0.0000000 0.0654109 0.1260264 0.0564666 0.0650910 0.0682184 0.0751285 0.0650910 0.0623601 0.0027920 0.2344608 0.0521572 0.0623601 0.0563212 0.0810239 0.0818449 0.1058455 0.0460752 0.0000010 0.1615140 0.0584173 0.0042283 0.0027920 0.0659295 0.0563212 0.0568562 0.0718854 0.0488020 0.0607918 0.0759172 0.0629223 0.0564666 0.0425163 0.0807350 0.0781037 0.0500877 0.3673954 0.0610810 0.0150862 0.1933121 0.0684594 0.0444149 0.0654109 0.0757976 0.0483646 0.0560811 0.0609271 
HQ015403.1_Brooksia_rostrata             0.0354419 0.0890787 0.0227836 0.1518848 0.1354769 0.0654109 0.0000000 0.1490981 0.0100767 0.0210191 0.0354419 0.0410598 0.0210191 0.0115544 0.0654109 0.2400621 0.0910825 0.0115544 0.0115865 0.0541326 0.0618920 0.1354769 0.0771735 0.0654109 0.1809062 0.0227836 0.0678978 0.0654109 0.0879624 0.0115865 0.0162388 0.0294433 0.0870078 0.0999091 0.0581874 0.0226570 0.0100767 0.0815561 0.0539496 0.0556831 0.0569402 0.3946566 0.0210191 0.0654109 0.1889165 0.0355549 0.0815561 0.0000010 0.0580996 0.0839332 0.0245550 0.0210777 
AB921975.1_Molgula_manhattensis          0.1517135 0.1114478 0.1309481 0.0013883 0.1625315 0.1260264 0.1490981 0.0000000 0.1339345 0.1436053 0.1517135 0.1479747 0.1436053 0.1419513 0.1260264 0.2015932 0.1119040 0.1419513 0.1448513 0.1617764 0.1627188 0.1625315 0.1122380 0.1260264 0.1731875 0.1309481 0.1292836 0.1260264 0.1367991 0.1448513 0.1426636 0.1445466 0.1062192 0.0813440 0.1540170 0.1436053 0.1339345 0.1008371 0.1611329 0.1468924 0.1062283 0.4436473 0.1408983 0.1071789 0.2149422 0.1523148 0.1008371 0.1490981 0.1537410 0.1070961 0.1343199 0.1436053 
HQ015406.1_Salpa_thompsoni               0.0281460 0.0790527 0.0162236 0.1365811 0.1286367 0.0564666 0.0100767 0.1339345 0.0000000 0.0146191 0.0281460 0.0334781 0.0146191 0.0041946 0.0564666 0.2206070 0.0810016 0.0041946 0.0056268 0.0477386 0.0578277 0.1286367 0.0678438 0.0564666 0.1641548 0.0162236 0.0588182 0.0564666 0.0780310 0.0056268 0.0100356 0.0209977 0.0770662 0.0894124 0.0556014 0.0161785 0.0000010 0.0718858 0.0475801 0.0531605 0.0483512 0.3849040 0.0116188 0.0564666 0.1748355 0.0282334 0.0718858 0.0100767 0.0555187 0.0741418 0.0178806 0.0146598 
HQ015395.1_Cyclosalpa_sewelli            0.0354419 0.0842929 0.0195084 0.1463384 0.1326631 0.0650910 0.0210191 0.1436053 0.0146191 0.0000000 0.0354419 0.0410598 0.0000010 0.0161337 0.0650910 0.2255655 0.0862754 0.0161337 0.0145786 0.0516183 0.0647619 0.1326631 0.0706417 0.0650910 0.1717881 0.0195084 0.0675704 0.0650910 0.0787307 0.0145786 0.0193172 0.0086924 0.0822578 0.0949271 0.0543125 0.0013920 0.0146191 0.0769209 0.0514458 0.0518729 0.0428165 0.4060506 0.0027871 0.0630790 0.1887668 0.0355549 0.0769209 0.0210191 0.0542312 0.0792458 0.0212274 0.0027947 
D14366.1_Thalia_democratica              0.0000010 0.0900578 0.0231605 0.1545294 0.1505752 0.0682184 0.0354419 0.1517135 0.0281460 0.0354419 0.0000000 0.0056779 0.0354419 0.0298068 0.0682184 0.2414350 0.1012577 0.0298068 0.0282249 0.0477386 0.0500328 0.1505752 0.0897566 0.0682184 0.1888800 0.0231605 0.0707576 0.0682184 0.0870090 0.0282249 0.0335709 0.0429742 0.0924659 0.1058805 0.0608401 0.0336278 0.0281460 0.0868578 0.0475801 0.0555405 0.0533794 0.3882915 0.0354419 0.0632360 0.1886169 0.0000010 0.0868578 0.0354419 0.0607471 0.0896752 0.0249652 0.0319223 
HQ015412.1_Thalia_orientalis             0.0056779 0.0918901 0.0250249 0.1507593 0.1539533 0.0751285 0.0410598 0.1479747 0.0334781 0.0410598 0.0056779 0.0000000 0.0410598 0.0317804 0.0751285 0.2332504 0.1018680 0.0317804 0.0301780 0.0538808 0.0562766 0.1539533 0.0915632 0.0751285 0.1863457 0.0250249 0.0777622 0.0751285 0.0888044 0.0301780 0.0372601 0.0488606 0.0943075 0.1077873 0.0582882 0.0391827 0.0334781 0.0886688 0.0536993 0.0531094 0.0511900 0.3938925 0.0410598 0.0699548 0.1991538 0.0056941 0.0886688 0.0410598 0.0582001 0.0915019 0.0268705 0.0374283 
HQ015397.1_Cyclosalpa_quadriluminis      0.0354419 0.0842929 0.0195084 0.1463384 0.1326631 0.0650910 0.0210191 0.1436053 0.0146191 0.0000010 0.0354419 0.0410598 0.0000000 0.0161337 0.0650910 0.2255655 0.0862754 0.0161337 0.0145786 0.0516183 0.0647619 0.1326631 0.0706417 0.0650910 0.1717881 0.0195084 0.0675704 0.0650910 0.0787307 0.0145786 0.0193172 0.0086924 0.0822578 0.0949271 0.0543125 0.0013920 0.0146191 0.0769209 0.0514458 0.0518729 0.0428165 0.4060506 0.0027871 0.0630790 0.1887668 0.0355549 0.0769209 0.0210191 0.0542312 0.0792458 0.0212274 0.0027947 
HQ015410.1_Ritteriella_retracta          0.0298068 0.0855482 0.0147008 0.1446758 0.1364985 0.0623601 0.0115544 0.1419513 0.0041946 0.0161337 0.0298068 0.0317804 0.0161337 0.0000000 0.0623601 0.2240760 0.0831592 0.0000010 0.0042061 0.0496045 0.0597763 0.1364985 0.0739286 0.0623601 0.1612431 0.0147008 0.0647869 0.0623601 0.0844672 0.0042061 0.0115071 0.0225706 0.0791991 0.0961879 0.0575254 0.0177069 0.0041946 0.0781760 0.0494394 0.0550520 0.0483512 0.3849040 0.0161337 0.0623601 0.1840425 0.0298997 0.0781760 0.0115544 0.0574394 0.0762453 0.0163373 0.0161785 
HQ015384.1_Pyrosoma_godeauxi             0.0682184 0.0412123 0.0584173 0.1285969 0.1058455 0.0027920 0.0654109 0.1260264 0.0564666 0.0650910 0.0682184 0.0751285 0.0650910 0.0623601 0.0000000 0.2344608 0.0483453 0.0623601 0.0563212 0.0810239 0.0818449 0.1058455 0.0423962 0.0027920 0.1615140 0.0584173 0.0013953 0.0000010 0.0659295 0.0563212 0.0568562 0.0718854 0.0450231 0.0649348 0.0759172 0.0629223 0.0564666 0.0388842 0.0807350 0.0781037 0.0500877 0.3673954 0.0610810 0.0150862 0.1933121 0.0684594 0.0407474 0.0654109 0.0757976 0.0446163 0.0560811 0.0609271 
M97571.1_Branchiostoma_floridae          0.2414350 0.1963176 0.2066466 0.2048949 0.2409465 0.2344608 0.2400621 0.2015932 0.2206070 0.2255655 0.2414350 0.2332504 0.2255655 0.2240760 0.2344608 0.0000000 0.1889496 0.2240760 0.2312494 0.2539079 0.2752980 0.2409465 0.2051790 0.2344608 0.2001185 0.2066466 0.2388366 0.2344608 0.2360591 0.2312494 0.2390646 0.2336079 0.2030400 0.2026118 0.2457710 0.2255655 0.2206070 0.1983920 0.2566851 0.2402446 0.2002219 0.3922531 0.2186514 0.2220881 0.2960084 0.2424742 0.1983920 0.2400621 0.2452930 0.1813387 0.2108319 0.2220916 
L12378.2_Ascidia_ceratodes               0.1012577 0.0225977 0.0763897 0.1143519 0.1134884 0.0521572 0.0910825 0.1119040 0.0810016 0.0862754 0.1012577 0.1018680 0.0862754 0.0831592 0.0483453 0.1889496 0.0000000 0.0831592 0.0765628 0.1012635 0.1094460 0.1134884 0.0303349 0.0521572 0.1490555 0.0763897 0.0505179 0.0483453 0.0759415 0.0765628 0.0746050 0.0937601 0.0227136 0.0494394 0.0983844 0.0839021 0.0810016 0.0162692 0.1008925 0.1030623 0.0550762 0.3525229 0.0840821 0.0400059 0.1908882 0.1016336 0.0162692 0.0910825 0.0982226 0.0276578 0.0790527 0.0839021 
HQ015411.1_Ritteriella_retracta          0.0298068 0.0855482 0.0147008 0.1446758 0.1364985 0.0623601 0.0115544 0.1419513 0.0041946 0.0161337 0.0298068 0.0317804 0.0161337 0.0000010 0.0623601 0.2240760 0.0831592 0.0000000 0.0042061 0.0496045 0.0597763 0.1364985 0.0739286 0.0623601 0.1612431 0.0147008 0.0647869 0.0623601 0.0844672 0.0042061 0.0115071 0.0225706 0.0791991 0.0961879 0.0575254 0.0177069 0.0041946 0.0781760 0.0494394 0.0550520 0.0483512 0.3849040 0.0161337 0.0623601 0.1840425 0.0298997 0.0781760 0.0115544 0.0574394 0.0762453 0.0163373 0.0161785 
HQ015407.1_Salpa_maxima                  0.0282249 0.0788769 0.0162689 0.1476013 0.1284538 0.0563212 0.0115865 0.1448513 0.0056268 0.0145786 0.0282249 0.0301780 0.0145786 0.0042061 0.0563212 0.2312494 0.0765628 0.0042061 0.0000000 0.0478667 0.0599265 0.1284538 0.0676835 0.0563212 0.1702297 0.0162689 0.0586684 0.0563212 0.0801590 0.0000010 0.0071014 0.0209394 0.0768921 0.0892292 0.0575254 0.0161337 0.0056268 0.0717178 0.0477076 0.0550520 0.0483512 0.3800092 0.0145786 0.0563212 0.1810949 0.0283128 0.0717178 0.0115865 0.0574394 0.0739710 0.0179306 0.0146191 
HQ015378.1_Ihlea_racovitzai              0.0477386 0.1015340 0.0498685 0.1646877 0.1474820 0.0810239 0.0541326 0.1617764 0.0477386 0.0516183 0.0477386 0.0538808 0.0516183 0.0496045 0.0810239 0.2539079 0.1012635 0.0496045 0.0478667 0.0000000 0.0340321 0.1474820 0.1023165 0.0810239 0.2118177 0.0498685 0.0837219 0.0810239 0.0910637 0.0478667 0.0540212 0.0648422 0.0970688 0.1191553 0.0773621 0.0536523 0.0477386 0.0913958 0.0000010 0.0827719 0.0628603 0.4145626 0.0516183 0.0656171 0.2196604 0.0478981 0.0913958 0.0541326 0.0772401 0.0961448 0.0521324 0.0517541 
HQ015377.1_Salpidae_gen._nov._sp._nov._A 0.0500328 0.1003096 0.0533550 0.1656372 0.1497294 0.0818449 0.0618920 0.1627188 0.0578277 0.0647619 0.0500328 0.0562766 0.0647619 0.0597763 0.0818449 0.2752980 0.1094460 0.0597763 0.0599265 0.0340321 0.0000000 0.1497294 0.1019776 0.0818449 0.1990923 0.0533550 0.0845602 0.0818449 0.0853027 0.0599265 0.0624666 0.0737689 0.1051334 0.1140093 0.0760414 0.0669403 0.0578277 0.0992592 0.0339235 0.0761218 0.0567248 0.4281344 0.0667789 0.0664796 0.2470095 0.0502016 0.0992592 0.0618920 0.0759213 0.1018405 0.0556556 0.0669403 
AB013012.1_Doliolum_nationalis           0.1505752 0.1141761 0.1284538 0.1654552 0.0000010 0.1058455 0.1354769 0.1625315 0.1286367 0.1326631 0.1505752 0.1539533 0.1326631 0.1364985 0.1058455 0.2409465 0.1134884 0.1364985 0.1284538 0.1474820 0.1497294 0.0000000 0.1039184 0.1058455 0.2241259 0.1284538 0.1088289 0.1058455 0.1492398 0.1284538 0.1343671 0.1417663 0.1194372 0.1270889 0.1495462 0.1326631 0.1286367 0.1134027 0.1469030 0.1553287 0.1155931 0.3505216 0.1326631 0.1010160 0.2648561 0.1511736 0.1134027 0.1354769 0.1492779 0.1209444 0.1317878 0.1352967 
AB013017.1_Ciona_intestinalis            0.0897566 0.0300443 0.0696940 0.1146780 0.1039184 0.0460752 0.0771735 0.1122380 0.0678438 0.0706417 0.0897566 0.0915632 0.0706417 0.0739286 0.0423962 0.2051790 0.0303349 0.0739286 0.0676835 0.1023165 0.1019776 0.1039184 0.0000000 0.0460752 0.1631088 0.0696940 0.0444685 0.0423962 0.0805053 0.0676835 0.0661253 0.0775294 0.0283589 0.0497754 0.0940322 0.0684472 0.0678438 0.0182405 0.1019409 0.0942793 0.0570612 0.3723638 0.0706417 0.0489696 0.1859279 0.0900813 0.0182405 0.0771735 0.0938792 0.0354787 0.0722158 0.0704770 
FM244863.1_Pyrosomella_verticillata      0.0682184 0.0449211 0.0584173 0.1285969 0.1058455 0.0000010 0.0654109 0.1260264 0.0564666 0.0650910 0.0682184 0.0751285 0.0650910 0.0623601 0.0027920 0.2344608 0.0521572 0.0623601 0.0563212 0.0810239 0.0818449 0.1058455 0.0460752 0.0000000 0.1615140 0.0584173 0.0042283 0.0027920 0.0659295 0.0563212 0.0568562 0.0718854 0.0488020 0.0607918 0.0759172 0.0629223 0.0564666 0.0425163 0.0807350 0.0781037 0.0500877 0.3673954 0.0610810 0.0150862 0.1933121 0.0684594 0.0444149 0.0654109 0.0757976 0.0483646 0.0560811 0.0609271 
M91181.1_Echinorhinus_cookei             0.1888800 0.1439761 0.1644830 0.1762043 0.2241259 0.1615140 0.1809062 0.1731875 0.1641548 0.1717881 0.1888800 0.1863457 0.1717881 0.1612431 0.1615140 0.2001185 0.1490555 0.1612431 0.1702297 0.2118177 0.1990923 0.2241259 0.1631088 0.1615140 0.0000000 0.1644830 0.1651608 0.1615140 0.1843130 0.1702297 0.1770159 0.1788107 0.1413862 0.1525708 0.1948457 0.1749541 0.1641548 0.1485072 0.2109273 0.1993805 0.1489458 0.3024681 0.1688103 0.1471858 0.2823331 0.1896584 0.1485072 0.1809062 0.1944814 0.1350297 0.1608378 0.1749541 
HQ015401.1_Iasis_cylindrica              0.0231605 0.0833658 0.0000010 0.1335721 0.1284538 0.0584173 0.0227836 0.1309481 0.0162236 0.0195084 0.0231605 0.0250249 0.0195084 0.0147008 0.0584173 0.2066466 0.0763897 0.0147008 0.0162689 0.0498685 0.0533550 0.1284538 0.0696940 0.0584173 0.1644830 0.0000000 0.0607946 0.0584173 0.0846462 0.0162689 0.0242768 0.0261742 0.0813482 0.0914683 0.0496432 0.0178979 0.0162236 0.0760633 0.0497020 0.0473082 0.0406823 0.4061987 0.0195084 0.0584173 0.1806318 0.0232317 0.0760633 0.0227836 0.0495705 0.0830115 0.0013973 0.0163528 
AB013011.1_Pyrosoma_atlanticum           0.0707576 0.0432963 0.0607946 0.1318847 0.1088289 0.0042283 0.0678978 0.1292836 0.0588182 0.0675704 0.0707576 0.0777622 0.0675704 0.0647869 0.0013953 0.2388366 0.0505179 0.0647869 0.0586684 0.0837219 0.0845602 0.1088289 0.0444685 0.0042283 0.1651608 0.0607946 0.0000000 0.0013953 0.0683879 0.0586684 0.0592245 0.0744613 0.0471633 0.0674005 0.0785326 0.0653723 0.0588182 0.0409147 0.0834215 0.0807439 0.0523487 0.3728605 0.0635098 0.0167624 0.1972856 0.0710093 0.0428061 0.0678978 0.0784080 0.0467372 0.0584173 0.0633519 
HQ015383.1_Pyrosomella_verticillata      0.0682184 0.0412123 0.0584173 0.1285969 0.1058455 0.0027920 0.0654109 0.1260264 0.0564666 0.0650910 0.0682184 0.0751285 0.0650910 0.0623601 0.0000010 0.2344608 0.0483453 0.0623601 0.0563212 0.0810239 0.0818449 0.1058455 0.0423962 0.0027920 0.1615140 0.0584173 0.0013953 0.0000000 0.0659295 0.0563212 0.0568562 0.0718854 0.0450231 0.0649348 0.0759172 0.0629223 0.0564666 0.0388842 0.0807350 0.0781037 0.0500877 0.3673954 0.0610810 0.0150862 0.1933121 0.0684594 0.0407474 0.0654109 0.0757976 0.0446163 0.0560811 0.0609271 
HQ015389.1_Soestia_zonaria               0.0870090 0.0691808 0.0846462 0.1394739 0.1492398 0.0659295 0.0879624 0.1367991 0.0780310 0.0787307 0.0870090 0.0888044 0.0787307 0.0844672 0.0659295 0.2360591 0.0759415 0.0844672 0.0801590 0.0910637 0.0853027 0.1492398 0.0805053 0.0659295 0.1843130 0.0846462 0.0683879 0.0659295 0.0000000 0.0801590 0.0783650 0.0837844 0.0691550 0.0941560 0.0880761 0.0810534 0.0780310 0.0727609 0.0907356 0.0913148 0.0295885 0.4097788 0.0766020 0.0513835 0.2086219 0.0873227 0.0727609 0.0879624 0.0879348 0.0665802 0.0874096 0.0810534 
HQ015408.1_Salpa_maxima                  0.0282249 0.0788769 0.0162689 0.1476013 0.1284538 0.0563212 0.0115865 0.1448513 0.0056268 0.0145786 0.0282249 0.0301780 0.0145786 0.0042061 0.0563212 0.2312494 0.0765628 0.0042061 0.0000010 0.0478667 0.0599265 0.1284538 0.0676835 0.0563212 0.1702297 0.0162689 0.0586684 0.0563212 0.0801590 0.0000000 0.0071014 0.0209394 0.0768921 0.0892292 0.0575254 0.0161337 0.0056268 0.0717178 0.0477076 0.0550520 0.0483512 0.3800092 0.0145786 0.0563212 0.1810949 0.0283128 0.0717178 0.0115865 0.0574394 0.0739710 0.0179306 0.0146191 
HQ015405.1_Salpa_aspera                  0.0335709 0.0770779 0.0242768 0.1453927 0.1343671 0.0568562 0.0162388 0.1426636 0.0100356 0.0193172 0.0335709 0.0372601 0.0193172 0.0115071 0.0568562 0.2390646 0.0746050 0.0115071 0.0071014 0.0540212 0.0624666 0.1343671 0.0661253 0.0568562 0.1770159 0.0242768 0.0592245 0.0568562 0.0783650 0.0071014 0.0000000 0.0259173 0.0772236 0.0851675 0.0579170 0.0209301 0.0100356 0.0701214 0.0538390 0.0554261 0.0540630 0.3951684 0.0193172 0.0588182 0.1882364 0.0336772 0.0701214 0.0162388 0.0578300 0.0721958 0.0260611 0.0193709 
FM244864.1_Cyclosalpa_quadriluminis      0.0429742 0.0917390 0.0261742 0.1472836 0.1417663 0.0718854 0.0294433 0.1445466 0.0209977 0.0086924 0.0429742 0.0488606 0.0086924 0.0225706 0.0718854 0.2336079 0.0937601 0.0225706 0.0209394 0.0648422 0.0737689 0.1417663 0.0775294 0.0718854 0.1788107 0.0261742 0.0744613 0.0718854 0.0837844 0.0209394 0.0259173 0.0000000 0.0896421 0.1027062 0.0650349 0.0102034 0.0209977 0.0841132 0.0646181 0.0623968 0.0466722 0.4170970 0.0116669 0.0698152 0.1929230 0.0431141 0.0841132 0.0294433 0.0649348 0.0865258 0.0280027 0.0116997 
AB104873.1_Perophora_sagamiensis         0.0924659 0.0162845 0.0813482 0.1086144 0.1194372 0.0488020 0.0870078 0.1062192 0.0770662 0.0822578 0.0924659 0.0943075 0.0822578 0.0791991 0.0450231 0.2030400 0.0227136 0.0791991 0.0768921 0.0970688 0.1051334 0.1194372 0.0283589 0.0488020 0.1413862 0.0813482 0.0471633 0.0450231 0.0691550 0.0768921 0.0772236 0.0896421 0.0000000 0.0473612 0.0935978 0.0799123 0.0770662 0.0145989 0.0967148 0.1004594 0.0452493 0.3458796 0.0800899 0.0368119 0.1980449 0.0928060 0.0145989 0.0870078 0.0934455 0.0180006 0.0840821 0.0799123 
AY903925.1_Halocynthia_igaboja           0.1058805 0.0473804 0.0914683 0.0834867 0.1270889 0.0607918 0.0999091 0.0813440 0.0894124 0.0949271 0.1058805 0.1077873 0.0949271 0.0961879 0.0649348 0.2026118 0.0494394 0.0961879 0.0892292 0.1191553 0.1140093 0.1270889 0.0497754 0.0607918 0.1525708 0.0914683 0.0674005 0.0649348 0.0941560 0.0892292 0.0851675 0.1027062 0.0473612 0.0000000 0.1091320 0.0949271 0.0894124 0.0432158 0.1187051 0.1078967 0.0661688 0.3764591 0.0926513 0.0599485 0.1804110 0.1062768 0.0432158 0.0999091 0.1089484 0.0445982 0.0943420 0.0949271 
HQ015388.1_Pegea_bicaudata               0.0608401 0.0912144 0.0496432 0.1568567 0.1495462 0.0759172 0.0581874 0.1540170 0.0556014 0.0543125 0.0608401 0.0582882 0.0543125 0.0575254 0.0759172 0.2457710 0.0983844 0.0575254 0.0575254 0.0773621 0.0760414 0.1495462 0.0940322 0.0759172 0.1948457 0.0496432 0.0785326 0.0759172 0.0880761 0.0575254 0.0579170 0.0650349 0.0935978 0.1091320 0.0000000 0.0522564 0.0556014 0.0902406 0.0770898 0.0072330 0.0458569 0.4290168 0.0543125 0.0698287 0.2174783 0.0610508 0.0902406 0.0581874 0.0000010 0.0908332 0.0518974 0.0503543 
HQ015391.1_Cyclosalpa_affinis            0.0336278 0.0819301 0.0178979 0.1463384 0.1326631 0.0629223 0.0226570 0.1436053 0.0161785 0.0013920 0.0336278 0.0391827 0.0013920 0.0177069 0.0629223 0.2255655 0.0839021 0.0177069 0.0161337 0.0536523 0.0669403 0.1326631 0.0684472 0.0629223 0.1749541 0.0178979 0.0653723 0.0629223 0.0810534 0.0161337 0.0209301 0.0102034 0.0799123 0.0949271 0.0522564 0.0000000 0.0161785 0.0746331 0.0534723 0.0498541 0.0428165 0.4060506 0.0042061 0.0609271 0.1920893 0.0337345 0.0746331 0.0226570 0.0521786 0.0815794 0.0195917 0.0013883 
FM244867.1_Salpa_thompsoni               0.0281460 0.0790527 0.0162236 0.1365811 0.1286367 0.0564666 0.0100767 0.1339345 0.0000010 0.0146191 0.0281460 0.0334781 0.0146191 0.0041946 0.0564666 0.2206070 0.0810016 0.0041946 0.0056268 0.0477386 0.0578277 0.1286367 0.0678438 0.0564666 0.1641548 0.0162236 0.0588182 0.0564666 0.0780310 0.0056268 0.0100356 0.0209977 0.0770662 0.0894124 0.0556014 0.0161785 0.0000000 0.0718858 0.0475801 0.0531605 0.0483512 0.3849040 0.0116188 0.0564666 0.1748355 0.0282334 0.0718858 0.0100767 0.0555187 0.0741418 0.0178806 0.0146598 
AB075543.1_Megalodicopia_hians           0.0868578 0.0146056 0.0760633 0.1031744 0.1134027 0.0425163 0.0815561 0.1008371 0.0718858 0.0769209 0.0868578 0.0886688 0.0769209 0.0781760 0.0388842 0.1983920 0.0162692 0.0781760 0.0717178 0.0913958 0.0992592 0.1134027 0.0182405 0.0425163 0.1485072 0.0760633 0.0409147 0.0388842 0.0727609 0.0717178 0.0701214 0.0841132 0.0145989 0.0432158 0.0902406 0.0746331 0.0718858 0.0000000 0.0910666 0.0947002 0.0503628 0.3534630 0.0748052 0.0328565 0.1775817 0.0871738 0.0027996 0.0815561 0.0900953 0.0193621 0.0787149 0.0746331 
FM244865.1_Ihlea_racovitzai              0.0475801 0.1011609 0.0497020 0.1640302 0.1469030 0.0807350 0.0539496 0.1611329 0.0475801 0.0514458 0.0475801 0.0536993 0.0514458 0.0494394 0.0807350 0.2566851 0.1008925 0.0494394 0.0477076 0.0000010 0.0339235 0.1469030 0.1019409 0.0807350 0.2109273 0.0497020 0.0834215 0.0807350 0.0907356 0.0477076 0.0538390 0.0646181 0.0967148 0.1187051 0.0770898 0.0534723 0.0475801 0.0910666 0.0000000 0.0824769 0.0626423 0.4177484 0.0514458 0.0653927 0.2187330 0.0477386 0.0910666 0.0539496 0.0769686 0.0957949 0.0519570 0.0515808 
HQ015386.1_Pegea_confoederata            0.0555405 0.0980028 0.0473082 0.1496605 0.1553287 0.0781037 0.0556831 0.1468924 0.0531605 0.0518729 0.0555405 0.0531094 0.0518729 0.0550520 0.0781037 0.2402446 0.1030623 0.0550520 0.0550520 0.0827719 0.0761218 0.1553287 0.0942793 0.0781037 0.1993805 0.0473082 0.0807439 0.0781037 0.0913148 0.0550520 0.0554261 0.0623968 0.1004594 0.1078967 0.0072330 0.0498541 0.0531605 0.0947002 0.0824769 0.0000000 0.0528852 0.4439457 0.0518729 0.0779302 0.2122903 0.0557283 0.0947002 0.0556831 0.0072244 0.0975951 0.0495127 0.0479834 
HQ015390.1_Thetys_vagina                 0.0533794 0.0489469 0.0406823 0.1086388 0.1155931 0.0500877 0.0569402 0.1062283 0.0483512 0.0428165 0.0533794 0.0511900 0.0428165 0.0483512 0.0500877 0.2002219 0.0550762 0.0483512 0.0483512 0.0628603 0.0567248 0.1155931 0.0570612 0.0500877 0.1489458 0.0406823 0.0523487 0.0500877 0.0295885 0.0483512 0.0540630 0.0466722 0.0452493 0.0661688 0.0458569 0.0428165 0.0483512 0.0503628 0.0626423 0.0528852 0.0000000 0.3569750 0.0428165 0.0334619 0.1876455 0.0535643 0.0503628 0.0569402 0.0457903 0.0467800 0.0428347 0.0428165 
M97574.1_Myxine_glutinosa                0.3882915 0.3458858 0.4061987 0.4488456 0.3505216 0.3673954 0.3946566 0.4436473 0.3849040 0.4060506 0.3882915 0.3938925 0.4060506 0.3849040 0.3673954 0.3922531 0.3525229 0.3849040 0.3800092 0.4145626 0.4281344 0.3505216 0.3723638 0.3673954 0.3024681 0.4061987 0.3728605 0.3673954 0.4097788 0.3800092 0.3951684 0.4170970 0.3458796 0.3764591 0.4290168 0.4060506 0.3849040 0.3534630 0.4177484 0.4439457 0.3569750 0.0000000 0.4011520 0.3517312 0.5477994 0.3900951 0.3534630 0.3946566 0.4281006 0.3452375 0.4071818 0.4060506 
HQ015393.1_Cyclosalpa_floridana          0.0354419 0.0821092 0.0195084 0.1436053 0.1326631 0.0610810 0.0210191 0.1408983 0.0116188 0.0027871 0.0354419 0.0410598 0.0027871 0.0161337 0.0610810 0.2186514 0.0840821 0.0161337 0.0145786 0.0516183 0.0667789 0.1326631 0.0706417 0.0610810 0.1688103 0.0195084 0.0635098 0.0610810 0.0766020 0.0145786 0.0193172 0.0116669 0.0800899 0.0926513 0.0543125 0.0042061 0.0116188 0.0748052 0.0514458 0.0518729 0.0428165 0.4011520 0.0000000 0.0610810 0.1825173 0.0355549 0.0748052 0.0210191 0.0542312 0.0771069 0.0212274 0.0027947 
HQ015379.1_Pyrostremma_spinosum          0.0632360 0.0366276 0.0584173 0.1095644 0.1010160 0.0150862 0.0654109 0.1071789 0.0564666 0.0630790 0.0632360 0.0699548 0.0630790 0.0623601 0.0150862 0.2220881 0.0400059 0.0623601 0.0563212 0.0656171 0.0664796 0.1010160 0.0489696 0.0150862 0.1471858 0.0584173 0.0167624 0.0150862 0.0513835 0.0563212 0.0588182 0.0698152 0.0368119 0.0599485 0.0698287 0.0609271 0.0564666 0.0328565 0.0653927 0.0779302 0.0334619 0.3517312 0.0610810 0.0000000 0.1854027 0.0634564 0.0328565 0.0654109 0.0697214 0.0399155 0.0608184 0.0609271 
AB013014.1_Oikopleura_dioica             0.1886169 0.1934592 0.1806318 0.2183637 0.2648561 0.1933121 0.1889165 0.2149422 0.1748355 0.1887668 0.1886169 0.1991538 0.1887668 0.1840425 0.1933121 0.2960084 0.1908882 0.1840425 0.1810949 0.2196604 0.2470095 0.2648561 0.1859279 0.1933121 0.2823331 0.1806318 0.1972856 0.1933121 0.2086219 0.1810949 0.1882364 0.1929230 0.1980449 0.1804110 0.2174783 0.1920893 0.1748355 0.1775817 0.2187330 0.2122903 0.1876455 0.5477994 0.1825173 0.1854027 0.0000000 0.1893961 0.1712539 0.1889165 0.2170649 0.1784675 0.1845655 0.1889165 
HQ015413.1_Thalia_democratica            0.0000010 0.0903882 0.0232317 0.1551441 0.1511736 0.0684594 0.0355549 0.1523148 0.0282334 0.0355549 0.0000010 0.0056941 0.0355549 0.0298997 0.0684594 0.2424742 0.1016336 0.0298997 0.0283128 0.0478981 0.0502016 0.1511736 0.0900813 0.0684594 0.1896584 0.0232317 0.0710093 0.0684594 0.0873227 0.0283128 0.0336772 0.0431141 0.0928060 0.1062768 0.0610508 0.0337345 0.0282334 0.0871738 0.0477386 0.0557283 0.0535643 0.3900951 0.0355549 0.0634564 0.1893961 0.0000000 0.0871738 0.0355549 0.0609572 0.0900033 0.0250427 0.0320233 
AF165821.2_Chelyosoma_siboja             0.0868578 0.0146056 0.0760633 0.1031744 0.1134027 0.0444149 0.0815561 0.1008371 0.0718858 0.0769209 0.0868578 0.0886688 0.0769209 0.0781760 0.0407474 0.1983920 0.0162692 0.0781760 0.0717178 0.0913958 0.0992592 0.1134027 0.0182405 0.0444149 0.1485072 0.0760633 0.0428061 0.0407474 0.0727609 0.0717178 0.0701214 0.0841132 0.0145989 0.0432158 0.0902406 0.0746331 0.0718858 0.0027996 0.0910666 0.0947002 0.0503628 0.3534630 0.0748052 0.0328565 0.1712539 0.0871738 0.0000000 0.0815561 0.0900953 0.0193621 0.0787149 0.0746331 
HQ015404.1_Brooksia_rostrata             0.0354419 0.0890787 0.0227836 0.1518848 0.1354769 0.0654109 0.0000010 0.1490981 0.0100767 0.0210191 0.0354419 0.0410598 0.0210191 0.0115544 0.0654109 0.2400621 0.0910825 0.0115544 0.0115865 0.0541326 0.0618920 0.1354769 0.0771735 0.0654109 0.1809062 0.0227836 0.0678978 0.0654109 0.0879624 0.0115865 0.0162388 0.0294433 0.0870078 0.0999091 0.0581874 0.0226570 0.0100767 0.0815561 0.0539496 0.0556831 0.0569402 0.3946566 0.0210191 0.0654109 0.1889165 0.0355549 0.0815561 0.0000000 0.0580996 0.0839332 0.0245550 0.0210777 
HQ015387.1_Pegea_confoederata            0.0607471 0.0910666 0.0495705 0.1565746 0.1492779 0.0757976 0.0580996 0.1537410 0.0555187 0.0542312 0.0607471 0.0582001 0.0542312 0.0574394 0.0757976 0.2452930 0.0982226 0.0574394 0.0574394 0.0772401 0.0759213 0.1492779 0.0938792 0.0757976 0.1944814 0.0495705 0.0784080 0.0757976 0.0879348 0.0574394 0.0578300 0.0649348 0.0934455 0.1089484 0.0000010 0.0521786 0.0555187 0.0900953 0.0769686 0.0072244 0.0457903 0.4281006 0.0542312 0.0697214 0.2170649 0.0609572 0.0900953 0.0580996 0.0000000 0.0906865 0.0518206 0.0502796 
FM244840.1_Clavelina_meridionalis        0.0896752 0.0101367 0.0830115 0.1094902 0.1209444 0.0483646 0.0839332 0.1070961 0.0741418 0.0792458 0.0896752 0.0915019 0.0792458 0.0762453 0.0446163 0.1813387 0.0276578 0.0762453 0.0739710 0.0961448 0.1018405 0.1209444 0.0354787 0.0483646 0.1350297 0.0830115 0.0467372 0.0446163 0.0665802 0.0739710 0.0721958 0.0865258 0.0180006 0.0445982 0.0908332 0.0815794 0.0741418 0.0193621 0.0957949 0.0975951 0.0467800 0.3452375 0.0771069 0.0399155 0.1784675 0.0900033 0.0193621 0.0839332 0.0906865 0.0000000 0.0857602 0.0815794 
HQ015399.1_Iasis_cylindrica              0.0249652 0.0861259 0.0013973 0.1369751 0.1317878 0.0560811 0.0245550 0.1343199 0.0178806 0.0212274 0.0249652 0.0268705 0.0212274 0.0163373 0.0560811 0.2108319 0.0790527 0.0163373 0.0179306 0.0521324 0.0556556 0.1317878 0.0722158 0.0560811 0.1608378 0.0013973 0.0584173 0.0560811 0.0874096 0.0179306 0.0260611 0.0280027 0.0840821 0.0943420 0.0518974 0.0195917 0.0178806 0.0787149 0.0519570 0.0495127 0.0428347 0.4071818 0.0212274 0.0608184 0.1845655 0.0250427 0.0787149 0.0245550 0.0518206 0.0857602 0.0000000 0.0180255 
HQ015392.1_Cyclosalpa_affinis            0.0319223 0.0819301 0.0163528 0.1463384 0.1352967 0.0609271 0.0210777 0.1436053 0.0146598 0.0027947 0.0319223 0.0374283 0.0027947 0.0161785 0.0609271 0.2220916 0.0839021 0.0161785 0.0146191 0.0517541 0.0669403 0.1352967 0.0704770 0.0609271 0.1749541 0.0163528 0.0633519 0.0609271 0.0810534 0.0146191 0.0193709 0.0116997 0.0799123 0.0949271 0.0503543 0.0013883 0.0146598 0.0746331 0.0515808 0.0479834 0.0428165 0.4060506 0.0027947 0.0609271 0.1889165 0.0320233 0.0746331 0.0210777 0.0502796 0.0815794 0.0180255 0.0000000 
