64
HQ015413.1_Thalia_democratica            0.0000000 0.1498571 0.0669987 0.0030598 0.2033759 0.1265987 0.0698072 0.0789557 0.0730372 0.0692921 0.0023369 0.0666582 0.0733571 0.0602490 0.1324908 0.1165577 0.0992466 0.0604909 0.0631192 0.3499372 0.1156294 0.3084667 0.1397827 0.1325443 0.1918464 0.2224950 0.0548140 0.1380003 0.1266726 0.1164328 0.0698456 0.0702063 0.0655871 0.1251833 0.0017509 0.1552761 0.1301185 0.1322464 0.1265987 0.0700076 0.1241371 0.0695472 0.0704926 0.1295700 0.0509674 0.1585318 0.3269687 0.2002405 0.1358942 0.1474088 0.4933290 0.0687340 0.0734814 0.1264919 0.3265294 0.0731961 0.0377388 0.0624867 0.1544460 0.0669077 0.1264513 0.1480490 0.1730044 0.0728753 
AB013017.1_Ciona_intestinalis            0.1498571 0.0000000 0.1344499 0.1541419 0.1468326 0.0775844 0.1183198 0.1246849 0.1318935 0.1252952 0.1495478 0.1339726 0.1180564 0.1182279 0.0783924 0.1513619 0.1158134 0.1212217 0.1239136 0.2564093 0.1531060 0.2147068 0.0378649 0.0791578 0.1401598 0.1368955 0.1241051 0.0833936 0.0769518 0.1613819 0.1307677 0.1270523 0.1224918 0.0666582 0.1470245 0.0552354 0.1508476 0.0755052 0.0788605 0.1215479 0.1497154 0.1278624 0.1272175 0.0781680 0.1137724 0.0634475 0.2489231 0.1472834 0.1323222 0.0606202 0.4573133 0.1292279 0.1198481 0.0694834 0.3183734 0.1190379 0.1671288 0.1241053 0.0574286 0.1194780 0.1474606 0.0666723 0.0750299 0.1195026 
HQ015404.1_Brooksia_rostrata             0.0669987 0.1344499 0.0000000 0.0718105 0.1876210 0.1216769 0.0372317 0.0432561 0.0365434 0.0418153 0.0671727 0.0000010 0.0397894 0.0398603 0.1260663 0.1108356 0.0878720 0.0410597 0.0264608 0.3238692 0.1114431 0.2984636 0.1334426 0.1246843 0.1833214 0.2012360 0.0355422 0.1291899 0.1235898 0.1045535 0.0336478 0.0347033 0.0457383 0.1147233 0.0665513 0.1427195 0.1178678 0.1261500 0.1238324 0.0427165 0.1170858 0.0347940 0.0351362 0.1234237 0.0334730 0.1476370 0.3090263 0.1862471 0.1398352 0.1308826 0.4890501 0.0336478 0.0402736 0.1095884 0.3437995 0.0401602 0.0841648 0.0270113 0.1337882 0.0369652 0.1169617 0.1357780 0.1470450 0.0404781 
D14366.1_Thalia_democratica              0.0030598 0.1541419 0.0718105 0.0000000 0.2105294 0.1337158 0.0742842 0.0831149 0.0784840 0.0753467 0.0048980 0.0718105 0.0784985 0.0666604 0.1337954 0.1200026 0.1059211 0.0666604 0.0677591 0.3764956 0.1201976 0.3166568 0.1419352 0.1353613 0.1946741 0.2284629 0.0611320 0.1435302 0.1337954 0.1172039 0.0744696 0.0745808 0.0721441 0.1267367 0.0048980 0.1564380 0.1366234 0.1335590 0.1338404 0.0753467 0.1306935 0.0745808 0.0755791 0.1337158 0.0573336 0.1627305 0.3370926 0.2092211 0.1446225 0.1458457 0.5161000 0.0744696 0.0784985 0.1298518 0.3386370 0.0784985 0.0414860 0.0685897 0.1548541 0.0733223 0.1344426 0.1485715 0.1826007 0.0788480 
FM244861.1_Doliolum_denticulatum         0.2033759 0.1468326 0.1876210 0.2105294 0.0000000 0.1513106 0.1688497 0.1841443 0.1974880 0.1840016 0.1986825 0.1872446 0.1745257 0.1779164 0.1573946 0.2075398 0.1749173 0.1826491 0.1840806 0.3149881 0.2110803 0.2973780 0.1423772 0.1543432 0.0000010 0.2337405 0.1687649 0.1613911 0.1526697 0.2307830 0.1819861 0.1868421 0.1832912 0.1375027 0.1964395 0.1549139 0.2047582 0.1557958 0.1529866 0.1780588 0.2044384 0.1861467 0.1839572 0.1525853 0.1560617 0.1528308 0.3426710 0.0005741 0.2053483 0.1529162 0.4924654 0.1833061 0.1788319 0.1429565 0.3923323 0.1788532 0.2156293 0.1820112 0.1441696 0.1800965 0.2008641 0.1609127 0.1717187 0.1792680 
HQ015382.1_Pyrosomella_verticillata      0.1265987 0.0775844 0.1216769 0.1337158 0.1513106 0.0000000 0.1089208 0.1172936 0.1169640 0.1010312 0.1294006 0.1212508 0.1107277 0.0979042 0.0017744 0.1558142 0.1006516 0.1007690 0.1093557 0.2699395 0.1552731 0.2383198 0.0630837 0.0011615 0.1408871 0.1431924 0.0985002 0.0052796 0.0011494 0.1532970 0.1151240 0.1172904 0.0992962 0.0019047 0.1269592 0.0670133 0.1449720 0.0012034 0.0000010 0.1020883 0.1401392 0.1164335 0.1158425 0.0000010 0.0915959 0.0725647 0.2512401 0.1489697 0.1351214 0.0703045 0.4466002 0.1131099 0.1129821 0.0310877 0.3075851 0.1122294 0.1484826 0.1073395 0.0724312 0.1044113 0.1386769 0.0722527 0.0932118 0.1125819 
HQ015397.1_Cyclosalpa_quadriluminis      0.0698072 0.1183198 0.0372317 0.0742842 0.1688497 0.1089208 0.0000000 0.0049682 0.0384577 0.0093582 0.0704846 0.0372317 0.0000010 0.0398103 0.1096082 0.0988595 0.0707926 0.0398103 0.0300638 0.2943365 0.0990149 0.2850994 0.1297465 0.1116632 0.1698998 0.1903882 0.0401235 0.1168087 0.1089893 0.1006148 0.0353587 0.0331426 0.0406207 0.1063182 0.0704846 0.1260500 0.0985797 0.1099761 0.1089208 0.0093582 0.0994594 0.0331426 0.0339224 0.1089208 0.0369909 0.1282552 0.3012510 0.1676639 0.1233242 0.1186400 0.4913048 0.0353587 0.0000010 0.1011127 0.3359789 0.0000010 0.0770651 0.0300466 0.1179165 0.0099977 0.0985431 0.1192401 0.1445474 0.0000010 
FM244864.1_Cyclosalpa_quadriluminis      0.0789557 0.1246849 0.0432561 0.0831149 0.1841443 0.1172936 0.0049682 0.0000000 0.0438966 0.0149834 0.0790392 0.0433310 0.0071926 0.0454862 0.1197792 0.1146117 0.0788273 0.0442301 0.0348672 0.3097814 0.1163279 0.2963595 0.1366931 0.1198514 0.1761061 0.1987384 0.0418014 0.1290076 0.1192305 0.1116804 0.0403440 0.0382533 0.0450201 0.1099955 0.0787841 0.1377057 0.1063603 0.1208614 0.1194643 0.0147056 0.1080610 0.0383557 0.0404025 0.1190690 0.0385753 0.1395538 0.3158901 0.1875925 0.1303655 0.1258415 0.5043823 0.0433268 0.0048553 0.1049866 0.3559796 0.0048460 0.0841162 0.0344077 0.1268673 0.0136332 0.1056057 0.1321409 0.1541451 0.0048815 
HQ015405.1_Salpa_aspera                  0.0730372 0.1318935 0.0365434 0.0784840 0.1974880 0.1169640 0.0384577 0.0438966 0.0000000 0.0414710 0.0736930 0.0363699 0.0413272 0.0433869 0.1209347 0.1121546 0.0893231 0.0435527 0.0319301 0.3233652 0.1114425 0.2897692 0.1170602 0.1211311 0.1912625 0.1976245 0.0395689 0.1264335 0.1170344 0.1177504 0.0115397 0.0090860 0.0467426 0.1084031 0.0736930 0.1388526 0.1094822 0.1205640 0.1169640 0.0428980 0.1080867 0.0090139 0.0096415 0.1183007 0.0362460 0.1426119 0.3271672 0.1944453 0.1346906 0.1358873 0.5183198 0.0114840 0.0418684 0.1169554 0.3481140 0.0417153 0.0858068 0.0326294 0.1308384 0.0366865 0.1094457 0.1354362 0.1508944 0.0415453 
HQ015392.1_Cyclosalpa_affinis            0.0692921 0.1252952 0.0418153 0.0753467 0.1840016 0.1010312 0.0093582 0.0149834 0.0414710 0.0000000 0.0704233 0.0416174 0.0101936 0.0389402 0.1046726 0.1084889 0.0761285 0.0390873 0.0328864 0.3062035 0.1076399 0.2856096 0.1301442 0.1050541 0.1747601 0.1918417 0.0365815 0.1089891 0.1010928 0.1095117 0.0392322 0.0393771 0.0400934 0.0965726 0.0696415 0.1289224 0.1014476 0.1057238 0.1012780 0.0011646 0.1003718 0.0390359 0.0398156 0.1024725 0.0333707 0.1292113 0.3113752 0.1811669 0.1311007 0.1225565 0.4922795 0.0389177 0.0096882 0.0979509 0.3443945 0.0096557 0.0804417 0.0320919 0.1160551 0.0108148 0.1005720 0.1240570 0.1397278 0.0096551 
HQ015414.1_Thalia_democratica            0.0023369 0.1495478 0.0671727 0.0048980 0.1986825 0.1294006 0.0704846 0.0790392 0.0736930 0.0704233 0.0000000 0.0668340 0.0734819 0.0597490 0.1343684 0.1174659 0.0991642 0.0609428 0.0633185 0.3492017 0.1165363 0.3115637 0.1413089 0.1343979 0.1875688 0.2254440 0.0547311 0.1398361 0.1298928 0.1161963 0.0699985 0.0703570 0.0659856 0.1283245 0.0005779 0.1570895 0.1307409 0.1352955 0.1301466 0.0709366 0.1238351 0.0698999 0.0706402 0.1317557 0.0516461 0.1592201 0.3283380 0.1956371 0.1357017 0.1492500 0.5014090 0.0696734 0.0737712 0.1283542 0.3206416 0.0733232 0.0367240 0.0634409 0.1539443 0.0678449 0.1270986 0.1498971 0.1758664 0.0735301 
HQ015403.1_Brooksia_rostrata             0.0666582 0.1339726 0.0000010 0.0718105 0.1872446 0.1212508 0.0372317 0.0433310 0.0363699 0.0416174 0.0668340 0.0000000 0.0396709 0.0397415 0.1260663 0.1104544 0.0874064 0.0408658 0.0263412 0.3224555 0.1108184 0.2988141 0.1334426 0.1244480 0.1833214 0.2004578 0.0353617 0.1287320 0.1228754 0.1045535 0.0335477 0.0345866 0.0455193 0.1147233 0.0663420 0.1427195 0.1174645 0.1261500 0.1231152 0.0425887 0.1164296 0.0346307 0.0350313 0.1230046 0.0333127 0.1471074 0.3076951 0.1855437 0.1393400 0.1311811 0.4866277 0.0335477 0.0402736 0.1098256 0.3422647 0.0400474 0.0838912 0.0269327 0.1333134 0.0367939 0.1165616 0.1360918 0.1465112 0.0402865 
HQ015394.1_Cyclosalpa_polae              0.0733571 0.1180564 0.0397894 0.0784985 0.1745257 0.1107277 0.0000010 0.0071926 0.0413272 0.0101936 0.0734819 0.0396709 0.0000000 0.0414034 0.1153257 0.1035156 0.0748940 0.0418925 0.0312084 0.2952822 0.1052423 0.2947643 0.1297465 0.1133350 0.1698998 0.1877296 0.0394816 0.1228445 0.1124957 0.1063487 0.0411711 0.0362004 0.0426099 0.1059670 0.0733039 0.1311325 0.1015525 0.1162968 0.1127079 0.0100122 0.1024849 0.0359842 0.0372240 0.1125049 0.0369232 0.1298204 0.3019109 0.1732416 0.1257414 0.1231702 0.4924636 0.0459005 0.0000010 0.0994941 0.3424336 0.0000010 0.0810888 0.0315285 0.1192356 0.0101743 0.1008151 0.1272167 0.1510010 0.0000010 
HQ015400.1_Iasis_cylindrica              0.0602490 0.1182279 0.0398603 0.0666604 0.1779164 0.0979042 0.0398103 0.0454862 0.0433869 0.0389402 0.0597490 0.0397415 0.0414034 0.0000000 0.1028671 0.1115795 0.0775659 0.0005859 0.0340179 0.2798796 0.1124263 0.2953593 0.1137945 0.1012118 0.1710030 0.1833277 0.0012798 0.1126638 0.0994352 0.1005018 0.0410782 0.0391484 0.0059594 0.0974103 0.0597407 0.1239230 0.0982845 0.1035363 0.0996170 0.0395481 0.0943271 0.0389409 0.0444497 0.1003101 0.0000010 0.1272517 0.2933014 0.1763083 0.1347612 0.1186583 0.4810599 0.0455393 0.0414901 0.0968820 0.3281078 0.0412542 0.0730533 0.0342809 0.1185058 0.0355569 0.0967307 0.1280199 0.1440029 0.0413614 
HQ015384.1_Pyrosoma_godeauxi             0.1324908 0.0783924 0.1260663 0.1337954 0.1573946 0.0017744 0.1096082 0.1197792 0.1209347 0.1046726 0.1343684 0.1260663 0.1153257 0.1028671 0.0000000 0.1627813 0.1039076 0.1035009 0.1132591 0.2859133 0.1617286 0.2499651 0.0602829 0.0023752 0.1409698 0.1509315 0.1009851 0.0048189 0.0000010 0.1539778 0.1203656 0.1199712 0.1021210 0.0000010 0.1338105 0.0672077 0.1518122 0.0000010 0.0011892 0.1068766 0.1443939 0.1203682 0.1219018 0.0011863 0.0949468 0.0742360 0.2570580 0.1562755 0.1420011 0.0684491 0.4665202 0.1203656 0.1149539 0.0324445 0.3225522 0.1146668 0.1568173 0.1141786 0.0730705 0.1090438 0.1468320 0.0720467 0.0969289 0.1157924 
FM244865.1_Ihlea_racovitzai              0.1165577 0.1513619 0.1108356 0.1200026 0.2075398 0.1558142 0.0988595 0.1146117 0.1121546 0.1084889 0.1174659 0.1104544 0.1035156 0.1115795 0.1627813 0.0000000 0.1169604 0.1152450 0.1111306 0.3410796 0.0000010 0.3109291 0.1571179 0.1593707 0.2052453 0.2294435 0.1056436 0.1644957 0.1585226 0.0739110 0.1039796 0.1030943 0.1153175 0.1385747 0.1166493 0.1537552 0.1386607 0.1606263 0.1588607 0.1059739 0.1492822 0.1031631 0.1018995 0.1588607 0.0982641 0.1557554 0.3291642 0.2071623 0.1582499 0.1525237 0.5572737 0.1049900 0.1066580 0.1325682 0.3474728 0.1059584 0.1171150 0.1103590 0.1439492 0.1115004 0.1411441 0.1499035 0.1765684 0.1066193 
HQ015390.1_Thetys_vagina                 0.0992466 0.1158134 0.0878720 0.1059211 0.1749173 0.1006516 0.0707926 0.0788273 0.0893231 0.0761285 0.0991642 0.0874064 0.0748940 0.0775659 0.1039076 0.1169604 0.0000000 0.0789840 0.0813371 0.2671954 0.1162212 0.2324977 0.0999262 0.1042938 0.1626323 0.1717379 0.0663144 0.1082359 0.1010230 0.0995661 0.0862314 0.0835771 0.0800532 0.0840632 0.0991642 0.1032665 0.0895110 0.1031494 0.1012071 0.0751366 0.0932980 0.0830163 0.0837853 0.1019917 0.0640512 0.1104925 0.2610515 0.1722142 0.0595791 0.0970780 0.4636461 0.0857221 0.0761331 0.0804125 0.3083632 0.0756617 0.1018905 0.0821958 0.1019681 0.0718597 0.0898495 0.1023167 0.1218916 0.0758796 
HQ015401.1_Iasis_cylindrica              0.0604909 0.1212217 0.0410597 0.0666604 0.1826491 0.1007690 0.0398103 0.0442301 0.0435527 0.0390873 0.0609428 0.0408658 0.0418925 0.0005859 0.1035009 0.1152450 0.0789840 0.0000000 0.0350653 0.2897511 0.1151432 0.2895720 0.1137945 0.1038948 0.1710030 0.1884108 0.0012798 0.1091152 0.0998852 0.1019525 0.0397502 0.0399763 0.0065869 0.0974103 0.0609428 0.1262641 0.1008090 0.1035363 0.1000687 0.0412206 0.0958334 0.0390880 0.0405929 0.1003101 0.0000010 0.1321242 0.2984728 0.1803130 0.1396022 0.1218739 0.4860190 0.0397196 0.0414901 0.0993075 0.3372913 0.0420929 0.0755106 0.0357662 0.1226952 0.0364846 0.0999322 0.1269095 0.1363617 0.0413853 
HQ015410.1_Ritteriella_retracta          0.0631192 0.1239136 0.0264608 0.0677591 0.1840806 0.1093557 0.0300638 0.0348672 0.0319301 0.0328864 0.0633185 0.0263412 0.0312084 0.0340179 0.1132591 0.1111306 0.0813371 0.0350653 0.0000000 0.2995244 0.1115086 0.2991928 0.1211253 0.1122566 0.1763507 0.1912412 0.0293527 0.1160811 0.1102948 0.1048181 0.0268299 0.0270828 0.0352074 0.1025730 0.0631032 0.1310955 0.1070417 0.1140981 0.1105027 0.0340248 0.1054065 0.0269239 0.0274670 0.1103853 0.0281829 0.1357586 0.2986238 0.1812642 0.1378632 0.1279385 0.4929904 0.0273672 0.0318133 0.1012668 0.3241885 0.0316367 0.0747778 0.0005804 0.1224184 0.0276917 0.1074062 0.1276078 0.1438191 0.0317166 
M97571.1_Branchiostoma_floridae          0.3499372 0.2564093 0.3238692 0.3764956 0.3149881 0.2699395 0.2943365 0.3097814 0.3233652 0.3062035 0.3492017 0.3224555 0.2952822 0.2798796 0.2859133 0.3410796 0.2671954 0.2897511 0.2995244 0.0000000 0.3394427 0.3162279 0.2321470 0.2803056 0.3032331 0.2737226 0.2730901 0.2845935 0.2737021 0.3520605 0.3012331 0.3139238 0.2923254 0.2610809 0.3404438 0.2540262 0.3474580 0.2846930 0.2744179 0.3012819 0.3416521 0.3093619 0.3055836 0.2794998 0.2519346 0.2360092 0.2310863 0.3120691 0.3238753 0.2447733 0.4736838 0.2962646 0.3047144 0.2583042 0.4172507 0.3038209 0.3293074 0.2927012 0.2349568 0.2938344 0.3376203 0.2462029 0.2487135 0.3015487 
HQ015378.1_Ihlea_racovitzai              0.1156294 0.1531060 0.1114431 0.1201976 0.2110803 0.1552731 0.0990149 0.1163279 0.1114425 0.1076399 0.1165363 0.1108184 0.1052423 0.1124263 0.1617286 0.0000010 0.1162212 0.1151432 0.1115086 0.3394427 0.0000000 0.3135407 0.1575841 0.1608757 0.2056297 0.2303830 0.1058204 0.1647517 0.1571670 0.0740181 0.1053210 0.1032535 0.1150476 0.1388226 0.1156631 0.1541562 0.1380569 0.1609096 0.1574992 0.1065140 0.1489130 0.1025206 0.1025782 0.1591317 0.0974896 0.1566203 0.3378420 0.2078828 0.1595483 0.1539432 0.5651543 0.1045076 0.1068234 0.1334212 0.3481631 0.1061217 0.1172044 0.1109243 0.1447360 0.1106294 0.1412570 0.1464927 0.1762901 0.1064497 
L12426.2_Molgula_manhattensis            0.3084667 0.2147068 0.2984636 0.3166568 0.2973780 0.2383198 0.2850994 0.2963595 0.2897692 0.2856096 0.3115637 0.2988141 0.2947643 0.2953593 0.2499651 0.3109291 0.2324977 0.2895720 0.2991928 0.3162279 0.3135407 0.0000000 0.1787043 0.2465552 0.2876652 0.1589758 0.2865306 0.2708498 0.2428560 0.3146272 0.2874093 0.2876194 0.2896941 0.2365779 0.3035271 0.2133390 0.3070715 0.2492686 0.2434628 0.2781043 0.2963178 0.2872307 0.2963303 0.2469069 0.2637217 0.1967021 0.3342943 0.2960053 0.2783092 0.2067967 0.6161815 0.2983186 0.2892193 0.2207068 0.3986283 0.2884129 0.3267808 0.2911143 0.2048325 0.2854640 0.3002156 0.2140351 0.2119338 0.2918430 
AJ250778.1_Ciona_intestinalis            0.1397827 0.0378649 0.1334426 0.1419352 0.1423772 0.0630837 0.1297465 0.1366931 0.1170602 0.1301442 0.1413089 0.1334426 0.1297465 0.1137945 0.0602829 0.1571179 0.0999262 0.1137945 0.1211253 0.2321470 0.1575841 0.1787043 0.0000000 0.0632210 0.1423772 0.0961084 0.1175451 0.0653480 0.0602829 0.1656327 0.1229273 0.1238836 0.1152174 0.0602829 0.1413089 0.0350101 0.1659721 0.0602829 0.0630837 0.1266277 0.1612623 0.1238836 0.1238836 0.0630837 0.1137945 0.0324259 0.2113284 0.1423772 0.1318411 0.0472112 0.4716575 0.1229273 0.1297465 0.0653876 0.2624338 0.1297465 0.1713450 0.1229082 0.0324671 0.1232046 0.1642627 0.0499556 0.0516579 0.1297465 
FM244863.1_Pyrosomella_verticillata      0.1325443 0.0791578 0.1246843 0.1353613 0.1543432 0.0011615 0.1116632 0.1198514 0.1211311 0.1050541 0.1343979 0.1244480 0.1133350 0.1012118 0.0023752 0.1593707 0.1042938 0.1038948 0.1122566 0.2803056 0.1608757 0.2465552 0.0632210 0.0000000 0.1425927 0.1469533 0.1016034 0.0065302 0.0023544 0.1567659 0.1182188 0.1201779 0.1025293 0.0031997 0.1325826 0.0691368 0.1487559 0.0018124 0.0011760 0.1051153 0.1442950 0.1205707 0.1197077 0.0011738 0.0954489 0.0759399 0.2523033 0.1531152 0.1392758 0.0722706 0.4539473 0.1182188 0.1157958 0.0326788 0.3165110 0.1150181 0.1535859 0.1122104 0.0739193 0.1093744 0.1439251 0.0732257 0.0973637 0.1160481 
HQ015376.1_Doliolum_denticulatum         0.1918464 0.1401598 0.1833214 0.1946741 0.0000010 0.1408871 0.1698998 0.1761061 0.1912625 0.1747601 0.1875688 0.1833214 0.1698998 0.1710030 0.1409698 0.2052453 0.1626323 0.1710030 0.1763507 0.3032331 0.2056297 0.2876652 0.1423772 0.1425927 0.0000000 0.2246217 0.1726366 0.1511308 0.1409698 0.2141684 0.1784799 0.1807930 0.1703709 0.1371958 0.1875688 0.1452095 0.2025576 0.1414596 0.1408871 0.1723945 0.1994229 0.1807930 0.1824163 0.1408871 0.1596460 0.1469318 0.3358956 0.0000010 0.1982425 0.1440822 0.4933747 0.1784799 0.1698998 0.1344781 0.3751130 0.1698998 0.2055628 0.1775680 0.1393967 0.1712944 0.1992096 0.1489758 0.1648518 0.1698998 
AY903925.1_Halocynthia_igaboja           0.2224950 0.1368955 0.2012360 0.2284629 0.2337405 0.1431924 0.1903882 0.1987384 0.1976245 0.1918417 0.2254440 0.2004578 0.1877296 0.1833277 0.1509315 0.2294435 0.1717379 0.1884108 0.1912412 0.2737226 0.2303830 0.1589758 0.0961084 0.1469533 0.2246217 0.0000000 0.1844616 0.1564613 0.1477122 0.2250999 0.2001319 0.2009250 0.1898448 0.1365924 0.2216640 0.1256207 0.2203856 0.1515699 0.1458735 0.1885525 0.2175559 0.2010303 0.1993581 0.1463517 0.1726388 0.1136337 0.2613899 0.2318309 0.2106081 0.1239002 0.4881995 0.1984179 0.1907684 0.1329918 0.3286905 0.1893442 0.2279009 0.1886521 0.1182327 0.1872795 0.2128863 0.1235676 0.1397108 0.1903498 
FM244866.1_Iasis_cylindrica              0.0548140 0.1241051 0.0355422 0.0611320 0.1687649 0.0985002 0.0401235 0.0418014 0.0395689 0.0365815 0.0547311 0.0353617 0.0394816 0.0012798 0.1009851 0.1056436 0.0663144 0.0012798 0.0293527 0.2730901 0.1058204 0.2865306 0.1175451 0.1016034 0.1726366 0.1844616 0.0000000 0.1048800 0.0985665 0.0943691 0.0340892 0.0350545 0.0065067 0.1001319 0.0547311 0.1242930 0.0930018 0.1013419 0.0985002 0.0381017 0.0877767 0.0349744 0.0358027 0.0988402 0.0012798 0.1276944 0.2918097 0.1668703 0.1294686 0.1185474 0.4879313 0.0340892 0.0397526 0.1004797 0.3047493 0.0395969 0.0636059 0.0300988 0.1188598 0.0337954 0.0920724 0.1250743 0.1437804 0.0394816 
AB013011.1_Pyrosoma_atlanticum           0.1380003 0.0833936 0.1291899 0.1435302 0.1613911 0.0052796 0.1168087 0.1290076 0.1264335 0.1089891 0.1398361 0.1287320 0.1228445 0.1126638 0.0048189 0.1644957 0.1082359 0.1091152 0.1160811 0.2845935 0.1647517 0.2708498 0.0653480 0.0065302 0.1511308 0.1564613 0.1048800 0.0000000 0.0041401 0.1589144 0.1278539 0.1263798 0.1075594 0.0051799 0.1388751 0.0720933 0.1549383 0.0042906 0.0053490 0.1093962 0.1500143 0.1258450 0.1327080 0.0053683 0.1004362 0.0782658 0.2586419 0.1584116 0.1477691 0.0753592 0.4687417 0.1338087 0.1207595 0.0364523 0.3204593 0.1199412 0.1546751 0.1166532 0.0773884 0.1144084 0.1490873 0.0811060 0.1104707 0.1203252 
HQ015383.1_Pyrosomella_verticillata      0.1266726 0.0769518 0.1235898 0.1337954 0.1526697 0.0011494 0.1089893 0.1192305 0.1170344 0.1010928 0.1298928 0.1228754 0.1124957 0.0994352 0.0000010 0.1585226 0.1010230 0.0998852 0.1102948 0.2737021 0.1571670 0.2428560 0.0602829 0.0023544 0.1409698 0.1477122 0.0985665 0.0041401 0.0000000 0.1542089 0.1169996 0.1177416 0.0996655 0.0006330 0.1289144 0.0659654 0.1474054 0.0000010 0.0011516 0.1036874 0.1409412 0.1165034 0.1177266 0.0011688 0.0916543 0.0719008 0.2517816 0.1502823 0.1373434 0.0695892 0.4473343 0.1149223 0.1131334 0.0314945 0.3120185 0.1126550 0.1510220 0.1090373 0.0717605 0.1047967 0.1409926 0.0715614 0.0927430 0.1126499 
HQ015377.1_Salpidae_gen._nov._sp._nov._A 0.1164328 0.1613819 0.1045535 0.1172039 0.2307830 0.1532970 0.1006148 0.1116804 0.1177504 0.1095117 0.1161963 0.1045535 0.1063487 0.1005018 0.1539778 0.0739110 0.0995661 0.1019525 0.1048181 0.3520605 0.0740181 0.3146272 0.1656327 0.1567659 0.2141684 0.2250999 0.0943691 0.1589144 0.1542089 0.0000000 0.1065949 0.1123183 0.0997453 0.1340112 0.1159892 0.1561717 0.1346766 0.1538352 0.1545399 0.1099735 0.1379974 0.1126790 0.1133221 0.1539969 0.0870103 0.1698957 0.3027850 0.2292019 0.1554223 0.1503291 0.5633270 0.1065949 0.1067968 0.1305386 0.3493269 0.1065363 0.1138036 0.1058767 0.1615888 0.1083875 0.1351662 0.1533379 0.1780867 0.1075561 
FM244867.1_Salpa_thompsoni               0.0698456 0.1307677 0.0336478 0.0744696 0.1819861 0.1151240 0.0353587 0.0403440 0.0115397 0.0392322 0.0699985 0.0335477 0.0411711 0.0410782 0.1203656 0.1039796 0.0862314 0.0397502 0.0268299 0.3012331 0.1053210 0.2874093 0.1229273 0.1182188 0.1784799 0.2001319 0.0340892 0.1278539 0.1169996 0.1065949 0.0000000 0.0083944 0.0428884 0.1069743 0.0698634 0.1380856 0.1076818 0.1179842 0.1172255 0.0398394 0.1066973 0.0083884 0.0106446 0.1174125 0.0313311 0.1433679 0.3111517 0.1845511 0.1361915 0.1351650 0.4992501 0.0023106 0.0393731 0.1133582 0.3294265 0.0391496 0.0807958 0.0271714 0.1296751 0.0330128 0.1069405 0.1373056 0.1560958 0.0393041 
HQ015409.1_Salpa_fusiformis              0.0702063 0.1270523 0.0347033 0.0745808 0.1868421 0.1172904 0.0331426 0.0382533 0.0090860 0.0393771 0.0703570 0.0345866 0.0362004 0.0391484 0.1199712 0.1030943 0.0835771 0.0399763 0.0270828 0.3139238 0.1032535 0.2876194 0.1238836 0.1201779 0.1807930 0.2009250 0.0350545 0.1263798 0.1177416 0.1123183 0.0083944 0.0000000 0.0431352 0.1084402 0.0703570 0.1394227 0.1037975 0.1206009 0.1179704 0.0406887 0.1020083 0.0000010 0.0005878 0.1176706 0.0322605 0.1411724 0.3112406 0.1854619 0.1341243 0.1361790 0.5086246 0.0083944 0.0364266 0.1150178 0.3444969 0.0362209 0.0795141 0.0277682 0.1305533 0.0345016 0.1037617 0.1336619 0.1531168 0.0364871 
HQ015399.1_Iasis_cylindrica              0.0655871 0.1224918 0.0457383 0.0721441 0.1832912 0.0992962 0.0406207 0.0450201 0.0467426 0.0400934 0.0659856 0.0455193 0.0426099 0.0059594 0.1021210 0.1153175 0.0800532 0.0065869 0.0352074 0.2923254 0.1150476 0.2896941 0.1152174 0.1025293 0.1703709 0.1898448 0.0065067 0.1075594 0.0996655 0.0997453 0.0428884 0.0431352 0.0000000 0.0958101 0.0659856 0.1297809 0.0998365 0.1021933 0.0986542 0.0414060 0.0948792 0.0430178 0.0437042 0.1002310 0.0048904 0.1349397 0.2977983 0.1806482 0.1400825 0.1212783 0.5068422 0.0428055 0.0431101 0.1011987 0.3342152 0.0428636 0.0807200 0.0359115 0.1254497 0.0380319 0.0989621 0.1235158 0.1397861 0.0421534 
FM244862.1_Pyrosoma_godeauxi             0.1251833 0.0666582 0.1147233 0.1267367 0.1375027 0.0019047 0.1063182 0.1099955 0.1084031 0.0965726 0.1283245 0.1147233 0.1059670 0.0974103 0.0000010 0.1385747 0.0840632 0.0974103 0.1025730 0.2610809 0.1388226 0.2365779 0.0602829 0.0031997 0.1371958 0.1365924 0.1001319 0.0051799 0.0006330 0.1340112 0.1069743 0.1084402 0.0958101 0.0000000 0.1283245 0.0527940 0.1310067 0.0000010 0.0019047 0.0985391 0.1245596 0.1084402 0.1097320 0.0019047 0.0974103 0.0614979 0.2366987 0.1362417 0.1213302 0.0540013 0.4465006 0.1069743 0.1059670 0.0227235 0.2774944 0.1059670 0.1420680 0.1036192 0.0585909 0.1013822 0.1260495 0.0579236 0.0878423 0.1059670 
HQ015415.1_Thalia_democratica            0.0017509 0.1470245 0.0665513 0.0048980 0.1964395 0.1269592 0.0704846 0.0787841 0.0736930 0.0696415 0.0005779 0.0663420 0.0733039 0.0597407 0.1338105 0.1166493 0.0991642 0.0609428 0.0631032 0.3404438 0.1156631 0.3035271 0.1413089 0.1325826 0.1875688 0.2216640 0.0547311 0.1388751 0.1289144 0.1159892 0.0698634 0.0703570 0.0659856 0.1283245 0.0000000 0.1560494 0.1276764 0.1352955 0.1291658 0.0700219 0.1236155 0.0698999 0.0704973 0.1317557 0.0508955 0.1566801 0.3255414 0.1936747 0.1346025 0.1470529 0.4902834 0.0679332 0.0737712 0.1268608 0.3159117 0.0733232 0.0362722 0.0626461 0.1515015 0.0670785 0.1241923 0.1487007 0.1717122 0.0735301 
AB104873.1_Perophora_sagamiensis         0.1552761 0.0552354 0.1427195 0.1564380 0.1549139 0.0670133 0.1260500 0.1377057 0.1388526 0.1289224 0.1570895 0.1427195 0.1311325 0.1239230 0.0672077 0.1537552 0.1032665 0.1262641 0.1310955 0.2540262 0.1541562 0.2133390 0.0350101 0.0691368 0.1452095 0.1256207 0.1242930 0.0720933 0.0659654 0.1561717 0.1380856 0.1394227 0.1297809 0.0527940 0.1560494 0.0000000 0.1537113 0.0642723 0.0677825 0.1266415 0.1534152 0.1398943 0.1397392 0.0675847 0.1150778 0.0424323 0.2166138 0.1548925 0.1372896 0.0440531 0.4534189 0.1380856 0.1324351 0.0541064 0.2989742 0.1320968 0.1736562 0.1318406 0.0373905 0.1284198 0.1515468 0.0470673 0.0563020 0.1321184 
HQ015387.1_Pegea_confoederata            0.1301185 0.1508476 0.1178678 0.1366234 0.2047582 0.1449720 0.0985797 0.1063603 0.1094822 0.1014476 0.1307409 0.1174645 0.1015525 0.0982845 0.1518122 0.1386607 0.0895110 0.1008090 0.1070417 0.3474580 0.1380569 0.3070715 0.1659721 0.1487559 0.2025576 0.2203856 0.0930018 0.1549383 0.1474054 0.1346766 0.1076818 0.1037975 0.0998365 0.1310067 0.1276764 0.1537113 0.0000000 0.1524739 0.1477061 0.1019506 0.0102473 0.1030677 0.1029599 0.1481654 0.0869743 0.1502252 0.3244710 0.2032947 0.1394491 0.1422700 0.5379468 0.1069587 0.1031943 0.1195662 0.3692323 0.1025189 0.1284206 0.1074907 0.1467041 0.0977144 0.0034548 0.1442547 0.1664116 0.1028342 
HQ015385.1_Pyrosoma_atlanticum           0.1322464 0.0755052 0.1261500 0.1335590 0.1557958 0.0012034 0.1099761 0.1208614 0.1205640 0.1057238 0.1352955 0.1261500 0.1162968 0.1035363 0.0000010 0.1606263 0.1031494 0.1035363 0.1140981 0.2846930 0.1609096 0.2492686 0.0602829 0.0018124 0.1414596 0.1515699 0.1013419 0.0042906 0.0000010 0.1538352 0.1179842 0.1206009 0.1021933 0.0000010 0.1352955 0.0642723 0.1524739 0.0000000 0.0012034 0.1076414 0.1458144 0.1206009 0.1218966 0.0012034 0.0952608 0.0725177 0.2538867 0.1546578 0.1412249 0.0674510 0.4584186 0.1179842 0.1162968 0.0316891 0.3210579 0.1162968 0.1576021 0.1151260 0.0720911 0.1105364 0.1473785 0.0701528 0.0951693 0.1162968 
HQ015381.1_Pyrosoma_atlanticum           0.1265987 0.0788605 0.1238324 0.1338404 0.1529866 0.0000010 0.1089208 0.1194643 0.1169640 0.1012780 0.1301466 0.1231152 0.1127079 0.0996170 0.0011892 0.1588607 0.1012071 0.1000687 0.1105027 0.2744179 0.1574992 0.2434628 0.0630837 0.0011760 0.1408871 0.1458735 0.0985002 0.0053490 0.0011516 0.1545399 0.1172255 0.1179704 0.0986542 0.0019047 0.1291658 0.0677825 0.1477061 0.0012034 0.0000000 0.1038780 0.1412273 0.1167273 0.1179537 0.0000010 0.0915959 0.0737154 0.2524234 0.1505909 0.1376156 0.0714633 0.4487703 0.1151402 0.1133495 0.0315409 0.3128953 0.1128693 0.1513369 0.1092404 0.0735890 0.1049887 0.1412772 0.0734397 0.0947813 0.1125819 
HQ015391.1_Cyclosalpa_affinis            0.0700076 0.1215479 0.0427165 0.0753467 0.1780588 0.1020883 0.0093582 0.0147056 0.0428980 0.0011646 0.0709366 0.0425887 0.0100122 0.0395481 0.1068766 0.1059739 0.0751366 0.0412206 0.0340248 0.3012819 0.1065140 0.2781043 0.1266277 0.1051153 0.1723945 0.1885525 0.0381017 0.1093962 0.1036874 0.1099735 0.0398394 0.0406887 0.0414060 0.0985391 0.0700219 0.1266415 0.1019506 0.1076414 0.1038780 0.0000000 0.1007294 0.0404428 0.0404110 0.1042363 0.0347796 0.1259287 0.3073096 0.1768331 0.1269748 0.1194164 0.4917858 0.0409068 0.0096833 0.0956520 0.3393957 0.0096324 0.0790265 0.0334563 0.1131589 0.0126154 0.1002951 0.1253087 0.1372243 0.0096551 
HQ015386.1_Pegea_confoederata            0.1241371 0.1497154 0.1170858 0.1306935 0.2044384 0.1401392 0.0994594 0.1080610 0.1080867 0.1003718 0.1238351 0.1164296 0.1024849 0.0943271 0.1443939 0.1492822 0.0932980 0.0958334 0.1054065 0.3416521 0.1489130 0.2963178 0.1612623 0.1442950 0.1994229 0.2175559 0.0877767 0.1500143 0.1409412 0.1379974 0.1066973 0.1020083 0.0948792 0.1245596 0.1236155 0.1534152 0.0102473 0.1458144 0.1412273 0.1007294 0.0000000 0.1016881 0.1023243 0.1418089 0.0827616 0.1456169 0.3322727 0.2029331 0.1367366 0.1435616 0.5564008 0.1064531 0.1040616 0.1212122 0.3711009 0.1033799 0.1247291 0.1063570 0.1393950 0.0971018 0.0089905 0.1420216 0.1700185 0.1036983 
HQ015408.1_Salpa_maxima                  0.0695472 0.1278624 0.0347940 0.0745808 0.1861467 0.1164335 0.0331426 0.0383557 0.0090139 0.0390359 0.0698999 0.0346307 0.0359842 0.0389409 0.1203682 0.1031631 0.0830163 0.0390880 0.0269239 0.3093619 0.1025206 0.2872307 0.1238836 0.1205707 0.1807930 0.2010303 0.0349744 0.1258450 0.1165034 0.1126790 0.0083884 0.0000010 0.0430178 0.1084402 0.0698999 0.1398943 0.1030677 0.1206009 0.1167273 0.0404428 0.1016881 0.0000000 0.0005846 0.1177582 0.0319784 0.1401107 0.3126753 0.1832790 0.1332462 0.1366382 0.5049644 0.0083484 0.0364474 0.1153894 0.3406346 0.0363161 0.0789824 0.0276051 0.1295816 0.0342977 0.1030321 0.1341139 0.1519313 0.0363142 
HQ015407.1_Salpa_maxima                  0.0704926 0.1272175 0.0351362 0.0755791 0.1839572 0.1158425 0.0339224 0.0404025 0.0096415 0.0398156 0.0706402 0.0350313 0.0372240 0.0444497 0.1219018 0.1018995 0.0837853 0.0405929 0.0274670 0.3055836 0.1025782 0.2963303 0.1238836 0.1197077 0.1824163 0.1993581 0.0358027 0.1327080 0.1177266 0.1133221 0.0106446 0.0005878 0.0437042 0.1097320 0.0704973 0.1397392 0.1029599 0.1218966 0.1179537 0.0404110 0.1023243 0.0005846 0.0000000 0.1189094 0.0327430 0.1390895 0.3106673 0.1822409 0.1386712 0.1354060 0.5038653 0.0148711 0.0371995 0.1148075 0.3380509 0.0369889 0.0785706 0.0278014 0.1279326 0.0349565 0.1022242 0.1375527 0.1615290 0.0370844 
HQ015380.1_Pyrosomella_verticillata      0.1295700 0.0781680 0.1234237 0.1337158 0.1525853 0.0000010 0.1089208 0.1190690 0.1183007 0.1024725 0.1317557 0.1230046 0.1125049 0.1003101 0.0011863 0.1588607 0.1019917 0.1003101 0.1103853 0.2794998 0.1591317 0.2469069 0.0630837 0.0011738 0.1408871 0.1463517 0.0988402 0.0053683 0.0011688 0.1539969 0.1174125 0.1176706 0.1002310 0.0019047 0.1317557 0.0675847 0.1481654 0.0012034 0.0000010 0.1042363 0.1418089 0.1177582 0.1189094 0.0000000 0.0929214 0.0749501 0.2484098 0.1513526 0.1386243 0.0712506 0.4501886 0.1174125 0.1129821 0.0314569 0.3167520 0.1125049 0.1530287 0.1113694 0.0729144 0.1070081 0.1432981 0.0732219 0.0964598 0.1133089 
HQ015402.1_Iasis_cylindrica              0.0509674 0.1137724 0.0334730 0.0573336 0.1560617 0.0915959 0.0369909 0.0385753 0.0362460 0.0333707 0.0516461 0.0333127 0.0369232 0.0000010 0.0949468 0.0982641 0.0640512 0.0000010 0.0281829 0.2519346 0.0974896 0.2637217 0.1137945 0.0954489 0.1596460 0.1726388 0.0012798 0.1004362 0.0916543 0.0870103 0.0313311 0.0322605 0.0048904 0.0974103 0.0508955 0.1150778 0.0869743 0.0952608 0.0915959 0.0347796 0.0827616 0.0319784 0.0327430 0.0929214 0.0000000 0.1170795 0.2788259 0.1535629 0.1223045 0.1092102 0.4619188 0.0310786 0.0366480 0.0924739 0.2927606 0.0365128 0.0590646 0.0281068 0.1081100 0.0308287 0.0861164 0.1139115 0.1305322 0.0363153 
AB075543.1_Megalodicopia_hians           0.1585318 0.0634475 0.1476370 0.1627305 0.1528308 0.0725647 0.1282552 0.1395538 0.1426119 0.1292113 0.1592201 0.1471074 0.1298204 0.1272517 0.0742360 0.1557554 0.1104925 0.1321242 0.1357586 0.2360092 0.1566203 0.1967021 0.0324259 0.0759399 0.1469318 0.1136337 0.1276944 0.0782658 0.0719008 0.1698957 0.1433679 0.1411724 0.1349397 0.0614979 0.1566801 0.0424323 0.1502252 0.0725177 0.0737154 0.1259287 0.1456169 0.1401107 0.1390895 0.0749501 0.1170795 0.0000000 0.2445874 0.1529571 0.1359946 0.0473399 0.4536552 0.1389948 0.1329839 0.0598809 0.3007415 0.1320707 0.1719043 0.1321366 0.0154539 0.1277751 0.1431240 0.0553410 0.0693850 0.1313549 
M91181.1_Echinorhinus_cookei             0.3269687 0.2489231 0.3090263 0.3370926 0.3426710 0.2512401 0.3012510 0.3158901 0.3271672 0.3113752 0.3283380 0.3076951 0.3019109 0.2933014 0.2570580 0.3291642 0.2610515 0.2984728 0.2986238 0.2310863 0.3378420 0.3342943 0.2113284 0.2523033 0.3358956 0.2613899 0.2918097 0.2586419 0.2517816 0.3027850 0.3111517 0.3112406 0.2977983 0.2366987 0.3255414 0.2166138 0.3244710 0.2538867 0.2524234 0.3073096 0.3322727 0.3126753 0.3106673 0.2484098 0.2788259 0.2445874 0.0000000 0.3437018 0.3069101 0.2364100 0.3768863 0.3103808 0.3040003 0.2329193 0.4379923 0.3047533 0.3260286 0.2963247 0.2437805 0.2987623 0.3220178 0.2363167 0.2486809 0.3065223 
AB013012.1_Doliolum_nationalis           0.2002405 0.1472834 0.1862471 0.2092211 0.0005741 0.1489697 0.1676639 0.1875925 0.1944453 0.1811669 0.1956371 0.1855437 0.1732416 0.1763083 0.1562755 0.2071623 0.1722142 0.1803130 0.1812642 0.3120691 0.2078828 0.2960053 0.1423772 0.1531152 0.0000010 0.2318309 0.1668703 0.1584116 0.1502823 0.2292019 0.1845511 0.1854619 0.1806482 0.1362417 0.1936747 0.1548925 0.2032947 0.1546578 0.1505909 0.1768331 0.2029331 0.1832790 0.1822409 0.1513526 0.1535629 0.1529571 0.3437018 0.0000000 0.2032666 0.1530360 0.4964100 0.1803023 0.1774797 0.1429365 0.3862016 0.1775077 0.2123759 0.1807530 0.1446548 0.1773232 0.1992163 0.1612144 0.1703808 0.1768023 
HQ015389.1_Soestia_zonaria               0.1358942 0.1323222 0.1398352 0.1446225 0.2053483 0.1351214 0.1233242 0.1303655 0.1346906 0.1311007 0.1357017 0.1393400 0.1257414 0.1347612 0.1420011 0.1582499 0.0595791 0.1396022 0.1378632 0.3238753 0.1595483 0.2783092 0.1318411 0.1392758 0.1982425 0.2106081 0.1294686 0.1477691 0.1373434 0.1554223 0.1361915 0.1341243 0.1400825 0.1213302 0.1346025 0.1372896 0.1394491 0.1412249 0.1376156 0.1269748 0.1367366 0.1332462 0.1386712 0.1386243 0.1223045 0.1359946 0.3069101 0.2032666 0.0000000 0.1219033 0.5228486 0.1417575 0.1280671 0.1120209 0.3274611 0.1272008 0.1385140 0.1366585 0.1298000 0.1254028 0.1401509 0.1232712 0.1659323 0.1276081 
FM244841.1_Pycnoclavella_aff._detorta    0.1474088 0.0606202 0.1308826 0.1458457 0.1529162 0.0703045 0.1186400 0.1258415 0.1358873 0.1225565 0.1492500 0.1311811 0.1231702 0.1186583 0.0684491 0.1525237 0.0970780 0.1218739 0.1279385 0.2447733 0.1539432 0.2067967 0.0472112 0.0722706 0.1440822 0.1239002 0.1185474 0.0753592 0.0695892 0.1503291 0.1351650 0.1361790 0.1212783 0.0540013 0.1470529 0.0440531 0.1422700 0.0674510 0.0714633 0.1194164 0.1435616 0.1366382 0.1354060 0.0712506 0.1092102 0.0473399 0.2364100 0.1530360 0.1219033 0.0000000 0.4284840 0.1351650 0.1253710 0.0528088 0.3079049 0.1250532 0.1518629 0.1276646 0.0400468 0.1201445 0.1375350 0.0174524 0.0671468 0.1263010 
M97574.1_Myxine_glutinosa                0.4933290 0.4573133 0.4890501 0.5161000 0.4924654 0.4466002 0.4913048 0.5043823 0.5183198 0.4922795 0.5014090 0.4866277 0.4924636 0.4810599 0.4665202 0.5572737 0.4636461 0.4860190 0.4929904 0.4736838 0.5651543 0.6161815 0.4716575 0.4539473 0.4933747 0.4881995 0.4879313 0.4687417 0.4473343 0.5633270 0.4992501 0.5086246 0.5068422 0.4465006 0.4902834 0.4534189 0.5379468 0.4584186 0.4487703 0.4917858 0.5564008 0.5049644 0.5038653 0.4501886 0.4619188 0.4536552 0.3768863 0.4964100 0.5228486 0.4284840 0.0000000 0.4981943 0.4952176 0.4257898 0.8314802 0.4980890 0.4904166 0.4795527 0.4591822 0.4902030 0.5346259 0.4452258 0.4621121 0.4990566 
HQ015406.1_Salpa_thompsoni               0.0687340 0.1292279 0.0336478 0.0744696 0.1833061 0.1131099 0.0353587 0.0433268 0.0114840 0.0389177 0.0696734 0.0335477 0.0459005 0.0455393 0.1203656 0.1049900 0.0857221 0.0397196 0.0273672 0.2962646 0.1045076 0.2983186 0.1229273 0.1182188 0.1784799 0.1984179 0.0340892 0.1338087 0.1149223 0.1065949 0.0023106 0.0083944 0.0428055 0.1069743 0.0679332 0.1380856 0.1069587 0.1179842 0.1151402 0.0409068 0.1064531 0.0083484 0.0148711 0.1174125 0.0310786 0.1389948 0.3103808 0.1803023 0.1417575 0.1351650 0.4981943 0.0000000 0.0393731 0.1133582 0.3280613 0.0391496 0.0801482 0.0274649 0.1305608 0.0325130 0.1057125 0.1361344 0.1663820 0.0392511 
HQ015395.1_Cyclosalpa_sewelli            0.0734814 0.1198481 0.0402736 0.0784985 0.1788319 0.1129821 0.0000010 0.0048553 0.0418684 0.0096882 0.0737712 0.0402736 0.0000010 0.0414901 0.1149539 0.1066580 0.0761331 0.0414901 0.0318133 0.3047144 0.1068234 0.2892193 0.1297465 0.1157958 0.1698998 0.1907684 0.0397526 0.1207595 0.1131334 0.1067968 0.0393731 0.0364266 0.0431101 0.1059670 0.0737712 0.1324351 0.1031943 0.1162968 0.1133495 0.0096833 0.1040616 0.0364474 0.0371995 0.1129821 0.0366480 0.1329839 0.3040003 0.1774797 0.1280671 0.1253710 0.4952176 0.0393731 0.0000000 0.1009397 0.3549159 0.0000010 0.0827321 0.0317956 0.1225649 0.0096882 0.1031582 0.1249584 0.1451835 0.0000010 
HQ015379.1_Pyrostremma_spinosum          0.1264919 0.0694834 0.1095884 0.1298518 0.1429565 0.0310877 0.1011127 0.1049866 0.1169554 0.0979509 0.1283542 0.1098256 0.0994941 0.0968820 0.0324445 0.1325682 0.0804125 0.0993075 0.1012668 0.2583042 0.1334212 0.2207068 0.0653876 0.0326788 0.1344781 0.1329918 0.1004797 0.0364523 0.0314945 0.1305386 0.1133582 0.1150178 0.1011987 0.0227235 0.1268608 0.0541064 0.1195662 0.0316891 0.0315409 0.0956520 0.1212122 0.1153894 0.1148075 0.0314569 0.0924739 0.0598809 0.2329193 0.1429365 0.1120209 0.0528088 0.4257898 0.1133582 0.1009397 0.0000000 0.2957219 0.1006954 0.1459361 0.1014785 0.0556244 0.0971180 0.1152507 0.0587590 0.0724034 0.1016511 
AB013014.1_Oikopleura_dioica             0.3265294 0.3183734 0.3437995 0.3386370 0.3923323 0.3075851 0.3359789 0.3559796 0.3481140 0.3443945 0.3206416 0.3422647 0.3424336 0.3281078 0.3225522 0.3474728 0.3083632 0.3372913 0.3241885 0.4172507 0.3481631 0.3986283 0.2624338 0.3165110 0.3751130 0.3286905 0.3047493 0.3204593 0.3120185 0.3493269 0.3294265 0.3444969 0.3342152 0.2774944 0.3159117 0.2989742 0.3692323 0.3210579 0.3128953 0.3393957 0.3711009 0.3406346 0.3380509 0.3167520 0.2927606 0.3007415 0.4379923 0.3862016 0.3274611 0.3079049 0.8314802 0.3280613 0.3549159 0.2957219 0.0000000 0.3517960 0.3491790 0.3226200 0.2875980 0.3389263 0.3676290 0.3035716 0.3133182 0.3491642 
HQ015396.1_Cyclosalpa_polae              0.0731961 0.1190379 0.0401602 0.0784985 0.1788532 0.1122294 0.0000010 0.0048460 0.0417153 0.0096557 0.0733232 0.0400474 0.0000010 0.0412542 0.1146668 0.1059584 0.0756617 0.0420929 0.0316367 0.3038209 0.1061217 0.2884129 0.1297465 0.1150181 0.1698998 0.1893442 0.0395969 0.1199412 0.1126550 0.1065363 0.0391496 0.0362209 0.0428636 0.1059670 0.0733232 0.1320968 0.1025189 0.1162968 0.1128693 0.0096324 0.1033799 0.0363161 0.0369889 0.1125049 0.0365128 0.1320707 0.3047533 0.1775077 0.1272008 0.1250532 0.4980890 0.0391496 0.0000010 0.1006954 0.3517960 0.0000000 0.0822138 0.0316192 0.1217305 0.0096372 0.1024830 0.1246401 0.1441648 0.0000010 
HQ015412.1_Thalia_orientalis             0.0377388 0.1671288 0.0841648 0.0414860 0.2156293 0.1484826 0.0770651 0.0841162 0.0858068 0.0804417 0.0367240 0.0838912 0.0810888 0.0730533 0.1568173 0.1171150 0.1018905 0.0755106 0.0747778 0.3293074 0.1172044 0.3267808 0.1713450 0.1535859 0.2055628 0.2279009 0.0636059 0.1546751 0.1510220 0.1138036 0.0807958 0.0795141 0.0807200 0.1420680 0.0362722 0.1736562 0.1284206 0.1576021 0.1513369 0.0790265 0.1247291 0.0789824 0.0785706 0.1530287 0.0590646 0.1719043 0.3260286 0.2123759 0.1385140 0.1518629 0.4904166 0.0801482 0.0827321 0.1459361 0.3491790 0.0822138 0.0000000 0.0729856 0.1620397 0.0808814 0.1272870 0.1538503 0.1929265 0.0824540 
HQ015411.1_Ritteriella_retracta          0.0624867 0.1241053 0.0270113 0.0685897 0.1820112 0.1073395 0.0300466 0.0344077 0.0326294 0.0320919 0.0634409 0.0269327 0.0315285 0.0342809 0.1141786 0.1103590 0.0821958 0.0357662 0.0005804 0.2927012 0.1109243 0.2911143 0.1229082 0.1122104 0.1775680 0.1886521 0.0300988 0.1166532 0.1090373 0.1058767 0.0271714 0.0277682 0.0359115 0.1036192 0.0626461 0.1318406 0.1074907 0.1151260 0.1092404 0.0334563 0.1063570 0.0276051 0.0278014 0.1113694 0.0281068 0.1321366 0.2963247 0.1807530 0.1366585 0.1276646 0.4795527 0.0274649 0.0317956 0.1014785 0.3226200 0.0316192 0.0729856 0.0000000 0.1215935 0.0274406 0.1056357 0.1318676 0.1410514 0.0316990 
