64
HQ015414.1_Thalia_democratica            0.0000000 0.1497357 0.0548154 0.3123983 0.1882026 0.1297957 0.0669549 0.2387046 0.0698285 0.0739160 0.0048996 0.0367754 0.0706211 0.0634254 0.1347964 0.3501060 0.1764740 0.0635485 0.0707987 0.1168952 0.1165053 0.1963034 0.1500769 0.1348177 0.3292361 0.0610558 0.0005779 0.1415189 0.1302982 0.1374162 0.0700572 0.0738619 0.0598557 0.1287470 0.0792039 0.1576087 0.2242529 0.1357267 0.1305455 0.0734655 0.1274721 0.0710628 0.0701575 0.1321646 0.0705163 0.1597259 0.1178290 0.1993640 0.1241715 0.1005850 0.5021182 0.0736727 0.0679727 0.1287433 0.3213983 0.0736229 0.0023373 0.0517237 0.1544196 0.0672952 0.1311186 0.1503557 0.0661017 0.0705470 
FM244841.1_Pycnoclavella_aff._detorta    0.1497357 0.0000000 0.1189401 0.2072332 0.1445377 0.0704571 0.1315951 0.1463183 0.1356471 0.1257874 0.1463008 0.1524136 0.1190143 0.1283267 0.0685866 0.2470754 0.0673132 0.1280547 0.1358713 0.1544970 0.1508499 0.1535488 0.0607754 0.0724308 0.2372152 0.1223105 0.1475315 0.0755450 0.0697397 0.1209442 0.1371114 0.1363292 0.1190763 0.0541032 0.1262463 0.0441254 0.1232195 0.0675870 0.0716200 0.1254679 0.1379820 0.1198233 0.1356471 0.0714062 0.1366503 0.0474346 0.1530711 0.1534289 0.1440281 0.0961782 0.4294731 0.1267210 0.1205272 0.0529138 0.3088306 0.1235774 0.1478897 0.1095688 0.0401194 0.1312962 0.1427284 0.0174650 0.1216857 0.1229666 
FM244866.1_Iasis_cylindrica              0.0548154 0.1189401 0.0000000 0.2872748 0.1732159 0.0988073 0.0354041 0.2269838 0.0341423 0.0398052 0.0612380 0.0637404 0.0401769 0.0293886 0.1013125 0.2756551 0.1443049 0.0301368 0.0358585 0.1061546 0.0946022 0.1674220 0.1245729 0.1019257 0.2926510 0.0012801 0.0548154 0.1064015 0.0988816 0.1283306 0.0350287 0.0396288 0.0012801 0.1004559 0.0418634 0.1247297 0.1836063 0.1016715 0.0988073 0.0396486 0.0923320 0.0381530 0.0341423 0.0991494 0.0351093 0.1281169 0.1059772 0.1693283 0.0880085 0.0653911 0.4887520 0.0395328 0.0338357 0.1007964 0.3055602 0.0395328 0.0548987 0.0012801 0.1192582 0.0355853 0.0932590 0.1254701 0.0065088 0.0366308 
L12426.2_Molgula_manhattensis            0.3123983 0.2072332 0.2872748 0.0000000 0.2881126 0.2390417 0.2995649 0.0011941 0.2991019 0.2899594 0.3174681 0.3276717 0.2858012 0.2999475 0.2507116 0.3152043 0.2124415 0.2918799 0.2971104 0.3143787 0.3154949 0.2965113 0.2151567 0.2472912 0.3319976 0.2903724 0.3043602 0.2736605 0.2435971 0.2768501 0.2880226 0.2905438 0.2961686 0.2373040 0.2952758 0.2138512 0.1611356 0.2500080 0.2441961 0.2891498 0.3009846 0.2788551 0.2881928 0.2476456 0.2884084 0.1971624 0.3117668 0.2979003 0.2970770 0.2313045 0.6135465 0.2925867 0.2861954 0.2211958 0.3998204 0.2939627 0.3092963 0.2644508 0.2052926 0.2992167 0.3078400 0.2144855 0.2904571 0.2863485 
HQ015376.1_Doliolum_denticulatum         0.1882026 0.1445377 0.1732159 0.2881126 0.0000000 0.1413110 0.1838677 0.2296918 0.1790534 0.1704671 0.1953163 0.2062813 0.1704671 0.1768915 0.1414031 0.3059175 0.1654961 0.1781150 0.1829878 0.2063668 0.2148433 0.0000010 0.1406491 0.1430184 0.3369694 0.1715755 0.1882026 0.1530801 0.1414031 0.1969751 0.1813629 0.1918569 0.1715755 0.1376218 0.1767032 0.1456961 0.2252525 0.1418957 0.1413110 0.1704671 0.1998330 0.1729786 0.1790534 0.1413110 0.1813629 0.1474303 0.2059815 0.0000010 0.2000159 0.1615637 0.4943206 0.1704671 0.1718512 0.1349083 0.3760765 0.1704671 0.1924962 0.1601673 0.1398628 0.1838677 0.2031921 0.1494506 0.1709117 0.1753512 
HQ015382.1_Pyrosomella_verticillata      0.1297957 0.0704571 0.0988073 0.2390417 0.1413110 0.0000000 0.1216125 0.1721900 0.1134608 0.1133072 0.1341163 0.1489800 0.1092176 0.1096675 0.0017749 0.2693634 0.0934903 0.1076479 0.1162019 0.1557943 0.1537719 0.1494457 0.0777791 0.0011618 0.2520433 0.1010714 0.1273479 0.0058859 0.0011497 0.1341239 0.1167973 0.1173159 0.0981916 0.0019055 0.1176406 0.0671547 0.1436128 0.0012037 0.0000010 0.1125501 0.1391095 0.1023942 0.1154849 0.0000010 0.1176582 0.0727068 0.1563377 0.1518000 0.1405835 0.0997345 0.4474609 0.1129034 0.1047040 0.0311251 0.3084498 0.1110401 0.1269873 0.0918685 0.0725780 0.1220417 0.1454156 0.0723987 0.0995780 0.1013349 
HQ015403.1_Brooksia_rostrata             0.0669549 0.1315951 0.0354041 0.2995649 0.1838677 0.1216125 0.0000000 0.2428178 0.0335916 0.0403161 0.0719534 0.0840873 0.0372671 0.0263656 0.1264516 0.3251150 0.1470247 0.0269578 0.0350730 0.1111287 0.1048246 0.1861136 0.1344683 0.1248228 0.3085493 0.0409238 0.0664618 0.1303098 0.1232517 0.1382784 0.0346721 0.0364181 0.0397946 0.1150907 0.0433837 0.1431967 0.1996852 0.1265391 0.1234850 0.0400889 0.1168854 0.0426366 0.0335916 0.1233735 0.0346280 0.1475568 0.1107625 0.1878233 0.1167331 0.0865126 0.4873582 0.0403284 0.0368321 0.1101479 0.3430177 0.0397116 0.0667849 0.0333522 0.1337164 0.0000010 0.1177855 0.1364958 0.0455828 0.0416647 
AB921975.1_Molgula_manhattensis          0.2387046 0.1463183 0.2269838 0.0011941 0.2296918 0.1721900 0.2428178 0.0000000 0.2295265 0.2434243 0.2264300 0.2747389 0.2434243 0.2370391 0.1723972 0.2791919 0.1519816 0.2398353 0.2354865 0.2486483 0.2525759 0.2296918 0.1542539 0.1727606 0.2552718 0.2206630 0.2387046 0.1861984 0.1723972 0.1991806 0.2354865 0.2282359 0.2206630 0.1723972 0.2531288 0.1445343 0.1189533 0.1723972 0.1721900 0.2434243 0.2626146 0.2482332 0.2295265 0.1721900 0.2354865 0.1432737 0.2476844 0.2296918 0.2482857 0.1610164 0.5924672 0.2434243 0.2484178 0.1533097 0.2935942 0.2434243 0.2335876 0.2206630 0.1459873 0.2428178 0.2651488 0.1485248 0.2229092 0.2479859 
HQ015406.1_Salpa_thompsoni               0.0698285 0.1356471 0.0341423 0.2991019 0.1790534 0.1134608 0.0335916 0.2295265 0.0000000 0.0394338 0.0746478 0.0803604 0.0354041 0.0274087 0.1207522 0.2987915 0.1670026 0.0275080 0.0148830 0.1048096 0.1068956 0.1809101 0.1297178 0.1185931 0.3113101 0.0397941 0.0680841 0.1354337 0.1152877 0.1403003 0.0083517 0.0114892 0.0456294 0.1073335 0.0426145 0.1386141 0.1977236 0.1183620 0.1154995 0.0392090 0.1060324 0.0409744 0.0023112 0.1177826 0.0083979 0.1407123 0.1052956 0.1839355 0.1067629 0.0860721 0.4990238 0.0393106 0.0325574 0.1137215 0.3289008 0.0443659 0.0688939 0.0311246 0.1309758 0.0336924 0.1072834 0.1365898 0.0428821 0.0389801 
HQ015395.1_Cyclosalpa_sewelli            0.0739160 0.1257874 0.0398052 0.2899594 0.1704671 0.1133072 0.0403161 0.2434243 0.0394338 0.0000000 0.0786646 0.0829497 0.0000010 0.0318530 0.1152937 0.3073256 0.1457044 0.0318353 0.0372529 0.1071389 0.1071006 0.1781111 0.1202567 0.1161330 0.3049124 0.0415527 0.0739160 0.1222874 0.1134666 0.1285870 0.0364996 0.0419256 0.0415527 0.1062875 0.0048574 0.1329175 0.1900375 0.1166426 0.1136766 0.0000010 0.1034959 0.0096876 0.0394338 0.1133072 0.0364788 0.1334241 0.1069731 0.1794710 0.1043779 0.0764341 0.4960213 0.0000010 0.0096921 0.1012408 0.3557319 0.0000010 0.0736320 0.0366946 0.1229695 0.0403161 0.1035349 0.1253491 0.0431743 0.0096925 
D14366.1_Thalia_democratica              0.0048996 0.1463008 0.0612380 0.3174681 0.1953163 0.1341163 0.0719534 0.2264300 0.0746478 0.0786646 0.0000000 0.0415559 0.0744391 0.0678874 0.1342050 0.3774032 0.1832228 0.0687216 0.0757585 0.1205646 0.1175153 0.2099178 0.1546698 0.1357631 0.3380032 0.0667919 0.0048996 0.1452674 0.1342050 0.1464581 0.0747580 0.0786732 0.0667919 0.1271301 0.0833003 0.1569409 0.2271650 0.1339660 0.1342420 0.0786646 0.1348420 0.0754938 0.0746478 0.1341163 0.0747580 0.1632408 0.1203690 0.2112324 0.1310505 0.1074550 0.5168193 0.0790151 0.0734773 0.1302298 0.3394097 0.0786646 0.0030607 0.0574311 0.1553245 0.0719534 0.1370249 0.1490175 0.0722841 0.0754938 
HQ015412.1_Thalia_orientalis             0.0367754 0.1524136 0.0637404 0.3276717 0.2062813 0.1489800 0.0840873 0.2747389 0.0803604 0.0829497 0.0415559 0.0000000 0.0772489 0.0749530 0.1573500 0.3302734 0.1936570 0.0731570 0.0787766 0.1175671 0.1141408 0.2131276 0.1677922 0.1541025 0.3269635 0.0757230 0.0363229 0.1564812 0.1515371 0.1391424 0.0791917 0.0860327 0.0732522 0.1425626 0.0843478 0.1742802 0.2267823 0.1581417 0.1518449 0.0824282 0.1277406 0.0792076 0.0810108 0.1535430 0.0797260 0.1724967 0.1174770 0.2163965 0.1251459 0.1023375 0.4913490 0.0826690 0.0810875 0.1464467 0.3500044 0.0812964 0.0377950 0.0591861 0.1625968 0.0843630 0.1288828 0.1543932 0.0809348 0.0806278 
HQ015397.1_Cyclosalpa_quadriluminis      0.0706211 0.1190143 0.0401769 0.2858012 0.1704671 0.1092176 0.0372671 0.2434243 0.0354041 0.0000010 0.0744391 0.0772489 0.0000000 0.0301002 0.1099150 0.2969235 0.1450682 0.0300831 0.0339637 0.0992976 0.1008800 0.1682216 0.1187223 0.1119711 0.3021302 0.0398641 0.0706211 0.1183288 0.1092943 0.1238174 0.0331828 0.0385017 0.0398641 0.1066400 0.0049702 0.1264804 0.1895959 0.1102849 0.1092176 0.0000010 0.0988541 0.0093620 0.0354041 0.1092176 0.0331828 0.1286512 0.0991417 0.1694137 0.0997491 0.0710651 0.4921129 0.0000010 0.0100014 0.1014202 0.3367658 0.0000010 0.0699482 0.0370381 0.1182898 0.0372671 0.0988935 0.1195943 0.0406748 0.0093620 
HQ015410.1_Ritteriella_retracta          0.0634254 0.1283267 0.0293886 0.2999475 0.1768915 0.1096675 0.0263656 0.2370391 0.0274087 0.0318530 0.0678874 0.0749530 0.0301002 0.0000000 0.1135950 0.3020705 0.1443087 0.0005806 0.0275077 0.1118012 0.1050847 0.1818383 0.1243303 0.1125845 0.2994820 0.0351138 0.0632093 0.1175580 0.1106186 0.1368145 0.0269642 0.0319795 0.0340621 0.1028883 0.0349163 0.1315368 0.1905076 0.1144420 0.1108205 0.0316754 0.1077307 0.0340662 0.0268711 0.1107058 0.0271237 0.1361487 0.1114245 0.1846688 0.1057127 0.0804791 0.4937893 0.0317553 0.0277208 0.1015522 0.3249859 0.0312457 0.0632314 0.0282165 0.1227662 0.0264856 0.1073648 0.1279711 0.0352511 0.0329270 
HQ015384.1_Pyrosoma_godeauxi             0.1347964 0.0685866 0.1013125 0.2507116 0.1414031 0.0017749 0.1264516 0.1723972 0.1207522 0.1152937 0.1342050 0.1573500 0.1099150 0.1135950 0.0000000 0.2852463 0.0972235 0.1145197 0.1222897 0.1622823 0.1544623 0.1567869 0.0785858 0.0023758 0.2578876 0.1038233 0.1342359 0.0054397 0.0000010 0.1409518 0.1207567 0.1213109 0.1031792 0.0000010 0.1201392 0.0673479 0.1513721 0.0000010 0.0011895 0.1150052 0.1472994 0.1072063 0.1207522 0.0011866 0.1203581 0.0743818 0.1633345 0.1579122 0.1448642 0.1029624 0.4673632 0.1161353 0.1093647 0.0324859 0.3234376 0.1156632 0.1329141 0.0952419 0.0732220 0.1264516 0.1522896 0.0721901 0.1024222 0.1050001 
M97571.1_Branchiostoma_floridae          0.3501060 0.2470754 0.2756551 0.3152043 0.3059175 0.2693634 0.3251150 0.2791919 0.2987915 0.3073256 0.3774032 0.3302734 0.2969235 0.3020705 0.2852463 0.0000000 0.2482327 0.2951973 0.3066599 0.3385976 0.3548577 0.3147181 0.2587764 0.2796811 0.2321074 0.2923050 0.3413512 0.2852449 0.2731092 0.3225260 0.3104474 0.3260475 0.2823522 0.2603843 0.3124226 0.2534963 0.2746739 0.2839944 0.2738114 0.3064166 0.3365838 0.3038265 0.3038106 0.2788636 0.3150182 0.2355315 0.3402307 0.3176671 0.3405290 0.2660613 0.4748774 0.3041304 0.2963773 0.2577275 0.4202785 0.2977918 0.3508424 0.2542687 0.2344603 0.3265451 0.3463902 0.2456521 0.2948643 0.3087942 
L12378.2_Ascidia_ceratodes               0.1764740 0.0673132 0.1443049 0.2124415 0.1654961 0.0934903 0.1470247 0.1519816 0.1670026 0.1457044 0.1832228 0.1936570 0.1450682 0.1443087 0.0972235 0.2482327 0.0000000 0.1415379 0.1621299 0.1769276 0.1787327 0.1710264 0.0752603 0.0976627 0.2495482 0.1368606 0.1723069 0.1119922 0.0930203 0.1651876 0.1525098 0.1514344 0.1445356 0.0881184 0.1534570 0.0564172 0.1401792 0.0954595 0.0950669 0.1446796 0.1635075 0.1377003 0.1566830 0.0967538 0.1537009 0.0695486 0.1772094 0.1723854 0.1705662 0.1210231 0.4630953 0.1438071 0.1375833 0.0725954 0.3142533 0.1505742 0.1736042 0.1309987 0.0643017 0.1475624 0.1669646 0.0764680 0.1402724 0.1402003 
HQ015411.1_Ritteriella_retracta          0.0635485 0.1280547 0.0301368 0.2918799 0.1781150 0.1076479 0.0269578 0.2398353 0.0275080 0.0318353 0.0687216 0.0731570 0.0300831 0.0005806 0.1145197 0.2951973 0.1415379 0.0000000 0.0278439 0.1112203 0.1061445 0.1813260 0.1245269 0.1125405 0.2971946 0.0358168 0.0627541 0.1181336 0.1093590 0.1356351 0.0276474 0.0326810 0.0343269 0.1039399 0.0344565 0.1322869 0.1879478 0.1154752 0.1095562 0.0316580 0.1059577 0.0334986 0.0272143 0.1116950 0.0278111 0.1325203 0.1106537 0.1825980 0.1066683 0.0813378 0.4803931 0.0317377 0.0274699 0.1017673 0.3234265 0.0315667 0.0625986 0.0281415 0.1219386 0.0270368 0.1078187 0.1322583 0.0359572 0.0321317 
HQ015407.1_Salpa_maxima                  0.0707987 0.1358713 0.0358585 0.2971104 0.1829878 0.1162019 0.0350730 0.2354865 0.0148830 0.0372529 0.0757585 0.0787766 0.0339637 0.0275077 0.1222897 0.3066599 0.1621299 0.0278439 0.0000000 0.1028854 0.1136368 0.1828333 0.1276940 0.1200833 0.3115894 0.0406672 0.0706566 0.1343306 0.1181008 0.1403401 0.0005847 0.0096442 0.0445370 0.1101005 0.0404656 0.1402685 0.1979144 0.1222883 0.1183216 0.0370411 0.1025313 0.0404713 0.0106491 0.1192808 0.0005879 0.1382556 0.1022043 0.1845651 0.1026190 0.0841215 0.5046793 0.0371367 0.0350017 0.1151726 0.3388723 0.0415489 0.0706575 0.0327916 0.1283422 0.0351787 0.1032741 0.1379966 0.0437805 0.0398753 
HQ015378.1_Ihlea_racovitzai              0.1168952 0.1544970 0.1061546 0.3143787 0.2063668 0.1557943 0.1111287 0.2486483 0.1048096 0.1071389 0.1205646 0.1175671 0.0992976 0.1118012 0.1622823 0.3385976 0.1769276 0.1112203 0.1028854 0.0000000 0.0741756 0.2086202 0.1536631 0.1614174 0.3388079 0.1155360 0.1160191 0.1668014 0.1577032 0.1599979 0.1028291 0.1117705 0.1128037 0.1393277 0.1166755 0.1547348 0.2324327 0.1614598 0.1580283 0.1064329 0.1416856 0.1068201 0.1056265 0.1596667 0.1035657 0.1571639 0.0000010 0.2118333 0.1493622 0.1165564 0.5657801 0.1067617 0.1109551 0.1338675 0.3489843 0.1055475 0.1159856 0.0977882 0.1452210 0.1117565 0.1384830 0.1469928 0.1154275 0.1079498 
HQ015377.1_Salpidae_gen._nov._sp._nov._A 0.1165053 0.1508499 0.0946022 0.3154949 0.2148433 0.1537719 0.1048246 0.2525759 0.1068956 0.1071006 0.1175153 0.1141408 0.1008800 0.1050847 0.1544623 0.3548577 0.1787327 0.1061445 0.1136368 0.0741756 0.0000000 0.2299287 0.1619715 0.1572515 0.3036365 0.1022567 0.1162964 0.1607456 0.1546976 0.1558707 0.1129947 0.1180724 0.1007949 0.1344508 0.1120076 0.1567140 0.2243435 0.1543105 0.1550211 0.1068389 0.1355558 0.1102825 0.1068956 0.1544757 0.1126327 0.1704625 0.0740683 0.2315172 0.1383927 0.0998473 0.5639470 0.1078627 0.1086938 0.1309629 0.3500983 0.1066496 0.1167525 0.0872196 0.1621172 0.1048246 0.1350655 0.1538177 0.1000340 0.1098142 
AB013012.1_Doliolum_nationalis           0.1963034 0.1535488 0.1674220 0.2965113 0.0000010 0.1494457 0.1861136 0.2296918 0.1809101 0.1781111 0.2099178 0.2131276 0.1682216 0.1818383 0.1567869 0.3147181 0.1710264 0.1813260 0.1828333 0.2086202 0.2299287 0.0000000 0.1478067 0.1536092 0.3447876 0.1809491 0.1943304 0.1603475 0.1507707 0.2021242 0.1838798 0.1950727 0.1769227 0.1366680 0.1881043 0.1554328 0.2325199 0.1551657 0.1510724 0.1781380 0.1998405 0.1774618 0.1851701 0.1518376 0.1860735 0.1534885 0.2078934 0.0005743 0.2035383 0.1712120 0.4973392 0.1774278 0.1779360 0.1434135 0.3871487 0.1738546 0.2009227 0.1540560 0.1451399 0.1868217 0.2039281 0.1617507 0.1812492 0.1818116 
AB013017.1_Ciona_intestinalis            0.1500769 0.0607754 0.1245729 0.2151567 0.1406491 0.0777791 0.1344683 0.1542539 0.1297178 0.1202567 0.1546698 0.1677922 0.1187223 0.1243303 0.0785858 0.2587764 0.0752603 0.1245269 0.1276940 0.1536631 0.1619715 0.1478067 0.0000000 0.0793567 0.2497543 0.1216941 0.1475442 0.0846443 0.0771446 0.1313755 0.1283435 0.1323655 0.1186829 0.0668227 0.1251112 0.0553534 0.1362357 0.0756887 0.0790604 0.1194414 0.1479412 0.1219546 0.1312661 0.0783617 0.1275264 0.0636023 0.1519090 0.1473569 0.1501933 0.1149174 0.4582570 0.1199158 0.1198746 0.0696708 0.3193314 0.1184610 0.1503873 0.1141967 0.0575710 0.1349495 0.1513441 0.0668315 0.1229494 0.1257120 
FM244863.1_Pyrosomella_verticillata      0.1348177 0.0724308 0.1019257 0.2472912 0.1430184 0.0011618 0.1248228 0.1727606 0.1185931 0.1161330 0.1357631 0.1541025 0.1119711 0.1125845 0.0023758 0.2796811 0.0976627 0.1125405 0.1200833 0.1614174 0.1572515 0.1536092 0.0793567 0.0000000 0.2531089 0.1042121 0.1329963 0.0071485 0.0023551 0.1382577 0.1209523 0.1215004 0.1015140 0.0032011 0.1202084 0.0692867 0.1473858 0.0018128 0.0011763 0.1153508 0.1443778 0.1054344 0.1185931 0.0011741 0.1205579 0.0760955 0.1599071 0.1548445 0.1447559 0.1033570 0.4548012 0.1163849 0.1096900 0.0327202 0.3173788 0.1136616 0.1329595 0.0957397 0.0740767 0.1250613 0.1492184 0.0733723 0.1028257 0.1053764 
M91181.1_Echinorhinus_cookei             0.3292361 0.2372152 0.2926510 0.3319976 0.3369694 0.2520433 0.3085493 0.2552718 0.3113101 0.3049124 0.3380032 0.3269635 0.3021302 0.2994820 0.2578876 0.2321074 0.2495482 0.2971946 0.3115894 0.3388079 0.3036365 0.3447876 0.2497543 0.2531089 0.0000000 0.2993730 0.3264477 0.2614092 0.2525924 0.3054820 0.3135961 0.3280787 0.2942018 0.2375066 0.3168334 0.2173601 0.2657442 0.2547060 0.2532262 0.3056631 0.3229442 0.3082120 0.3120817 0.2492077 0.3121675 0.2454372 0.3301360 0.3437750 0.3331924 0.2598474 0.3780628 0.3074251 0.2996535 0.2337222 0.4387675 0.3028200 0.3278639 0.2796640 0.2446012 0.3098862 0.3254053 0.2371297 0.2987143 0.3122584 
HQ015401.1_Iasis_cylindrica              0.0610558 0.1223105 0.0012801 0.2903724 0.1715755 0.1010714 0.0409238 0.2206630 0.0397941 0.0415527 0.0667919 0.0757230 0.0398641 0.0351138 0.1038233 0.2923050 0.1368606 0.0358168 0.0406672 0.1155360 0.1022567 0.1809491 0.1216941 0.1042121 0.2993730 0.0000000 0.0610558 0.1105665 0.1001869 0.1385964 0.0391568 0.0436281 0.0005860 0.0977316 0.0443061 0.1267355 0.1877167 0.1038559 0.1003648 0.0421585 0.1002474 0.0412828 0.0398250 0.1006074 0.0400500 0.1325965 0.1156387 0.1832985 0.0961209 0.0781364 0.4868491 0.0414466 0.0365346 0.0996270 0.3381706 0.0419572 0.0605999 0.0000010 0.1231298 0.0411185 0.1011219 0.1273441 0.0065901 0.0391437 
HQ015415.1_Thalia_democratica            0.0005779 0.1475315 0.0548154 0.3043602 0.1882026 0.1273479 0.0664618 0.2387046 0.0680841 0.0739160 0.0048996 0.0363229 0.0706211 0.0632093 0.1342359 0.3413512 0.1723069 0.0627541 0.0706566 0.1160191 0.1162964 0.1943304 0.1475442 0.1329963 0.3264477 0.0610558 0.0000000 0.1405417 0.1293178 0.1362931 0.0700572 0.0738619 0.0598487 0.1287470 0.0789497 0.1565652 0.2205025 0.1357267 0.1295627 0.0734655 0.1245572 0.0701482 0.0700232 0.1321646 0.0705163 0.1571809 0.1170109 0.1971166 0.1239500 0.1005850 0.4910289 0.0736727 0.0672052 0.1272455 0.3166721 0.0734461 0.0017512 0.0509722 0.1519724 0.0666726 0.1280455 0.1491530 0.0661017 0.0697642 
AB013011.1_Pyrosoma_atlanticum           0.1415189 0.0755450 0.1064015 0.2736605 0.1530801 0.0058859 0.1303098 0.1861984 0.1354337 0.1222874 0.1452674 0.1564812 0.1183288 0.1175580 0.0054397 0.2852449 0.1119922 0.1181336 0.1343306 0.1668014 0.1607456 0.1603475 0.0846443 0.0071485 0.2614092 0.1105665 0.1405417 0.0000000 0.0047473 0.1484439 0.1274396 0.1280222 0.1141132 0.0058493 0.1305898 0.0732368 0.1583598 0.0049205 0.0059635 0.1214551 0.1509639 0.1108298 0.1294380 0.0059851 0.1279836 0.0794105 0.1665389 0.1633880 0.1519219 0.1084775 0.4695838 0.1218445 0.1158735 0.0372874 0.3232628 0.1256613 0.1396810 0.1018552 0.0785423 0.1307759 0.1568609 0.0823250 0.1089791 0.1104387 
HQ015383.1_Pyrosomella_verticillata      0.1302982 0.0697397 0.0988816 0.2435971 0.1414031 0.0011497 0.1232517 0.1723972 0.1152877 0.1134666 0.1342050 0.1515371 0.1092943 0.1106186 0.0000010 0.2731092 0.0930203 0.1093590 0.1181008 0.1577032 0.1546976 0.1507707 0.0771446 0.0023551 0.2525924 0.1001869 0.1293178 0.0047473 0.0000000 0.1363325 0.1168754 0.1173946 0.0997354 0.0006332 0.1195924 0.0661041 0.1481484 0.0000010 0.0011519 0.1129851 0.1414416 0.1040068 0.1173755 0.0011691 0.1181192 0.0720407 0.1590643 0.1531716 0.1413987 0.1001090 0.4482047 0.1129794 0.1050982 0.0315349 0.3128922 0.1128219 0.1270697 0.0919340 0.0719052 0.1239697 0.1478655 0.0717053 0.0999559 0.1014040 
HQ015389.1_Soestia_zonaria               0.1374162 0.1209442 0.1283306 0.2768501 0.1969751 0.1341239 0.1382784 0.1991806 0.1403003 0.1285870 0.1464581 0.1391424 0.1238174 0.1368145 0.1409518 0.3225260 0.1651876 0.1356351 0.1403401 0.1599979 0.1558707 0.2021242 0.1313755 0.1382577 0.3054820 0.1385964 0.1362931 0.1484439 0.1363325 0.0000000 0.1338106 0.1352552 0.1386970 0.1202406 0.1308140 0.1362895 0.2058739 0.1401480 0.1365942 0.1277137 0.1418903 0.1274780 0.1366708 0.1375929 0.1346949 0.1349667 0.1586959 0.2041908 0.1384630 0.0596707 0.5226931 0.1281229 0.1258955 0.1110695 0.3276680 0.1267902 0.1376196 0.1212734 0.1288703 0.1387707 0.1411893 0.1222971 0.1390554 0.1316161 
HQ015408.1_Salpa_maxima                  0.0700572 0.1371114 0.0350287 0.2880226 0.1813629 0.1167973 0.0346721 0.2354865 0.0083517 0.0364996 0.0747580 0.0791917 0.0331828 0.0269642 0.1207567 0.3104474 0.1525098 0.0276474 0.0005847 0.1028291 0.1129947 0.1838798 0.1283435 0.1209523 0.3135961 0.0391568 0.0700572 0.1274396 0.1168754 0.1338106 0.0000000 0.0090164 0.0390094 0.1088060 0.0384164 0.1404283 0.1995547 0.1209905 0.1170931 0.0363674 0.1033449 0.0405032 0.0083917 0.1181276 0.0000010 0.1405665 0.1034744 0.1867619 0.1019835 0.0833501 0.5057872 0.0363653 0.0343421 0.1157590 0.3414548 0.0360346 0.0697100 0.0320258 0.1300017 0.0348361 0.1033832 0.1345388 0.0430930 0.0390944 
HQ015405.1_Salpa_aspera                  0.0738619 0.1363292 0.0396288 0.2905438 0.1918569 0.1173159 0.0364181 0.2282359 0.0114892 0.0419256 0.0786732 0.0860327 0.0385017 0.0319795 0.1213109 0.3260475 0.1514344 0.0326810 0.0096442 0.1117705 0.1180724 0.1950727 0.1323655 0.1215004 0.3280787 0.0436281 0.0738619 0.1280222 0.1173946 0.1352552 0.0090164 0.0000000 0.0434619 0.1087541 0.0439632 0.1393484 0.1968937 0.1209382 0.1173159 0.0417716 0.1097693 0.0429596 0.0115450 0.1186581 0.0090886 0.1430472 0.1124856 0.1981302 0.1083919 0.0896842 0.5190605 0.0416009 0.0367358 0.1173234 0.3488994 0.0413825 0.0732105 0.0362985 0.1312330 0.0365923 0.1098085 0.1358344 0.0468228 0.0415307 
HQ015400.1_Iasis_cylindrica              0.0598557 0.1190763 0.0012801 0.2961686 0.1715755 0.0981916 0.0397946 0.2206630 0.0456294 0.0415527 0.0667919 0.0732522 0.0398641 0.0340621 0.1031792 0.2823522 0.1445356 0.0343269 0.0445370 0.1128037 0.1007949 0.1769227 0.1186829 0.1015140 0.2942018 0.0005860 0.0598487 0.1141132 0.0997354 0.1386970 0.0390094 0.0434619 0.0000000 0.0977316 0.0447383 0.1243792 0.1826530 0.1038559 0.0999116 0.0413155 0.0970282 0.0396050 0.0411544 0.1006074 0.0392178 0.1289957 0.1119536 0.1785465 0.0946039 0.0767232 0.4818979 0.0414228 0.0356032 0.0971873 0.3289851 0.0450441 0.0603575 0.0000010 0.1189162 0.0399144 0.0985842 0.1284628 0.0059618 0.0389964 
FM244862.1_Pyrosoma_godeauxi             0.1287470 0.0541032 0.1004559 0.2373040 0.1376218 0.0019055 0.1150907 0.1723972 0.1073335 0.1062875 0.1271301 0.1425626 0.1066400 0.1028883 0.0000010 0.2603843 0.0881184 0.1039399 0.1101005 0.1393277 0.1344508 0.1366680 0.0668227 0.0032011 0.2375066 0.0977316 0.1287470 0.0058493 0.0006332 0.1202406 0.1088060 0.1087541 0.0977316 0.0000000 0.1103322 0.0528980 0.1369939 0.0000010 0.0019055 0.1062875 0.1264638 0.0988567 0.1073335 0.0019055 0.1088060 0.0616070 0.1390791 0.1379366 0.1249759 0.0830916 0.4474601 0.1062875 0.1016868 0.0227495 0.2783614 0.1062875 0.1255957 0.0977316 0.0587029 0.1150907 0.1314327 0.0580295 0.0961163 0.0968856 
FM244864.1_Cyclosalpa_quadriluminis      0.0792039 0.1262463 0.0418634 0.2952758 0.1767032 0.1176406 0.0433837 0.2531288 0.0426145 0.0048574 0.0833003 0.0843478 0.0049702 0.0349163 0.1201392 0.3124226 0.1534570 0.0344565 0.0404656 0.1166755 0.1120076 0.1881043 0.1251112 0.1202084 0.3168334 0.0443061 0.0789497 0.1305898 0.1195924 0.1308140 0.0384164 0.0439632 0.0447383 0.1103322 0.0000000 0.1382042 0.1979891 0.1212303 0.1198198 0.0048481 0.1059640 0.0147144 0.0404346 0.1194224 0.0383137 0.1399000 0.1149532 0.1848109 0.1084034 0.0791488 0.5051775 0.0048836 0.0136407 0.1053084 0.3568146 0.0071926 0.0791276 0.0386301 0.1272823 0.0433090 0.1067261 0.1325644 0.0450934 0.0149921 
AB104873.1_Perophora_sagamiensis         0.1576087 0.0441254 0.1247297 0.2138512 0.1456961 0.0671547 0.1431967 0.1445343 0.1386141 0.1329175 0.1569409 0.1742802 0.1264804 0.1315368 0.0673479 0.2534963 0.0564172 0.1322869 0.1402685 0.1547348 0.1567140 0.1554328 0.0553534 0.0692867 0.2173601 0.1267355 0.1565652 0.0732368 0.0661041 0.1362895 0.1404283 0.1393484 0.1243792 0.0528980 0.1382042 0.0000000 0.1260085 0.0644031 0.0679272 0.1325774 0.1520108 0.1270958 0.1386141 0.0677283 0.1399545 0.0424948 0.1543317 0.1554553 0.1538763 0.1023854 0.4543726 0.1326035 0.1288511 0.0542110 0.2998688 0.1316085 0.1557905 0.1154713 0.0374418 0.1431967 0.1541833 0.0471424 0.1302417 0.1293768 
AY903925.1_Halocynthia_igaboja           0.2242529 0.1232195 0.1836063 0.1611356 0.2252525 0.1436128 0.1996852 0.1189533 0.1977236 0.1900375 0.2271650 0.2267823 0.1895959 0.1905076 0.1513721 0.2746739 0.1401792 0.1879478 0.1979144 0.2324327 0.2243435 0.2325199 0.1362357 0.1473858 0.2657442 0.1877167 0.2205025 0.1583598 0.1481484 0.2058739 0.1995547 0.1968937 0.1826530 0.1369939 0.1979891 0.1260085 0.0000000 0.1520154 0.1463035 0.1886186 0.2128252 0.1878600 0.1994214 0.1467810 0.1994347 0.1139548 0.2314744 0.2344280 0.2161623 0.1675412 0.4853741 0.1896222 0.1865504 0.1333763 0.3294632 0.1870307 0.2212984 0.1718971 0.1185595 0.2004618 0.2203149 0.1239239 0.1891282 0.1911144 
HQ015385.1_Pyrosoma_atlanticum           0.1357267 0.0675870 0.1016715 0.2500080 0.1418957 0.0012037 0.1265391 0.1723972 0.1183620 0.1166426 0.1339660 0.1581417 0.1102849 0.1144420 0.0000010 0.2839944 0.0954595 0.1154752 0.1222883 0.1614598 0.1543105 0.1551657 0.0756887 0.0018128 0.2547060 0.1038559 0.1357267 0.0049205 0.0000010 0.1401480 0.1209905 0.1209382 0.1038559 0.0000010 0.1212303 0.0644031 0.1520154 0.0000000 0.0012037 0.1166426 0.1478514 0.1079791 0.1183620 0.0012037 0.1209905 0.0726606 0.1611759 0.1563100 0.1462906 0.1021821 0.4592890 0.1166426 0.1108644 0.0317301 0.3219451 0.1166426 0.1326680 0.0955579 0.0722440 0.1265391 0.1529569 0.0702936 0.1024985 0.1060571 
HQ015381.1_Pyrosoma_atlanticum           0.1305455 0.0716200 0.0988073 0.2441961 0.1413110 0.0000010 0.1234850 0.1721900 0.1154995 0.1136766 0.1342420 0.1518449 0.1092176 0.1108205 0.0011895 0.2738114 0.0950669 0.1095562 0.1183216 0.1580283 0.1550211 0.1510724 0.0790604 0.0011763 0.2532262 0.1003648 0.1295627 0.0059635 0.0011519 0.1365942 0.1170931 0.1173159 0.0999116 0.0019055 0.1198198 0.0679272 0.1463035 0.0012037 0.0000000 0.1131933 0.1417194 0.1041916 0.1175952 0.0000010 0.1183417 0.0738612 0.1593951 0.1534816 0.1416780 0.1002845 0.4496284 0.1129034 0.1052844 0.0315793 0.3137603 0.1130279 0.1269873 0.0918685 0.0737396 0.1242058 0.1481592 0.0735897 0.0989366 0.1015835 
HQ015396.1_Cyclosalpa_polae              0.0734655 0.1254679 0.0396486 0.2891498 0.1704671 0.1125501 0.0400889 0.2434243 0.0392090 0.0000010 0.0786646 0.0824282 0.0000010 0.0316754 0.1150052 0.3064166 0.1446796 0.0316580 0.0370411 0.1064329 0.1068389 0.1781380 0.1194414 0.1153508 0.3056631 0.0421585 0.0734655 0.1214551 0.1129851 0.1277137 0.0363674 0.0417716 0.0413155 0.1062875 0.0048481 0.1325774 0.1886186 0.1166426 0.1131933 0.0000000 0.1028162 0.0096365 0.0392090 0.1128269 0.0362720 0.1325054 0.1062692 0.1794911 0.1036920 0.0759584 0.4988749 0.0000010 0.0096410 0.1009952 0.3526075 0.0000010 0.0733449 0.0365586 0.1221300 0.0402022 0.1028549 0.1250293 0.0429265 0.0096597 
HQ015388.1_Pegea_bicaudata               0.1274721 0.1379820 0.0923320 0.3009846 0.1998330 0.1391095 0.1168854 0.2626146 0.1060324 0.1034959 0.1348420 0.1277406 0.0988541 0.1077307 0.1472994 0.3365838 0.1635075 0.1059577 0.1025313 0.1416856 0.1355558 0.1998405 0.1479412 0.1443778 0.3229442 0.1002474 0.1245572 0.1509639 0.1414416 0.1418903 0.1033449 0.1097693 0.0970282 0.1264638 0.1059640 0.1520108 0.2128252 0.1478514 0.1417194 0.1028162 0.0000000 0.1006079 0.1072658 0.1437478 0.1040782 0.1435660 0.1415720 0.2014970 0.0089952 0.0911754 0.5351970 0.1031324 0.0956436 0.1155643 0.3684239 0.1011375 0.1268341 0.0863593 0.1374966 0.1172886 0.0034555 0.1395885 0.0992748 0.1008941 
HQ015391.1_Cyclosalpa_affinis            0.0710628 0.1198233 0.0381530 0.2788551 0.1729786 0.1023942 0.0426366 0.2482332 0.0409744 0.0096876 0.0754938 0.0792076 0.0093620 0.0340662 0.1072063 0.3038265 0.1377003 0.0334986 0.0404713 0.1068201 0.1102825 0.1774618 0.1219546 0.1054344 0.3082120 0.0412828 0.0701482 0.1108298 0.1040068 0.1274780 0.0405032 0.0429596 0.0396050 0.0988567 0.0147144 0.1270958 0.1878600 0.1079791 0.1041916 0.0096365 0.1006079 0.0000000 0.0399034 0.1045506 0.0407500 0.1263447 0.1062787 0.1787015 0.1010219 0.0754395 0.4925754 0.0096592 0.0126223 0.0959428 0.3401997 0.0100165 0.0701387 0.0348242 0.1135314 0.0427652 0.1022623 0.1257407 0.0414681 0.0011649 
FM244867.1_Salpa_thompsoni               0.0701575 0.1356471 0.0341423 0.2881928 0.1790534 0.1154849 0.0335916 0.2295265 0.0023112 0.0394338 0.0746478 0.0810108 0.0354041 0.0268711 0.1207522 0.3038106 0.1566830 0.0272143 0.0106491 0.1056265 0.1068956 0.1851701 0.1312661 0.1185931 0.3120817 0.0398250 0.0700232 0.1294380 0.1173755 0.1366708 0.0083917 0.0115450 0.0411544 0.1073335 0.0404346 0.1386141 0.1994214 0.1183620 0.1175952 0.0392090 0.1072658 0.0399034 0.0000000 0.1177826 0.0083979 0.1437213 0.1042802 0.1826095 0.1070081 0.0865850 0.5000899 0.0393638 0.0330593 0.1137215 0.3302681 0.0412355 0.0700109 0.0313778 0.1300925 0.0336924 0.1080145 0.1377667 0.0429653 0.0392956 
HQ015380.1_Pyrosomella_verticillata      0.1321646 0.0714062 0.0991494 0.2476456 0.1413110 0.0000010 0.1233735 0.1721900 0.1177826 0.1133072 0.1341163 0.1535430 0.1092176 0.1107058 0.0011866 0.2788636 0.0967538 0.1116950 0.1192808 0.1596667 0.1544757 0.1518376 0.0783617 0.0011741 0.2492077 0.1006074 0.1321646 0.0059851 0.0011691 0.1375929 0.1181276 0.1186581 0.1006074 0.0019055 0.1194224 0.0677283 0.1467810 0.0012037 0.0000010 0.1128269 0.1437478 0.1045506 0.1177826 0.0000000 0.1180399 0.0751006 0.1593951 0.1530776 0.1422615 0.1010603 0.4510533 0.1136338 0.1073132 0.0314948 0.3176225 0.1128269 0.1299726 0.0932002 0.0730668 0.1237950 0.1486250 0.0733708 0.1005171 0.1027828 
HQ015409.1_Salpa_fusiformis              0.0705163 0.1366503 0.0351093 0.2884084 0.1813629 0.1176582 0.0346280 0.2354865 0.0083979 0.0364788 0.0747580 0.0797260 0.0331828 0.0271237 0.1203581 0.3150182 0.1537009 0.0278111 0.0005879 0.1035657 0.1126327 0.1860735 0.1275264 0.1205579 0.3121675 0.0400500 0.0705163 0.1279836 0.1181192 0.1346949 0.0000010 0.0090886 0.0392178 0.1088060 0.0383137 0.1399545 0.1994347 0.1209905 0.1183417 0.0362720 0.1040782 0.0407500 0.0083979 0.1180399 0.0000000 0.1416330 0.1034060 0.1874612 0.1023055 0.0839152 0.5094373 0.0365390 0.0345466 0.1153858 0.3453231 0.0362515 0.0703719 0.0323088 0.1309779 0.0347452 0.1041168 0.1340850 0.0432110 0.0394367 
AB075543.1_Megalodicopia_hians           0.1597259 0.0474346 0.1281169 0.1971624 0.1474303 0.0727068 0.1475568 0.1432737 0.1407123 0.1334241 0.1632408 0.1724967 0.1286512 0.1361487 0.0743818 0.2355315 0.0695486 0.1325203 0.1382556 0.1571639 0.1704625 0.1534885 0.0636023 0.0760955 0.2454372 0.1325965 0.1571809 0.0794105 0.0720407 0.1349667 0.1405665 0.1430472 0.1289957 0.0616070 0.1399000 0.0424948 0.1139548 0.0726606 0.0738612 0.1325054 0.1435660 0.1263447 0.1437213 0.0751006 0.1416330 0.0000000 0.1562965 0.1533741 0.1460629 0.1095897 0.4545874 0.1317851 0.1281651 0.0599872 0.3015947 0.1291032 0.1590361 0.1174580 0.0154656 0.1480903 0.1506864 0.0554526 0.1353968 0.1296285 
FM244865.1_Ihlea_racovitzai              0.1178290 0.1530711 0.1059772 0.3117668 0.2059815 0.1563377 0.1107625 0.2476844 0.1052956 0.1069731 0.1203690 0.1174770 0.0991417 0.1114245 0.1633345 0.3402307 0.1772094 0.1106537 0.1022043 0.0000010 0.0740683 0.2078934 0.1519090 0.1599071 0.3301360 0.1156387 0.1170109 0.1665389 0.1590643 0.1586959 0.1034744 0.1124856 0.1119536 0.1390791 0.1149532 0.1543317 0.2314744 0.1611759 0.1593951 0.1062692 0.1415720 0.1062787 0.1042802 0.1593951 0.1034060 0.1562965 0.0000000 0.2082824 0.1497328 0.1172986 0.5579248 0.1069324 0.1118301 0.1330110 0.3482960 0.1038169 0.1169181 0.0985664 0.1444321 0.1111466 0.1390908 0.1504256 0.1156986 0.1088025 
FM244861.1_Doliolum_denticulatum         0.1993640 0.1534289 0.1693283 0.2979003 0.0000010 0.1518000 0.1878233 0.2296918 0.1839355 0.1794710 0.2112324 0.2163965 0.1694137 0.1846688 0.1579122 0.3176671 0.1723854 0.1825980 0.1845651 0.2118333 0.2315172 0.0005743 0.1473569 0.1548445 0.3437750 0.1832985 0.1971166 0.1633880 0.1531716 0.2041908 0.1867619 0.1981302 0.1785465 0.1379366 0.1848109 0.1554553 0.2344280 0.1563100 0.1534816 0.1794911 0.2014970 0.1787015 0.1826095 0.1530776 0.1874612 0.1533741 0.2082824 0.0000000 0.2050508 0.1739066 0.4934143 0.1799068 0.1807238 0.1434345 0.3932838 0.1751497 0.2040737 0.1565689 0.1446618 0.1882030 0.2054070 0.1614539 0.1839054 0.1846612 
HQ015386.1_Pegea_confoederata            0.1241715 0.1440281 0.0880085 0.2970770 0.2000159 0.1405835 0.1167331 0.2482857 0.1067629 0.1043779 0.1310505 0.1251459 0.0997491 0.1057127 0.1448642 0.3405290 0.1705662 0.1066683 0.1026190 0.1493622 0.1383927 0.2035383 0.1501933 0.1447559 0.3331924 0.0961209 0.1239500 0.1519219 0.1413987 0.1384630 0.1019835 0.1083919 0.0946039 0.1249759 0.1084034 0.1538763 0.2161623 0.1462906 0.1416780 0.1036920 0.0089952 0.1010219 0.1070081 0.1422615 0.1023055 0.1460629 0.1497328 0.2050508 0.0000000 0.0946687 0.5568761 0.1040112 0.0973831 0.1215514 0.3718652 0.1027920 0.1244846 0.0829818 0.1398149 0.1173925 0.0102530 0.1424652 0.0951645 0.1006723 
HQ015390.1_Thetys_vagina                 0.1005850 0.0961782 0.0653911 0.2313045 0.1615637 0.0997345 0.0865126 0.1610164 0.0860721 0.0764341 0.1074550 0.1023375 0.0710651 0.0804791 0.1029624 0.2660613 0.1210231 0.0813378 0.0841215 0.1165564 0.0998473 0.1712120 0.1149174 0.1033570 0.2598474 0.0781364 0.1005850 0.1084775 0.1001090 0.0596707 0.0833501 0.0896842 0.0767232 0.0830916 0.0791488 0.1023854 0.1675412 0.1021821 0.1002845 0.0759584 0.0911754 0.0754395 0.0865850 0.1010603 0.0839152 0.1095897 0.1172986 0.1739066 0.0946687 0.0000000 0.4638459 0.0761775 0.0721268 0.0795490 0.3086718 0.0751853 0.1006866 0.0631979 0.1010714 0.0869732 0.0908340 0.1013800 0.0791995 0.0764303 
M97574.1_Myxine_glutinosa                0.5021182 0.4294731 0.4887520 0.6135465 0.4943206 0.4474609 0.4873582 0.5924672 0.4990238 0.4960213 0.5168193 0.4913490 0.4921129 0.4937893 0.4673632 0.4748774 0.4630953 0.4803931 0.5046793 0.5657801 0.5639470 0.4973392 0.4582570 0.4548012 0.3780628 0.4868491 0.4910289 0.4695838 0.4482047 0.5226931 0.5057872 0.5190605 0.4818979 0.4474601 0.5051775 0.4543726 0.4853741 0.4592890 0.4496284 0.4988749 0.5351970 0.4925754 0.5000899 0.4510533 0.5094373 0.4545874 0.5579248 0.4934143 0.5568761 0.4638459 0.0000000 0.4998445 0.4909631 0.4267494 0.8308249 0.4932513 0.4940790 0.4628201 0.4600864 0.4897812 0.5384801 0.4461798 0.5076144 0.4930616 
HQ015398.1_Cyclosalpa_sewelli            0.0736727 0.1267210 0.0395328 0.2925867 0.1704671 0.1129034 0.0403284 0.2434243 0.0393106 0.0000010 0.0790151 0.0826690 0.0000010 0.0317553 0.1161353 0.3041304 0.1438071 0.0317377 0.0371367 0.1067617 0.1078627 0.1774278 0.1199158 0.1163849 0.3074251 0.0414466 0.0736727 0.1218445 0.1129794 0.1281229 0.0363653 0.0416009 0.0414228 0.1062875 0.0048836 0.1326035 0.1896222 0.1166426 0.1129034 0.0000010 0.1031324 0.0096592 0.0393638 0.1136338 0.0365390 0.1317851 0.1069324 0.1799068 0.1040112 0.0761775 0.4998445 0.0000000 0.0096637 0.1019549 0.3499683 0.0000010 0.0730224 0.0363605 0.1212851 0.0405207 0.1031712 0.1250045 0.0422151 0.0096592 
HQ015393.1_Cyclosalpa_floridana          0.0679727 0.1205272 0.0338357 0.2861954 0.1718512 0.1047040 0.0368321 0.2484178 0.0325574 0.0096921 0.0734773 0.0810875 0.0100014 0.0277208 0.1093647 0.2963773 0.1375833 0.0274699 0.0350017 0.1109551 0.1086938 0.1779360 0.1198746 0.1096900 0.2996535 0.0365346 0.0672052 0.1158735 0.1050982 0.1258955 0.0343421 0.0367358 0.0356032 0.1016868 0.0136407 0.1288511 0.1865504 0.1108644 0.1052844 0.0096410 0.0956436 0.0126223 0.0330593 0.1073132 0.0345466 0.1281651 0.1118301 0.1807238 0.0973831 0.0721268 0.4909631 0.0096637 0.0000000 0.0973908 0.3397624 0.0101782 0.0670401 0.0308636 0.1194697 0.0370040 0.0980124 0.1224983 0.0380835 0.0108204 
HQ015379.1_Pyrostremma_spinosum          0.1287433 0.0529138 0.1007964 0.2211958 0.1349083 0.0311251 0.1101479 0.1533097 0.1137215 0.1012408 0.1302298 0.1464467 0.1014202 0.1015522 0.0324859 0.2577275 0.0725954 0.1017673 0.1151726 0.1338675 0.1309629 0.1434135 0.0696708 0.0327202 0.2337222 0.0996270 0.1272455 0.0372874 0.0315349 0.1110695 0.1157590 0.1173234 0.0971873 0.0227495 0.1053084 0.0542110 0.1333763 0.0317301 0.0315793 0.1009952 0.1155643 0.0959428 0.1137215 0.0314948 0.1153858 0.0599872 0.1330110 0.1434345 0.1215514 0.0795490 0.4267494 0.1019549 0.0973908 0.0000000 0.2966310 0.0997895 0.1268763 0.0927587 0.0557263 0.1099104 0.1198901 0.0588637 0.1015108 0.0982424 
AB013014.1_Oikopleura_dioica             0.3213983 0.3088306 0.3055602 0.3998204 0.3760765 0.3084498 0.3430177 0.2935942 0.3289008 0.3557319 0.3394097 0.3500044 0.3367658 0.3249859 0.3234376 0.4202785 0.3142533 0.3234265 0.3388723 0.3489843 0.3500983 0.3871487 0.3193314 0.3173788 0.4387675 0.3381706 0.3166721 0.3232628 0.3128922 0.3276680 0.3414548 0.3488994 0.3289851 0.2783614 0.3568146 0.2998688 0.3294632 0.3219451 0.3137603 0.3526075 0.3684239 0.3401997 0.3302681 0.3176225 0.3453231 0.3015947 0.3482960 0.3932838 0.3718652 0.3086718 0.8308249 0.3499683 0.3397624 0.2966310 0.0000000 0.3432477 0.3273009 0.2935859 0.2884207 0.3445574 0.3700184 0.3044519 0.3350904 0.3451916 
HQ015394.1_Cyclosalpa_polae              0.0736229 0.1235774 0.0395328 0.2939627 0.1704671 0.1110401 0.0397116 0.2434243 0.0443659 0.0000010 0.0786646 0.0812964 0.0000010 0.0312457 0.1156632 0.2977918 0.1505742 0.0315667 0.0415489 0.1055475 0.1066496 0.1738546 0.1184610 0.1136616 0.3028200 0.0419572 0.0734461 0.1256613 0.1128219 0.1267902 0.0360346 0.0413825 0.0450441 0.1062875 0.0071926 0.1316085 0.1870307 0.1166426 0.1130279 0.0000010 0.1011375 0.0100165 0.0412355 0.1128269 0.0362515 0.1291032 0.1038169 0.1751497 0.1027920 0.0751853 0.4932513 0.0000010 0.0101782 0.0997895 0.3432477 0.0000000 0.0735045 0.0369690 0.1196198 0.0398309 0.1018821 0.1276248 0.0426720 0.0101978 
HQ015413.1_Thalia_democratica            0.0023373 0.1478897 0.0548987 0.3092963 0.1924962 0.1269873 0.0667849 0.2335876 0.0688939 0.0736320 0.0030607 0.0377950 0.0699482 0.0632314 0.1329141 0.3508424 0.1736042 0.0625986 0.0706575 0.1159856 0.1167525 0.2009227 0.1503873 0.1329595 0.3278639 0.0605999 0.0017512 0.1396810 0.1270697 0.1376196 0.0697100 0.0732105 0.0603575 0.1255957 0.0791276 0.1557905 0.2212984 0.1326680 0.1269873 0.0733449 0.1268341 0.0701387 0.0700109 0.1299726 0.0703719 0.1590361 0.1169181 0.2040737 0.1244846 0.1006866 0.4940790 0.0730224 0.0670401 0.1268763 0.3273009 0.0735045 0.0000000 0.0510444 0.1549253 0.0671270 0.1305057 0.1485027 0.0657036 0.0694201 
HQ015402.1_Iasis_cylindrica              0.0517237 0.1095688 0.0012801 0.2644508 0.1601673 0.0918685 0.0333522 0.2206630 0.0311246 0.0366946 0.0574311 0.0591861 0.0370381 0.0282165 0.0952419 0.2542687 0.1309987 0.0281415 0.0327916 0.0977882 0.0872196 0.1540560 0.1141967 0.0957397 0.2796640 0.0000010 0.0509722 0.1018552 0.0919340 0.1212734 0.0320258 0.0362985 0.0000010 0.0977316 0.0386301 0.1154713 0.1718971 0.0955579 0.0918685 0.0365586 0.0863593 0.0348242 0.0313778 0.0932002 0.0323088 0.1174580 0.0985664 0.1565689 0.0829818 0.0631979 0.4628201 0.0363605 0.0308636 0.0927587 0.2935859 0.0369690 0.0510444 0.0000000 0.1084644 0.0335131 0.0872152 0.1142632 0.0048918 0.0334136 
