57
AB013011.1_Pyrosoma_atlanticum           0.0000000 0.1379068 0.0519629 0.0980340 0.1379068 0.0011431 0.0034569 0.0863915 0.1031724 0.0848081 0.0825248 0.1101040 0.2046889 0.1901651 0.4774965 0.2876025 0.2584648 0.0938110 0.0484144 0.0437924 0.0444313 0.0575246 0.0428463 0.0446920 0.0461683 0.0825248 0.1027725 0.1027725 0.1009010 0.1231446 0.0780132 0.0780132 0.0882165 0.0882165 0.0848287 0.0845805 0.0845805 0.0807321 0.0807321 0.0784775 0.0863915 0.0760176 0.0848951 0.0867143 0.0737147 0.1002147 0.1096692 0.1095239 0.1140383 0.0011431 0.0034569 0.0147275 0.1035190 0.0825378 0.0825378 0.0822842 0.1005786 
AB013012.1_Doliolum_nationalis           0.1379068 0.0000000 0.1340332 0.1701374 0.0000010 0.1350153 0.1350153 0.1529569 0.1791939 0.1514258 0.1550105 0.1875122 0.2331997 0.2952868 0.4883527 0.3142866 0.3351170 0.1780505 0.1394881 0.1317295 0.1323210 0.1310101 0.1366331 0.1394571 0.1327165 0.1550105 0.1641853 0.1641853 0.1675164 0.1778777 0.1550447 0.1550447 0.1539957 0.1539957 0.1719290 0.1564986 0.1564986 0.1460981 0.1460981 0.1491456 0.1529569 0.1475788 0.1623866 0.1599796 0.1355975 0.1661981 0.1888050 0.1885239 0.1842275 0.1350153 0.1350153 0.1253462 0.1798624 0.1521248 0.1521248 0.1547420 0.1669311 
AB013017.1_Ciona_intestinalis            0.0519629 0.1340332 0.0000000 0.1086052 0.1340332 0.0501283 0.0533327 0.0889043 0.1139107 0.0936548 0.0933876 0.1292858 0.1765893 0.1942891 0.5085280 0.2616529 0.2492018 0.0826073 0.0410735 0.0343789 0.0332945 0.0475795 0.0284670 0.0358767 0.0349183 0.0933876 0.1135363 0.1135363 0.1116241 0.1286867 0.0904697 0.0904697 0.0907481 0.0907481 0.0955420 0.0955213 0.0955213 0.0894500 0.0894500 0.0918392 0.0889043 0.0847861 0.0940014 0.0921594 0.0743194 0.1093775 0.1190740 0.1189146 0.1214918 0.0501283 0.0533327 0.0557213 0.1142983 0.0913171 0.0913171 0.0931338 0.1112632 
D14366.1_Thalia_democratica              0.0980340 0.1701374 0.1086052 0.0000000 0.1701374 0.0955623 0.0955623 0.0469719 0.0652139 0.0388146 0.0418379 0.0761599 0.2192804 0.2344853 0.5084329 0.3329061 0.2355430 0.1285162 0.1001730 0.1018027 0.1045306 0.1117811 0.1062508 0.1036123 0.1048581 0.0418379 0.0022953 0.0022953 0.0011442 0.0269628 0.0447736 0.0447736 0.0437014 0.0437014 0.0484480 0.0434289 0.0434289 0.0357445 0.0357445 0.0373983 0.0469719 0.0446312 0.0417303 0.0402900 0.0668609 0.0916393 0.0824724 0.0823703 0.0850528 0.0955623 0.0955623 0.0792488 0.0654163 0.0355211 0.0355211 0.0448972 0.0011415 
FM244861.1_Doliolum_denticulatum         0.1379068 0.0000010 0.1340332 0.1701374 0.0000000 0.1350153 0.1350153 0.1529569 0.1791939 0.1514258 0.1550105 0.1875122 0.2331997 0.2952868 0.4883527 0.3142866 0.3351170 0.1780505 0.1394881 0.1317295 0.1323210 0.1310101 0.1366331 0.1394571 0.1327165 0.1550105 0.1641853 0.1641853 0.1675164 0.1778777 0.1550447 0.1550447 0.1539957 0.1539957 0.1719290 0.1564986 0.1564986 0.1460981 0.1460981 0.1491456 0.1529569 0.1475788 0.1623866 0.1599796 0.1355975 0.1661981 0.1888050 0.1885239 0.1842275 0.1350153 0.1350153 0.1253462 0.1798624 0.1521248 0.1521248 0.1547420 0.1669311 
FM244862.1_Pyrosoma_godeauxi             0.0011431 0.1350153 0.0501283 0.0955623 0.1350153 0.0000000 0.0022868 0.0840717 0.1006576 0.0825041 0.0802483 0.1075038 0.2011623 0.1867684 0.4718115 0.2833527 0.2544320 0.0914261 0.0466304 0.0420623 0.0427216 0.0556434 0.0411577 0.0429712 0.0444313 0.0802483 0.1002458 0.1002458 0.0983876 0.1203923 0.0757984 0.0757984 0.0858738 0.0858738 0.0825210 0.0822801 0.0822801 0.0784775 0.0784775 0.0762536 0.0840717 0.0738292 0.0825857 0.0843854 0.0715511 0.0977418 0.1070728 0.1069317 0.1113956 0.0000010 0.0022868 0.0133893 0.1009940 0.0802608 0.0802608 0.0800118 0.0980747 
FM244863.1_Pyrosomella_verticillata      0.0034569 0.1350153 0.0533327 0.0955623 0.1350153 0.0022868 0.0000000 0.0840717 0.1006576 0.0825041 0.0802483 0.1075038 0.2011623 0.1867684 0.4718115 0.2833527 0.2544320 0.0875498 0.0497687 0.0451357 0.0457547 0.0588958 0.0441638 0.0460221 0.0475013 0.0802483 0.1002458 0.1002458 0.0983876 0.1203923 0.0757984 0.0757984 0.0858738 0.0858738 0.0825210 0.0822801 0.0822801 0.0784775 0.0784775 0.0762536 0.0840717 0.0738292 0.0825857 0.0843854 0.0715511 0.0977418 0.1070728 0.1069317 0.1113956 0.0022868 0.0000010 0.0133893 0.1009940 0.0802608 0.0802608 0.0800118 0.0980747 
FM244864.1_Cyclosalpa_quadriluminis      0.0863915 0.1529569 0.0889043 0.0469719 0.1529569 0.0840717 0.0840717 0.0000000 0.0680494 0.0325346 0.0209738 0.0766490 0.2205560 0.2219416 0.5315508 0.2908874 0.2510697 0.1268115 0.0945791 0.0976704 0.0863777 0.0992202 0.0894237 0.0896684 0.0840408 0.0209738 0.0472825 0.0472825 0.0474155 0.0583933 0.0144593 0.0144593 0.0195139 0.0195139 0.0279678 0.0236351 0.0236351 0.0296105 0.0296105 0.0311692 0.0000010 0.0070141 0.0070376 0.0082323 0.0627416 0.0955790 0.0685856 0.0685042 0.0757263 0.0840717 0.0840717 0.0764913 0.0682604 0.0223374 0.0223374 0.0209077 0.0472825 
FM244865.1_Ihlea_racovitzai              0.1031724 0.1791939 0.1139107 0.0652139 0.1791939 0.1006576 0.1006576 0.0680494 0.0000000 0.0768194 0.0639314 0.0490314 0.2237782 0.2682786 0.5767345 0.3313734 0.2789932 0.1621468 0.1087189 0.1119363 0.1124928 0.1238508 0.1175607 0.1148003 0.1151112 0.0639314 0.0691765 0.0691765 0.0675066 0.0780613 0.0713730 0.0713730 0.0589453 0.0589453 0.0722069 0.0724774 0.0724774 0.0729373 0.0729373 0.0751214 0.0680494 0.0709235 0.0737272 0.0720473 0.0802480 0.1057675 0.0994693 0.0993419 0.1096707 0.1006576 0.1006576 0.0858180 0.0000010 0.0672375 0.0672375 0.0673781 0.0673065 
FM244866.1_Iasis_cylindrica              0.0848081 0.1514258 0.0936548 0.0388146 0.1514258 0.0825041 0.0825041 0.0325346 0.0768194 0.0000000 0.0266410 0.0751407 0.2215882 0.2160761 0.5370783 0.2857247 0.2488050 0.1259294 0.1010256 0.0979124 0.0984301 0.0956885 0.0935630 0.0938185 0.0938517 0.0266410 0.0371620 0.0371620 0.0372626 0.0513622 0.0239973 0.0239973 0.0309521 0.0309521 0.0380890 0.0284169 0.0284169 0.0022863 0.0022863 0.0034575 0.0325346 0.0265726 0.0298824 0.0312601 0.0643461 0.1149562 0.0799447 0.0798467 0.0827332 0.0825041 0.0825041 0.0749821 0.0770641 0.0199895 0.0199895 0.0267258 0.0371620 
FM244867.1_Salpa_thompsoni               0.0825248 0.1550105 0.0933876 0.0418379 0.1550105 0.0802483 0.0802483 0.0209738 0.0639314 0.0266410 0.0000000 0.0725595 0.2070347 0.2109575 0.5045301 0.2966802 0.2364217 0.1225395 0.0943087 0.0955137 0.0939138 0.0954336 0.0875743 0.0878140 0.0894221 0.0000010 0.0421125 0.0421125 0.0422287 0.0617818 0.0118757 0.0118757 0.0081298 0.0081298 0.0131284 0.0182980 0.0182980 0.0238464 0.0238464 0.0253200 0.0209738 0.0131381 0.0211720 0.0224746 0.0643589 0.0985786 0.0779282 0.0778334 0.0832120 0.0802483 0.0802483 0.0728309 0.0641270 0.0106907 0.0106907 0.0022809 0.0421125 
HQ015377.1_Salpidae_gen._nov._sp._nov._A 0.1101040 0.1875122 0.1292858 0.0761599 0.1875122 0.1075038 0.1075038 0.0766490 0.0490314 0.0751407 0.0725595 0.0000000 0.2376315 0.2480311 0.5643745 0.3476716 0.3127478 0.1626377 0.1275220 0.1245749 0.1291086 0.1400974 0.1356474 0.1283718 0.1308202 0.0725595 0.0783925 0.0783925 0.0786305 0.0889860 0.0778606 0.0778606 0.0746852 0.0746852 0.0812241 0.0751423 0.0751423 0.0713361 0.0713361 0.0734736 0.0766490 0.0780977 0.0827933 0.0845584 0.0787476 0.1208719 0.1037568 0.1036219 0.1115924 0.1075038 0.1075038 0.0939494 0.0491772 0.0690336 0.0690336 0.0761375 0.0783925 
L12426.2_Molgula_manhattensis            0.2046889 0.2331997 0.1765893 0.2192804 0.2331997 0.2011623 0.2011623 0.2205560 0.2237782 0.2215882 0.2070347 0.2376315 0.0000000 0.2929720 0.6318170 0.3262813 0.3288132 0.1523529 0.1677554 0.1757934 0.1722958 0.1750260 0.1680881 0.1694392 0.1755326 0.2070347 0.2262161 0.2262161 0.2238788 0.2376020 0.2246237 0.2246237 0.2179027 0.2179027 0.2090822 0.2259084 0.2259084 0.2150353 0.2150353 0.2187369 0.2205560 0.2258248 0.2258713 0.2229398 0.1841857 0.2184527 0.2542130 0.2538223 0.2412796 0.2011623 0.2011623 0.1798458 0.2246370 0.2125106 0.2125106 0.2129172 0.2230602 
M91181.1_Echinorhinus_cookei             0.1901651 0.2952868 0.1942891 0.2344853 0.2952868 0.1867684 0.1867684 0.2219416 0.2682786 0.2160761 0.2109575 0.2480311 0.2929720 0.0000000 0.3944379 0.2413689 0.3526866 0.1943516 0.1729728 0.1795127 0.1912115 0.2069662 0.1811216 0.1779088 0.1916981 0.2109575 0.2339685 0.2339685 0.2315753 0.2341127 0.1984419 0.1984419 0.2206711 0.2206711 0.2342406 0.2210617 0.2210617 0.2095656 0.2095656 0.2059690 0.2219416 0.2108995 0.2320071 0.2290032 0.1933241 0.2338095 0.2579107 0.2575110 0.2541430 0.1867684 0.1867684 0.1832397 0.2693641 0.2109966 0.2109966 0.2111833 0.2307128 
M97574.1_Myxine_glutinosa                0.4774965 0.4883527 0.5085280 0.5084329 0.4883527 0.4718115 0.4718115 0.5315508 0.5767345 0.5370783 0.5045301 0.5643745 0.6318170 0.3944379 0.0000000 0.5557661 0.7941231 0.4929475 0.4759473 0.4819659 0.4955314 0.4734182 0.4624601 0.4812980 0.5066362 0.5045301 0.5148691 0.5148691 0.5117578 0.5239229 0.5081135 0.5081135 0.5098658 0.5098658 0.5322327 0.5073827 0.5073827 0.5259466 0.5259466 0.5271241 0.5315508 0.5036267 0.5136941 0.5187719 0.4934266 0.5397151 0.6148642 0.6137449 0.6069910 0.4718115 0.4718115 0.4737046 0.5735533 0.4975179 0.4975179 0.4993058 0.5095797 
M97571.1_Branchiostoma_floridae          0.2876025 0.3142866 0.2616529 0.3329061 0.3142866 0.2833527 0.2833527 0.2908874 0.3313734 0.2857247 0.2966802 0.3476716 0.3262813 0.2413689 0.5557661 0.0000000 0.3974678 0.2788640 0.2275804 0.2413038 0.2517196 0.2453570 0.2449495 0.2439963 0.2477064 0.2966802 0.3284122 0.3284122 0.3297097 0.3069834 0.2898018 0.2898018 0.3069584 0.3069584 0.3285032 0.3181999 0.3181999 0.2781044 0.2781044 0.2823618 0.2908874 0.2831385 0.3039766 0.3004168 0.2673439 0.3321594 0.3345446 0.3340014 0.3302577 0.2833527 0.2833527 0.2620936 0.3286763 0.3053887 0.3053887 0.3005009 0.3284122 
AB013014.1_Oikopleura_dioica             0.2584648 0.3351170 0.2492018 0.2355430 0.3351170 0.2544320 0.2544320 0.2510697 0.2789932 0.2488050 0.2364217 0.3127478 0.3288132 0.3526866 0.7941231 0.3974678 0.0000000 0.2525782 0.2292467 0.2389000 0.2483859 0.2542030 0.2341638 0.2504637 0.2388322 0.2364217 0.2317304 0.2317304 0.2359066 0.2715289 0.2459029 0.2459029 0.2468325 0.2468325 0.2534235 0.2552435 0.2552435 0.2416814 0.2416814 0.2456837 0.2510697 0.2437359 0.2586379 0.2553923 0.2385915 0.2600104 0.2772798 0.2768435 0.2769532 0.2544320 0.2544320 0.2297350 0.2801273 0.2472544 0.2472544 0.2428947 0.2350275 
AY903925.1_Halocynthia_igaboja           0.0938110 0.1780505 0.0826073 0.1285162 0.1780505 0.0914261 0.0875498 0.1268115 0.1621468 0.1259294 0.1225395 0.1626377 0.1523529 0.1943516 0.4929475 0.2788640 0.2525782 0.0000000 0.0790568 0.0820294 0.0832449 0.0902089 0.0805217 0.0774514 0.0875731 0.1225395 0.1338188 0.1338188 0.1318273 0.1402948 0.1212688 0.1212688 0.1268784 0.1268784 0.1174597 0.1212210 0.1212210 0.1211011 0.1211011 0.1238663 0.1268115 0.1187963 0.1320616 0.1299203 0.1125783 0.1450018 0.1500979 0.1498881 0.1516209 0.0914261 0.0875498 0.0916753 0.1627366 0.1211990 0.1211990 0.1222650 0.1313904 
FM244840.1_Clavelina_meridionalis        0.0484144 0.1394881 0.0410735 0.1001730 0.1394881 0.0466304 0.0497687 0.0945791 0.1087189 0.1010256 0.0943087 0.1275220 0.1677554 0.1729728 0.4759473 0.2275804 0.2292467 0.0790568 0.0000000 0.0120808 0.0328287 0.0416649 0.0314356 0.0255276 0.0329198 0.0943087 0.1049428 0.1049428 0.1030661 0.1172943 0.0877018 0.0877018 0.0983776 0.0983776 0.0962132 0.0964655 0.0964655 0.0966604 0.0966604 0.0991480 0.0945791 0.0856091 0.0943146 0.0924642 0.0735008 0.0942676 0.1220745 0.1219100 0.1221449 0.0466304 0.0497687 0.0463014 0.1090865 0.0943238 0.0943238 0.0940521 0.1027365 
FM244841.1_Pycnoclavella_aff._detorta    0.0437924 0.1317295 0.0343789 0.1018027 0.1317295 0.0420623 0.0451357 0.0976704 0.1119363 0.0979124 0.0955137 0.1245749 0.1757934 0.1795127 0.4819659 0.2413038 0.2389000 0.0820294 0.0120808 0.0000000 0.0282314 0.0338678 0.0253851 0.0225068 0.0283078 0.0955137 0.1066041 0.1066041 0.1047203 0.1149439 0.0925544 0.0925544 0.1015046 0.1015046 0.0974214 0.0976721 0.0976721 0.0936190 0.0936190 0.0960628 0.0976704 0.0868049 0.0940212 0.0921735 0.0727767 0.0915321 0.1186603 0.1185015 0.1187285 0.0420623 0.0451357 0.0417648 0.1123156 0.0955290 0.0955290 0.0952568 0.1043846 
AB075543.1_Megalodicopia_hians           0.0444313 0.1323210 0.0332945 0.1045306 0.1323210 0.0427216 0.0457547 0.0863777 0.1124928 0.0984301 0.0939138 0.1291086 0.1722958 0.1912115 0.4955314 0.2517196 0.2483859 0.0832449 0.0328287 0.0282314 0.0000000 0.0324050 0.0199320 0.0210215 0.0046514 0.0939138 0.1093791 0.1093791 0.1074859 0.1250857 0.0891624 0.0891624 0.0939690 0.0939690 0.0939486 0.0960591 0.0960591 0.0941271 0.0941271 0.0965771 0.0863777 0.0834867 0.0905882 0.0887622 0.0716304 0.0983623 0.1179282 0.1177710 0.1139416 0.0427216 0.0457547 0.0411333 0.1128740 0.0939288 0.0939288 0.0936586 0.1071406 
L12378.2_Ascidia_ceratodes               0.0575246 0.1310101 0.0475795 0.1117811 0.1310101 0.0556434 0.0588958 0.0992202 0.1238508 0.0956885 0.0954336 0.1400974 0.1750260 0.2069662 0.4734182 0.2453570 0.2542030 0.0902089 0.0416649 0.0338678 0.0324050 0.0000000 0.0314228 0.0293724 0.0324938 0.0954336 0.1167665 0.1167665 0.1148432 0.1346134 0.0924974 0.0924974 0.0976167 0.0976167 0.0875940 0.0975870 0.0975870 0.0914433 0.0914433 0.0938576 0.0992202 0.0921870 0.0955599 0.0937054 0.0897987 0.1070162 0.1366234 0.1364348 0.1309293 0.0556434 0.0588958 0.0517528 0.1242779 0.0954488 0.0954488 0.0914789 0.1144707 
AJ250778.1_Ciona_intestinalis            0.0428463 0.1366331 0.0284670 0.1062508 0.1366331 0.0411577 0.0441638 0.0894237 0.1175607 0.0935630 0.0875743 0.1356474 0.1680881 0.1811216 0.4624601 0.2449495 0.2341638 0.0805217 0.0314356 0.0253851 0.0199320 0.0314228 0.0000000 0.0185646 0.0199838 0.0875743 0.1111353 0.1111353 0.1092335 0.1264763 0.0847618 0.0847618 0.0915145 0.0915145 0.0835180 0.0933273 0.0933273 0.0893620 0.0893620 0.0917490 0.0894237 0.0809494 0.0879270 0.0861259 0.0757239 0.1006458 0.1199741 0.1198135 0.1203143 0.0411577 0.0441638 0.0413883 0.1179631 0.0912274 0.0912274 0.0873279 0.1088815 
AB104873.1_Perophora_sagamiensis         0.0446920 0.1394571 0.0358767 0.1036123 0.1394571 0.0429712 0.0460221 0.0896684 0.1148003 0.0938185 0.0878140 0.1283718 0.1694392 0.1779088 0.4812980 0.2439963 0.2504637 0.0774514 0.0255276 0.0225068 0.0210215 0.0293724 0.0185646 0.0000000 0.0210757 0.0878140 0.1084379 0.1084379 0.1065504 0.1236016 0.0814447 0.0814447 0.0936051 0.0936051 0.0873446 0.0935822 0.0935822 0.0896061 0.0896061 0.0919999 0.0896684 0.0811696 0.0881682 0.0863624 0.0689301 0.1009195 0.1182276 0.1180697 0.1162455 0.0429712 0.0460221 0.0398130 0.1151911 0.0914768 0.0914768 0.0875668 0.1062089 
AF165821.2_Chelyosoma_siboja             0.0461683 0.1327165 0.0349183 0.1048581 0.1327165 0.0444313 0.0475013 0.0840408 0.1151112 0.0938517 0.0894221 0.1308202 0.1755326 0.1916981 0.5066362 0.2477064 0.2388322 0.0875731 0.0329198 0.0283078 0.0046514 0.0324938 0.0199838 0.0210757 0.0000000 0.0894221 0.1074757 0.1074757 0.1078228 0.1243821 0.0847804 0.0847804 0.0915448 0.0915448 0.0894487 0.0915253 0.0915253 0.0896377 0.0896377 0.0920324 0.0840408 0.0792191 0.0861469 0.0843539 0.0711678 0.1008090 0.1152331 0.1150802 0.1112909 0.0444313 0.0475013 0.0412490 0.1155031 0.0894362 0.0894362 0.0891728 0.1074757 
HQ015406.1_Salpa_thompsoni               0.0825248 0.1550105 0.0933876 0.0418379 0.1550105 0.0802483 0.0802483 0.0209738 0.0639314 0.0266410 0.0000010 0.0725595 0.2070347 0.2109575 0.5045301 0.2966802 0.2364217 0.1225395 0.0943087 0.0955137 0.0939138 0.0954336 0.0875743 0.0878140 0.0894221 0.0000000 0.0421125 0.0421125 0.0422287 0.0617818 0.0118757 0.0118757 0.0081298 0.0081298 0.0131284 0.0182980 0.0182980 0.0238464 0.0238464 0.0253200 0.0209738 0.0131381 0.0211720 0.0224746 0.0643589 0.0985786 0.0779282 0.0778334 0.0832120 0.0802483 0.0802483 0.0728309 0.0641270 0.0106907 0.0106907 0.0022809 0.0421125 
HQ015415.1_Thalia_democratica            0.1027725 0.1641853 0.1135363 0.0022953 0.1641853 0.1002458 0.1002458 0.0472825 0.0691765 0.0371620 0.0421125 0.0783925 0.2262161 0.2339685 0.5148691 0.3284122 0.2317304 0.1338188 0.1049428 0.1066041 0.1093791 0.1167665 0.1111353 0.1084379 0.1074757 0.0421125 0.0000000 0.0000010 0.0011416 0.0254668 0.0450668 0.0450668 0.0439899 0.0439899 0.0487675 0.0437142 0.0437142 0.0341331 0.0341331 0.0357604 0.0472825 0.0449227 0.0420035 0.0405541 0.0689800 0.0961558 0.0847913 0.0846855 0.0874097 0.1002458 0.1002458 0.0835441 0.0693935 0.0357519 0.0357519 0.0451917 0.0011389 
HQ015414.1_Thalia_democratica            0.1027725 0.1641853 0.1135363 0.0022953 0.1641853 0.1002458 0.1002458 0.0472825 0.0691765 0.0371620 0.0421125 0.0783925 0.2262161 0.2339685 0.5148691 0.3284122 0.2317304 0.1338188 0.1049428 0.1066041 0.1093791 0.1167665 0.1111353 0.1084379 0.1074757 0.0421125 0.0000010 0.0000000 0.0011416 0.0254668 0.0450668 0.0450668 0.0439899 0.0439899 0.0487675 0.0437142 0.0437142 0.0341331 0.0341331 0.0357604 0.0472825 0.0449227 0.0420035 0.0405541 0.0689800 0.0961558 0.0847913 0.0846855 0.0874097 0.1002458 0.1002458 0.0835441 0.0693935 0.0357519 0.0357519 0.0451917 0.0011389 
HQ015413.1_Thalia_democratica            0.1009010 0.1675164 0.1116241 0.0011442 0.1675164 0.0983876 0.0983876 0.0474155 0.0675066 0.0372626 0.0422287 0.0786305 0.2238788 0.2315753 0.5117578 0.3297097 0.2359066 0.1318273 0.1030661 0.1047203 0.1074859 0.1148432 0.1092335 0.1065504 0.1078228 0.0422287 0.0011416 0.0011416 0.0000000 0.0255333 0.0451916 0.0451916 0.0441125 0.0441125 0.0489048 0.0438354 0.0438354 0.0342247 0.0342247 0.0358570 0.0474155 0.0450467 0.0421191 0.0406655 0.0691864 0.0943501 0.0850525 0.0849461 0.0876808 0.0983876 0.0983876 0.0817859 0.0677181 0.0358485 0.0358485 0.0453172 0.0000010 
HQ015412.1_Thalia_orientalis             0.1231446 0.1778777 0.1286867 0.0269628 0.1778777 0.1203923 0.1203923 0.0583933 0.0780613 0.0513622 0.0617818 0.0889860 0.2376020 0.2341127 0.5239229 0.3069834 0.2715289 0.1402948 0.1172943 0.1149439 0.1250857 0.1346134 0.1264763 0.1236016 0.1243821 0.0617818 0.0254668 0.0254668 0.0255333 0.0000000 0.0532874 0.0532874 0.0599736 0.0599736 0.0708438 0.0652283 0.0652283 0.0479784 0.0479784 0.0498344 0.0583933 0.0580106 0.0562594 0.0546903 0.0724778 0.1020930 0.0821872 0.0820856 0.0839607 0.1203923 0.1203923 0.1020371 0.0783096 0.0529207 0.0529207 0.0619755 0.0254668 
HQ015411.1_Ritteriella_retracta          0.0780132 0.1550447 0.0904697 0.0447736 0.1550447 0.0757984 0.0757984 0.0144593 0.0713730 0.0239973 0.0118757 0.0778606 0.2246237 0.1984419 0.5081135 0.2898018 0.2459029 0.1212688 0.0877018 0.0925544 0.0891624 0.0924974 0.0847618 0.0814447 0.0847804 0.0118757 0.0450668 0.0450668 0.0451916 0.0532874 0.0000000 0.0000010 0.0156908 0.0156908 0.0236948 0.0168463 0.0168463 0.0212416 0.0212416 0.0226872 0.0144593 0.0117841 0.0171102 0.0183793 0.0637603 0.1062504 0.0752994 0.0752089 0.0827140 0.0757984 0.0757984 0.0686104 0.0715954 0.0119134 0.0119134 0.0119120 0.0450668 
HQ015410.1_Ritteriella_retracta          0.0780132 0.1550447 0.0904697 0.0447736 0.1550447 0.0757984 0.0757984 0.0144593 0.0713730 0.0239973 0.0118757 0.0778606 0.2246237 0.1984419 0.5081135 0.2898018 0.2459029 0.1212688 0.0877018 0.0925544 0.0891624 0.0924974 0.0847618 0.0814447 0.0847804 0.0118757 0.0450668 0.0450668 0.0451916 0.0532874 0.0000010 0.0000000 0.0156908 0.0156908 0.0236948 0.0168463 0.0168463 0.0212416 0.0212416 0.0226872 0.0144593 0.0117841 0.0171102 0.0183793 0.0637603 0.1062504 0.0752994 0.0752089 0.0827140 0.0757984 0.0757984 0.0686104 0.0715954 0.0119134 0.0119134 0.0119120 0.0450668 
HQ015409.1_Salpa_fusiformis              0.0882165 0.1539957 0.0907481 0.0437014 0.1539957 0.0858738 0.0858738 0.0195139 0.0589453 0.0309521 0.0081298 0.0746852 0.2179027 0.2206711 0.5098658 0.3069584 0.2468325 0.1268784 0.0983776 0.1015046 0.0939690 0.0976167 0.0915145 0.0936051 0.0915448 0.0081298 0.0439899 0.0439899 0.0441125 0.0599736 0.0156908 0.0156908 0.0000000 0.0000010 0.0143944 0.0236157 0.0236157 0.0280689 0.0280689 0.0296015 0.0195139 0.0193973 0.0251605 0.0264854 0.0639387 0.0998676 0.0774425 0.0773487 0.0826956 0.0858738 0.0858738 0.0782108 0.0591240 0.0132465 0.0132465 0.0057603 0.0439899 
HQ015408.1_Salpa_maxima                  0.0882165 0.1539957 0.0907481 0.0437014 0.1539957 0.0858738 0.0858738 0.0195139 0.0589453 0.0309521 0.0081298 0.0746852 0.2179027 0.2206711 0.5098658 0.3069584 0.2468325 0.1268784 0.0983776 0.1015046 0.0939690 0.0976167 0.0915145 0.0936051 0.0915448 0.0081298 0.0439899 0.0439899 0.0441125 0.0599736 0.0156908 0.0156908 0.0000010 0.0000000 0.0143944 0.0236157 0.0236157 0.0280689 0.0280689 0.0296015 0.0195139 0.0193973 0.0251605 0.0264854 0.0639387 0.0998676 0.0774425 0.0773487 0.0826956 0.0858738 0.0858738 0.0782108 0.0591240 0.0132465 0.0132465 0.0057603 0.0439899 
HQ015405.1_Salpa_aspera                  0.0848287 0.1719290 0.0955420 0.0484480 0.1719290 0.0825210 0.0825210 0.0279678 0.0722069 0.0380890 0.0131284 0.0812241 0.2090822 0.2342406 0.5322327 0.3285032 0.2534235 0.1174597 0.0962132 0.0974214 0.0939486 0.0875940 0.0835180 0.0873446 0.0894487 0.0131284 0.0487675 0.0487675 0.0489048 0.0708438 0.0236948 0.0236948 0.0143944 0.0143944 0.0000000 0.0267113 0.0267113 0.0350826 0.0350826 0.0367004 0.0279678 0.0249264 0.0282359 0.0295941 0.0752095 0.0998007 0.0864674 0.0863595 0.0920445 0.0825210 0.0825210 0.0767134 0.0724334 0.0211558 0.0211558 0.0130878 0.0487675 
HQ015404.1_Brooksia_rostrata             0.0845805 0.1564986 0.0955213 0.0434289 0.1564986 0.0822801 0.0822801 0.0236351 0.0724774 0.0284169 0.0182980 0.0751423 0.2259084 0.2210617 0.5073827 0.3181999 0.2552435 0.1212210 0.0964655 0.0976721 0.0960591 0.0975870 0.0933273 0.0935822 0.0915253 0.0182980 0.0437142 0.0437142 0.0438354 0.0652283 0.0168463 0.0168463 0.0236157 0.0236157 0.0267113 0.0000000 0.0000010 0.0255555 0.0255555 0.0270694 0.0236351 0.0194113 0.0238586 0.0251778 0.0711423 0.1002009 0.0823776 0.0822769 0.0900876 0.0822801 0.0822801 0.0747726 0.0727054 0.0118062 0.0118062 0.0209051 0.0437142 
HQ015403.1_Brooksia_rostrata             0.0845805 0.1564986 0.0955213 0.0434289 0.1564986 0.0822801 0.0822801 0.0236351 0.0724774 0.0284169 0.0182980 0.0751423 0.2259084 0.2210617 0.5073827 0.3181999 0.2552435 0.1212210 0.0964655 0.0976721 0.0960591 0.0975870 0.0933273 0.0935822 0.0915253 0.0182980 0.0437142 0.0437142 0.0438354 0.0652283 0.0168463 0.0168463 0.0236157 0.0236157 0.0267113 0.0000010 0.0000000 0.0255555 0.0255555 0.0270694 0.0236351 0.0194113 0.0238586 0.0251778 0.0711423 0.1002009 0.0823776 0.0822769 0.0900876 0.0822801 0.0822801 0.0747726 0.0727054 0.0118062 0.0118062 0.0209051 0.0437142 
HQ015402.1_Iasis_cylindrica              0.0807321 0.1460981 0.0894500 0.0357445 0.1460981 0.0784775 0.0784775 0.0296105 0.0729373 0.0022863 0.0238464 0.0713361 0.2150353 0.2095656 0.5259466 0.2781044 0.2416814 0.1211011 0.0966604 0.0936190 0.0941271 0.0914433 0.0893620 0.0896061 0.0896377 0.0238464 0.0341331 0.0341331 0.0342247 0.0479784 0.0212416 0.0212416 0.0280689 0.0280689 0.0350826 0.0255555 0.0255555 0.0000000 0.0000010 0.0011407 0.0296105 0.0237860 0.0269896 0.0283463 0.0607371 0.1103564 0.0760167 0.0759245 0.0787372 0.0784775 0.0784775 0.0711402 0.0731677 0.0173025 0.0173025 0.0239220 0.0341331 
HQ015401.1_Iasis_cylindrica              0.0807321 0.1460981 0.0894500 0.0357445 0.1460981 0.0784775 0.0784775 0.0296105 0.0729373 0.0022863 0.0238464 0.0713361 0.2150353 0.2095656 0.5259466 0.2781044 0.2416814 0.1211011 0.0966604 0.0936190 0.0941271 0.0914433 0.0893620 0.0896061 0.0896377 0.0238464 0.0341331 0.0341331 0.0342247 0.0479784 0.0212416 0.0212416 0.0280689 0.0280689 0.0350826 0.0255555 0.0255555 0.0000010 0.0000000 0.0011407 0.0296105 0.0237860 0.0269896 0.0283463 0.0607371 0.1103564 0.0760167 0.0759245 0.0787372 0.0784775 0.0784775 0.0711402 0.0731677 0.0173025 0.0173025 0.0239220 0.0341331 
HQ015399.1_Iasis_cylindrica              0.0784775 0.1491456 0.0918392 0.0373983 0.1491456 0.0762536 0.0762536 0.0311692 0.0751214 0.0034575 0.0253200 0.0734736 0.2187369 0.2059690 0.5271241 0.2823618 0.2456837 0.1238663 0.0991480 0.0960628 0.0965771 0.0938576 0.0917490 0.0919999 0.0920324 0.0253200 0.0357604 0.0357604 0.0358570 0.0498344 0.0226872 0.0226872 0.0296015 0.0296015 0.0367004 0.0270694 0.0270694 0.0011407 0.0011407 0.0000000 0.0311692 0.0252552 0.0285242 0.0298960 0.0627456 0.1129861 0.0782313 0.0781357 0.0809944 0.0762536 0.0762536 0.0732988 0.0753602 0.0187007 0.0187007 0.0254007 0.0357604 
HQ015398.1_Cyclosalpa_sewelli            0.0863915 0.1529569 0.0889043 0.0469719 0.1529569 0.0840717 0.0840717 0.0000010 0.0680494 0.0325346 0.0209738 0.0766490 0.2205560 0.2219416 0.5315508 0.2908874 0.2510697 0.1268115 0.0945791 0.0976704 0.0863777 0.0992202 0.0894237 0.0896684 0.0840408 0.0209738 0.0472825 0.0472825 0.0474155 0.0583933 0.0144593 0.0144593 0.0195139 0.0195139 0.0279678 0.0236351 0.0236351 0.0296105 0.0296105 0.0311692 0.0000000 0.0070141 0.0070376 0.0082323 0.0627416 0.0955790 0.0685856 0.0685042 0.0757263 0.0840717 0.0840717 0.0764913 0.0682604 0.0223374 0.0223374 0.0209077 0.0472825 
HQ015393.1_Cyclosalpa_floridana          0.0760176 0.1475788 0.0847861 0.0446312 0.1475788 0.0738292 0.0738292 0.0070141 0.0709235 0.0265726 0.0131381 0.0780977 0.2258248 0.2108995 0.5036267 0.2831385 0.2437359 0.1187963 0.0856091 0.0868049 0.0834867 0.0921870 0.0809494 0.0811696 0.0792191 0.0131381 0.0449227 0.0449227 0.0450467 0.0580106 0.0117841 0.0117841 0.0193973 0.0193973 0.0249264 0.0194113 0.0194113 0.0237860 0.0237860 0.0252552 0.0070141 0.0000000 0.0070773 0.0082788 0.0607476 0.0980132 0.0698027 0.0697200 0.0769663 0.0738292 0.0738292 0.0667383 0.0711436 0.0169012 0.0169012 0.0130974 0.0449227 
HQ015392.1_Cyclosalpa_affinis            0.0848951 0.1623866 0.0940014 0.0417303 0.1623866 0.0825857 0.0825857 0.0070376 0.0737272 0.0298824 0.0211720 0.0827933 0.2258713 0.2320071 0.5136941 0.3039766 0.2586379 0.1320616 0.0943146 0.0940212 0.0905882 0.0955599 0.0879270 0.0881682 0.0861469 0.0211720 0.0420035 0.0420035 0.0421191 0.0562594 0.0171102 0.0171102 0.0251605 0.0251605 0.0282359 0.0238586 0.0238586 0.0269896 0.0269896 0.0285242 0.0070376 0.0070773 0.0000000 0.0011358 0.0689430 0.1011061 0.0747864 0.0746957 0.0822468 0.0825857 0.0825857 0.0750468 0.0739587 0.0225485 0.0225485 0.0211046 0.0420035 
HQ015391.1_Cyclosalpa_affinis            0.0867143 0.1599796 0.0921594 0.0402900 0.1599796 0.0843854 0.0843854 0.0082323 0.0720473 0.0312601 0.0224746 0.0845584 0.2229398 0.2290032 0.5187719 0.3004168 0.2553923 0.1299203 0.0924642 0.0921735 0.0887622 0.0937054 0.0861259 0.0863624 0.0843539 0.0224746 0.0405541 0.0405541 0.0406655 0.0546903 0.0183793 0.0183793 0.0264854 0.0264854 0.0295941 0.0251778 0.0251778 0.0283463 0.0283463 0.0298960 0.0082323 0.0082788 0.0011358 0.0000000 0.0672813 0.0992162 0.0747864 0.0746957 0.0822468 0.0843854 0.0843854 0.0733433 0.0722731 0.0238616 0.0238616 0.0224030 0.0405541 
HQ015390.1_Thetys_vagina                 0.0737147 0.1355975 0.0743194 0.0668609 0.1355975 0.0715511 0.0715511 0.0627416 0.0802480 0.0643461 0.0643589 0.0787476 0.1841857 0.1933241 0.4934266 0.2673439 0.2385915 0.1125783 0.0735008 0.0727767 0.0716304 0.0897987 0.0757239 0.0689301 0.0711678 0.0643589 0.0689800 0.0689800 0.0691864 0.0724778 0.0637603 0.0637603 0.0639387 0.0639387 0.0752095 0.0711423 0.0711423 0.0607371 0.0607371 0.0627456 0.0627416 0.0607476 0.0689430 0.0672813 0.0000000 0.0432214 0.0598893 0.0598198 0.0595638 0.0715511 0.0715511 0.0557978 0.0805060 0.0570092 0.0570092 0.0627323 0.0689800 
HQ015389.1_Soestia_zonaria               0.1002147 0.1661981 0.1093775 0.0916393 0.1661981 0.0977418 0.0977418 0.0955790 0.1057675 0.1149562 0.0985786 0.1208719 0.2184527 0.2338095 0.5397151 0.3321594 0.2600104 0.1450018 0.0942676 0.0915321 0.0983623 0.1070162 0.1006458 0.1009195 0.1008090 0.0985786 0.0961558 0.0961558 0.0943501 0.1020930 0.1062504 0.1062504 0.0998676 0.0998676 0.0998007 0.1002009 0.1002009 0.1103564 0.1103564 0.1129861 0.0955790 0.0980132 0.1011061 0.0992162 0.0432214 0.0000000 0.1048861 0.1047500 0.0953848 0.0977418 0.0977418 0.0831863 0.1061205 0.0995571 0.0995571 0.1004600 0.0940574 
HQ015388.1_Pegea_bicaudata               0.1096692 0.1888050 0.1190740 0.0824724 0.1888050 0.1070728 0.1070728 0.0685856 0.0994693 0.0799447 0.0779282 0.1037568 0.2542130 0.2579107 0.6148642 0.3345446 0.2772798 0.1500979 0.1220745 0.1186603 0.1179282 0.1366234 0.1199741 0.1182276 0.1152331 0.0779282 0.0847913 0.0847913 0.0850525 0.0821872 0.0752994 0.0752994 0.0774425 0.0774425 0.0864674 0.0823776 0.0823776 0.0760167 0.0760167 0.0782313 0.0685856 0.0698027 0.0747864 0.0747864 0.0598893 0.1048861 0.0000000 0.0000010 0.0058752 0.1070728 0.1070728 0.0963063 0.0997978 0.0769646 0.0769646 0.0796509 0.0847913 
HQ015387.1_Pegea_confoederata            0.1095239 0.1885239 0.1189146 0.0823703 0.1885239 0.1069317 0.1069317 0.0685042 0.0993419 0.0798467 0.0778334 0.1036219 0.2538223 0.2575110 0.6137449 0.3340014 0.2768435 0.1498881 0.1219100 0.1185015 0.1177710 0.1364348 0.1198135 0.1180697 0.1150802 0.0778334 0.0846855 0.0846855 0.0849461 0.0820856 0.0752089 0.0752089 0.0773487 0.0773487 0.0863595 0.0822769 0.0822769 0.0759245 0.0759245 0.0781357 0.0685042 0.0697200 0.0746957 0.0746957 0.0598198 0.1047500 0.0000010 0.0000000 0.0058701 0.1069317 0.1069317 0.0961827 0.0996695 0.0768718 0.0768718 0.0795536 0.0846855 
HQ015386.1_Pegea_confoederata            0.1140383 0.1842275 0.1214918 0.0850528 0.1842275 0.1113956 0.1113956 0.0757263 0.1096707 0.0827332 0.0832120 0.1115924 0.2412796 0.2541430 0.6069910 0.3302577 0.2769532 0.1516209 0.1221449 0.1187285 0.1139416 0.1309293 0.1203143 0.1162455 0.1112909 0.0832120 0.0874097 0.0874097 0.0876808 0.0839607 0.0827140 0.0827140 0.0826956 0.0826956 0.0920445 0.0900876 0.0900876 0.0787372 0.0787372 0.0809944 0.0757263 0.0769663 0.0822468 0.0822468 0.0595638 0.0953848 0.0058752 0.0058701 0.0000000 0.1113956 0.1113956 0.0982557 0.1100412 0.0821870 0.0821870 0.0849851 0.0874097 
HQ015385.1_Pyrosoma_atlanticum           0.0011431 0.1350153 0.0501283 0.0955623 0.1350153 0.0000010 0.0022868 0.0840717 0.1006576 0.0825041 0.0802483 0.1075038 0.2011623 0.1867684 0.4718115 0.2833527 0.2544320 0.0914261 0.0466304 0.0420623 0.0427216 0.0556434 0.0411577 0.0429712 0.0444313 0.0802483 0.1002458 0.1002458 0.0983876 0.1203923 0.0757984 0.0757984 0.0858738 0.0858738 0.0825210 0.0822801 0.0822801 0.0784775 0.0784775 0.0762536 0.0840717 0.0738292 0.0825857 0.0843854 0.0715511 0.0977418 0.1070728 0.1069317 0.1113956 0.0000000 0.0022868 0.0133893 0.1009940 0.0802608 0.0802608 0.0800118 0.0980747 
HQ015382.1_Pyrosomella_verticillata      0.0034569 0.1350153 0.0533327 0.0955623 0.1350153 0.0022868 0.0000010 0.0840717 0.1006576 0.0825041 0.0802483 0.1075038 0.2011623 0.1867684 0.4718115 0.2833527 0.2544320 0.0875498 0.0497687 0.0451357 0.0457547 0.0588958 0.0441638 0.0460221 0.0475013 0.0802483 0.1002458 0.1002458 0.0983876 0.1203923 0.0757984 0.0757984 0.0858738 0.0858738 0.0825210 0.0822801 0.0822801 0.0784775 0.0784775 0.0762536 0.0840717 0.0738292 0.0825857 0.0843854 0.0715511 0.0977418 0.1070728 0.1069317 0.1113956 0.0022868 0.0000000 0.0133893 0.1009940 0.0802608 0.0802608 0.0800118 0.0980747 
HQ015379.1_Pyrostremma_spinosum          0.0147275 0.1253462 0.0557213 0.0792488 0.1253462 0.0133893 0.0133893 0.0764913 0.0858180 0.0749821 0.0728309 0.0939494 0.1798458 0.1832397 0.4737046 0.2620936 0.2297350 0.0916753 0.0463014 0.0417648 0.0411333 0.0517528 0.0413883 0.0398130 0.0412490 0.0728309 0.0835441 0.0835441 0.0817859 0.1020371 0.0686104 0.0686104 0.0782108 0.0782108 0.0767134 0.0747726 0.0747726 0.0711402 0.0711402 0.0732988 0.0764913 0.0667383 0.0750468 0.0733433 0.0557978 0.0831863 0.0963063 0.0961827 0.0982557 0.0133893 0.0133893 0.0000000 0.0860945 0.0728420 0.0728420 0.0726111 0.0815353 
HQ015378.1_Ihlea_racovitzai              0.1035190 0.1798624 0.1142983 0.0654163 0.1798624 0.1009940 0.1009940 0.0682604 0.0000010 0.0770641 0.0641270 0.0491772 0.2246370 0.2693641 0.5735533 0.3286763 0.2801273 0.1627366 0.1090865 0.1123156 0.1128740 0.1242779 0.1179631 0.1151911 0.1155031 0.0641270 0.0693935 0.0693935 0.0677181 0.0783096 0.0715954 0.0715954 0.0591240 0.0591240 0.0724334 0.0727054 0.0727054 0.0731677 0.0731677 0.0753602 0.0682604 0.0711436 0.0739587 0.0722731 0.0805060 0.1061205 0.0997978 0.0996695 0.1100412 0.1009940 0.1009940 0.0860945 0.0000000 0.0674475 0.0674475 0.0675855 0.0675168 
KR057223.1_Brooksia_lacromae             0.0825378 0.1521248 0.0913171 0.0355211 0.1521248 0.0802608 0.0802608 0.0223374 0.0672375 0.0199895 0.0106907 0.0690336 0.2125106 0.2109966 0.4975179 0.3053887 0.2472544 0.1211990 0.0943238 0.0955290 0.0939288 0.0954488 0.0912274 0.0914768 0.0894362 0.0106907 0.0357519 0.0357519 0.0358485 0.0529207 0.0119134 0.0119134 0.0132465 0.0132465 0.0211558 0.0118062 0.0118062 0.0173025 0.0173025 0.0187007 0.0223374 0.0169012 0.0225485 0.0238616 0.0570092 0.0995571 0.0769646 0.0768718 0.0821870 0.0802608 0.0802608 0.0728420 0.0674475 0.0000000 0.0000010 0.0107234 0.0357519 
KR057222.1_Brooksia_lacromae             0.0825378 0.1521248 0.0913171 0.0355211 0.1521248 0.0802608 0.0802608 0.0223374 0.0672375 0.0199895 0.0106907 0.0690336 0.2125106 0.2109966 0.4975179 0.3053887 0.2472544 0.1211990 0.0943238 0.0955290 0.0939288 0.0954488 0.0912274 0.0914768 0.0894362 0.0106907 0.0357519 0.0357519 0.0358485 0.0529207 0.0119134 0.0119134 0.0132465 0.0132465 0.0211558 0.0118062 0.0118062 0.0173025 0.0173025 0.0187007 0.0223374 0.0169012 0.0225485 0.0238616 0.0570092 0.0995571 0.0769646 0.0768718 0.0821870 0.0802608 0.0802608 0.0728420 0.0674475 0.0000010 0.0000000 0.0107234 0.0357519 
MZ333593.1_Salpa_younti                  0.0822842 0.1547420 0.0931338 0.0448972 0.1547420 0.0800118 0.0800118 0.0209077 0.0673781 0.0267258 0.0022809 0.0761375 0.2129172 0.2111833 0.4993058 0.3005009 0.2428947 0.1222650 0.0940521 0.0952568 0.0936586 0.0914789 0.0873279 0.0875668 0.0891728 0.0022809 0.0451917 0.0451917 0.0453172 0.0619755 0.0119120 0.0119120 0.0057603 0.0057603 0.0130878 0.0209051 0.0209051 0.0239220 0.0239220 0.0254007 0.0209077 0.0130974 0.0211046 0.0224030 0.0627323 0.1004600 0.0796509 0.0795536 0.0849851 0.0800118 0.0800118 0.0726111 0.0675855 0.0107234 0.0107234 0.0000000 0.0451917 
AB859889.1_Thalia_longicauda             0.1005786 0.1669311 0.1112632 0.0011415 0.1669311 0.0980747 0.0980747 0.0472825 0.0673065 0.0371620 0.0421125 0.0783925 0.2230602 0.2307128 0.5095797 0.3284122 0.2350275 0.1313904 0.1027365 0.1043846 0.1071406 0.1144707 0.1088815 0.1062089 0.1074757 0.0421125 0.0011389 0.0011389 0.0000010 0.0254668 0.0450668 0.0450668 0.0439899 0.0439899 0.0487675 0.0437142 0.0437142 0.0341331 0.0341331 0.0357604 0.0472825 0.0449227 0.0420035 0.0405541 0.0689800 0.0940574 0.0847913 0.0846855 0.0874097 0.0980747 0.0980747 0.0815353 0.0675168 0.0357519 0.0357519 0.0451917 0.0000000 
