68
HQ015392.1_Cyclosalpa_affinis            0.0000000 0.0096703 0.1023044 0.0102123 0.1015610 0.3067505 0.0427987 0.0011654 0.0754292 0.3437986 0.1296330 0.0401519 0.1035183 0.0410361 0.4894715 0.1083057 0.0990122 0.0425970 0.0093742 0.2902701 0.0394413 0.0391187 0.0394602 0.1946509 0.1759421 0.1241957 0.1820743 0.0760129 0.1056774 0.0375560 0.0697673 0.0711452 0.1091617 0.0693730 0.0097024 0.1110056 0.0321251 0.0399114 0.0705525 0.0416128 0.1020594 0.0398279 0.1273762 0.3129224 0.0329323 0.1281367 0.0096703 0.1061132 0.1394006 0.1849168 0.0342429 0.1163448 0.0401519 0.0824674 0.0150189 0.1110379 0.1029220 0.0975685 0.1246322 0.1067424 0.1324282 0.1020594 0.0389619 0.0399793 0.0392780 0.1029867 0.0108307 0.1237536 
HQ015396.1_Cyclosalpa_polae              0.0096703 0.0000000 0.1141937 0.0000010 0.1025390 0.3077386 0.0404284 0.0096470 0.0785544 0.3530266 0.1314537 0.0394535 0.1138289 0.0430915 0.4976335 0.1076040 0.1017935 0.0403153 0.0000010 0.2949001 0.0392714 0.0370795 0.0369821 0.1932550 0.1722683 0.1249549 0.1795820 0.0755625 0.1159505 0.0398236 0.0734287 0.0739535 0.1074351 0.0732543 0.0000010 0.1222898 0.0316408 0.0377650 0.0734287 0.0425884 0.1135493 0.0414336 0.1304200 0.3058967 0.0316584 0.1278078 0.0000010 0.1163591 0.1446732 0.1809377 0.0366957 0.1210203 0.0394535 0.0840923 0.0048527 0.1078685 0.1039179 0.1072077 0.1192534 0.1176067 0.1283063 0.1139124 0.0399102 0.0422643 0.0399102 0.1050775 0.0096539 0.1252920 
HQ015381.1_Pyrosoma_atlanticum           0.1023044 0.1141937 0.0000000 0.1140570 0.1485158 0.2747961 0.1231347 0.1049185 0.1357054 0.3168002 0.0740369 0.1149788 0.0000010 0.0978728 0.4532360 0.1581054 0.0316075 0.1224265 0.1103684 0.2453321 0.1084204 0.1171220 0.1183698 0.1467636 0.1444782 0.0737549 0.1540944 0.1016209 0.0011897 0.0974878 0.1308005 0.1334540 0.1594735 0.1282137 0.1146755 0.0059576 0.1085638 0.1183859 0.1317938 0.1175088 0.0000010 0.0987710 0.0679742 0.2570086 0.1098468 0.0633251 0.1139124 0.0011765 0.0945422 0.1565364 0.0906597 0.0739070 0.1149788 0.1524767 0.1208143 0.1544987 0.1419207 0.0019048 0.0790083 0.0012039 0.1376490 0.0011523 0.1154957 0.0992189 0.1175845 0.1404245 0.1062732 0.0717601 
HQ015394.1_Cyclosalpa_polae              0.0102123 0.0000010 0.1140570 0.0000000 0.1016131 0.2991121 0.0400566 0.0100312 0.0785544 0.3436506 0.1293394 0.0391382 0.1138289 0.0428373 0.4921605 0.1067349 0.1005845 0.0399388 0.0000010 0.3030198 0.0392714 0.0367407 0.0369610 0.1916084 0.1722683 0.1275081 0.1753901 0.0747984 0.1166502 0.0397093 0.0734379 0.0738348 0.1049578 0.0734392 0.0000010 0.1262670 0.0315628 0.0407582 0.0736110 0.0421917 0.1120600 0.0413766 0.1294794 0.3030800 0.0312337 0.1278078 0.0000010 0.1146598 0.1527920 0.1765481 0.0371195 0.1185956 0.0391685 0.0829563 0.0072015 0.1076832 0.1022500 0.1072077 0.1182511 0.1176067 0.1292268 0.1137784 0.0480968 0.0420645 0.0427039 0.1041711 0.0101951 0.1234117 
HQ015387.1_Pegea_confoederata            0.1015610 0.1025390 0.1485158 0.1016131 0.0000000 0.3492539 0.1186109 0.1021644 0.1386613 0.3726089 0.1510180 0.1107378 0.1489389 0.1011133 0.5359450 0.1397031 0.1202952 0.1182087 0.0986297 0.3101792 0.1140747 0.1043827 0.1051227 0.2221980 0.2058875 0.1448256 0.2065794 0.0907930 0.1525729 0.0944924 0.1295248 0.1337540 0.1403105 0.1319367 0.1032100 0.1569193 0.1089146 0.1042904 0.1326359 0.1110568 0.1457743 0.0995601 0.1546024 0.3320362 0.1084806 0.1664310 0.1028595 0.1495345 0.1669693 0.2080143 0.0882334 0.1475418 0.1114613 0.1284590 0.1063003 0.1358782 0.0034622 0.1314598 0.1514047 0.1531923 0.1405405 0.1481359 0.1073375 0.1020920 0.1080285 0.0102770 0.0978248 0.1427130 
M97571.1_Branchiostoma_floridae          0.3067505 0.3077386 0.2747961 0.2991121 0.3492539 0.0000000 0.3245862 0.3018480 0.3792971 0.4199936 0.2344147 0.3049932 0.2798901 0.2925013 0.4778319 0.3398221 0.2585475 0.3231774 0.2985248 0.3180025 0.3092711 0.3090417 0.3136149 0.2736914 0.3057819 0.2446685 0.3144534 0.2693493 0.2863434 0.2734203 0.3429918 0.3676638 0.3414868 0.3525608 0.3086443 0.2860571 0.2929459 0.3053392 0.3518387 0.3233599 0.2703289 0.2797435 0.2537885 0.2326119 0.2998263 0.2287143 0.3054504 0.2807151 0.2481970 0.3173848 0.2520380 0.2334491 0.3107263 0.3322958 0.3136179 0.3569504 0.3392661 0.2612753 0.2545358 0.2850818 0.3257772 0.2739756 0.2958641 0.2895683 0.3008230 0.3437863 0.2943918 0.2445460 
HQ015404.1_Brooksia_rostrata             0.0427987 0.0404284 0.1231347 0.0400566 0.1186109 0.3245862 0.0000000 0.0437010 0.0710747 0.3463302 0.1481345 0.0151527 0.1227335 0.0459298 0.4879748 0.1119642 0.1088652 0.0000010 0.0374914 0.2992842 0.0297287 0.0341116 0.0340228 0.2013877 0.1862187 0.1361063 0.1889602 0.0881392 0.1253367 0.0356499 0.0658985 0.0666027 0.1113541 0.0662864 0.0405421 0.1295026 0.0270639 0.0344727 0.0665096 0.0358536 0.1210054 0.0399680 0.1418002 0.3130208 0.0265041 0.1331547 0.0407504 0.1240060 0.1459151 0.1903461 0.0335562 0.1341404 0.0152600 0.0853068 0.0435246 0.1063785 0.1176299 0.1137321 0.1329750 0.1253525 0.1401752 0.1228257 0.0329287 0.0411561 0.0329287 0.1179639 0.0378345 0.1300253 
HQ015391.1_Cyclosalpa_affinis            0.0011654 0.0096470 0.1049185 0.0100312 0.1021644 0.3018480 0.0437010 0.0000000 0.0754292 0.3388385 0.1262718 0.0415114 0.1052911 0.0423572 0.4890277 0.1071714 0.0966406 0.0435719 0.0093742 0.2825086 0.0413507 0.0405291 0.0407749 0.1912545 0.1735521 0.1253477 0.1777522 0.0749770 0.1079250 0.0390889 0.0701545 0.0708271 0.1066271 0.0700910 0.0096975 0.1113562 0.0334947 0.0405107 0.0710680 0.0430453 0.1031202 0.0404275 0.1250546 0.3086806 0.0340750 0.1246315 0.0096703 0.1061717 0.1368462 0.1789301 0.0356623 0.1133806 0.0413840 0.0810173 0.0147412 0.1114388 0.1026747 0.0995437 0.1209024 0.1086698 0.1281813 0.1046671 0.0409582 0.0421160 0.0398893 0.1034042 0.0126344 0.1205200 
D14366.1_Thalia_democratica              0.0754292 0.0785544 0.1357054 0.0785544 0.1386613 0.3792971 0.0710747 0.0754292 0.0000000 0.3434712 0.1650414 0.0638003 0.1355815 0.0714777 0.5191828 0.1227870 0.1317997 0.0710747 0.0743251 0.3214804 0.0734721 0.0747351 0.0747351 0.2318476 0.1969120 0.1506841 0.2114872 0.1072096 0.1355815 0.0603685 0.0049050 0.0030529 0.1225837 0.0030641 0.0785544 0.1465727 0.0678023 0.0757580 0.0049050 0.0786804 0.1355815 0.0659149 0.1585177 0.3412125 0.0669732 0.1442791 0.0789061 0.1372881 0.1846502 0.2128084 0.0565948 0.1570800 0.0638003 0.0422117 0.0831496 0.1179098 0.1363782 0.1284849 0.1543100 0.1353643 0.1448738 0.1355815 0.0745732 0.0659149 0.0745732 0.1315302 0.0732431 0.1477552 
AB013014.1_Oikopleura_dioica             0.3437986 0.3530266 0.3168002 0.3436506 0.3726089 0.4199936 0.3463302 0.3388385 0.3434712 0.0000000 0.3048058 0.3300606 0.3207164 0.3357166 0.8259534 0.3578157 0.2990998 0.3447930 0.3372710 0.4014931 0.3066413 0.3430529 0.3469366 0.3327455 0.3807727 0.3074850 0.3919869 0.3158057 0.3265129 0.3064875 0.3204959 0.3406267 0.3571004 0.3311720 0.3561521 0.3260962 0.3246703 0.3405096 0.3252988 0.3509878 0.3114189 0.3295189 0.3029787 0.4439679 0.3262493 0.2661094 0.3503844 0.3204564 0.3168991 0.3982054 0.2940490 0.2913214 0.3346807 0.3498989 0.3570632 0.3503889 0.3708659 0.2808921 0.3198892 0.3249675 0.3332555 0.3158005 0.3301828 0.3386914 0.3315494 0.3722398 0.3383148 0.3114580 
AB075543.1_Megalodicopia_hians           0.1296330 0.1314537 0.0740369 0.1293394 0.1510180 0.2344147 0.1481345 0.1262718 0.1650414 0.3048058 0.0000000 0.1409334 0.0752796 0.1349402 0.4512654 0.1581446 0.0600239 0.1476083 0.1277768 0.2012482 0.1293844 0.1406012 0.1416666 0.1141075 0.1502354 0.0554178 0.1564043 0.1107847 0.0745877 0.1277367 0.1587744 0.1660435 0.1572695 0.1606642 0.1323580 0.0794930 0.1326680 0.1397224 0.1613574 0.1433633 0.0728868 0.1273927 0.0424930 0.2484416 0.1363477 0.0325576 0.1307410 0.0762762 0.0713609 0.1559676 0.1170670 0.0154695 0.1433291 0.1720341 0.1389656 0.1724950 0.1437539 0.0617409 0.0634454 0.0728383 0.1400300 0.0722145 0.1421218 0.1318933 0.1451693 0.1460245 0.1283007 0.0473286 
KR057223.1_Brooksia_lacromae             0.0401519 0.0394535 0.1149788 0.0391382 0.1107378 0.3049932 0.0151527 0.0415114 0.0638003 0.3300606 0.1409334 0.0000000 0.1154327 0.0359362 0.4863164 0.1082799 0.1055673 0.0151105 0.0381324 0.2817516 0.0231813 0.0255656 0.0256310 0.1937850 0.1811456 0.1382519 0.1814529 0.0804936 0.1182949 0.0285568 0.0590975 0.0595711 0.1083006 0.0587558 0.0396744 0.1217532 0.0182511 0.0263731 0.0590268 0.0305577 0.1129528 0.0321714 0.1345577 0.2956514 0.0171626 0.1257697 0.0395569 0.1162555 0.1394890 0.1868072 0.0268274 0.1285501 0.0000010 0.0751875 0.0422531 0.0999309 0.1102685 0.1087818 0.1266339 0.1192938 0.1356663 0.1146962 0.0248917 0.0329288 0.0270349 0.1080238 0.0339397 0.1306163 
HQ015380.1_Pyrosomella_verticillata      0.1035183 0.1138289 0.0000010 0.1138289 0.1489389 0.2798901 0.1227335 0.1052911 0.1355815 0.3207164 0.0752796 0.1154327 0.0000000 0.0994721 0.4547023 0.1597499 0.0315248 0.1223193 0.1103684 0.2488730 0.1084204 0.1181620 0.1180737 0.1472892 0.1444782 0.0735390 0.1548781 0.1024139 0.0011869 0.0978190 0.1334297 0.1330058 0.1594735 0.1312254 0.1143078 0.0059789 0.1106759 0.1193505 0.1334297 0.1188536 0.0000010 0.0994581 0.0677786 0.2528805 0.1096914 0.0633251 0.1146454 0.0011743 0.0962117 0.1561286 0.0919702 0.0731877 0.1154327 0.1541885 0.1204186 0.1539603 0.1439606 0.0019048 0.0783352 0.0012039 0.1386619 0.0011694 0.1177752 0.0994581 0.1177752 0.1410031 0.1083198 0.0715493 
HQ015399.1_Iasis_cylindrica              0.0410361 0.0430915 0.0978728 0.0428373 0.1011133 0.2925013 0.0459298 0.0423572 0.0714777 0.3357166 0.1349402 0.0359362 0.0994721 0.0000000 0.5073842 0.1151708 0.1002871 0.0457115 0.0408621 0.2902235 0.0426567 0.0422561 0.0423691 0.1893881 0.1713640 0.1234752 0.1815243 0.0801085 0.1012829 0.0065208 0.0653761 0.0669738 0.1154389 0.0649525 0.0433380 0.1077182 0.0360271 0.0429531 0.0653761 0.0459877 0.0985487 0.0059677 0.1285670 0.3011926 0.0353206 0.1149249 0.0423676 0.1017641 0.1386701 0.1841758 0.0048985 0.1253585 0.0359362 0.0817049 0.0452210 0.1012561 0.1001720 0.0947005 0.1220965 0.1013053 0.1412189 0.0988547 0.0420083 0.0065942 0.0420884 0.0962090 0.0389083 0.1201430 
M97574.1_Myxine_glutinosa                0.4894715 0.4976335 0.4532360 0.4921605 0.5359450 0.4778319 0.4879748 0.4890277 0.5191828 0.8259534 0.4512654 0.4863164 0.4547023 0.5073842 0.0000000 0.5587867 0.4257625 0.4855897 0.4940669 0.6182269 0.5054168 0.5024586 0.5061114 0.4858074 0.4971369 0.4448529 0.5004085 0.4667953 0.4710745 0.4890984 0.4934537 0.5155111 0.5510230 0.4964408 0.4947130 0.4731794 0.4776564 0.5015354 0.5046264 0.5162386 0.4510949 0.4815715 0.4567942 0.3768849 0.4910158 0.4687344 0.4985835 0.4585006 0.4614930 0.4964215 0.4627786 0.4568775 0.4967915 0.4877714 0.5038038 0.5612792 0.5323939 0.4499750 0.4568583 0.4628405 0.5249856 0.4516840 0.4958103 0.4864599 0.4968023 0.5582968 0.4899510 0.4279819 
HQ015378.1_Ihlea_racovitzai              0.1083057 0.1076040 0.1581054 0.1067349 0.1397031 0.3398221 0.1119642 0.1071714 0.1227870 0.3578157 0.1581446 0.1082799 0.1597499 0.1151708 0.5587867 0.0000000 0.1347519 0.1113396 0.1004519 0.3180240 0.1075512 0.1028061 0.1035403 0.2333787 0.2055472 0.1479030 0.2078935 0.1175075 0.1622787 0.1059428 0.1180193 0.1205999 0.0000010 0.1180081 0.1083138 0.1635941 0.1115391 0.1028948 0.1189110 0.1119011 0.1558756 0.1124487 0.1553692 0.3455436 0.1121627 0.1577355 0.1079434 0.1615028 0.1778035 0.2110861 0.0975525 0.1462254 0.1089048 0.1193266 0.1180234 0.0747325 0.1430100 0.1389630 0.1544139 0.1614480 0.1619087 0.1576901 0.1048346 0.1151327 0.1056504 0.1508858 0.1111524 0.1537294 
HQ015379.1_Pyrostremma_spinosum          0.0990122 0.1017935 0.0316075 0.1005845 0.1202952 0.2585475 0.1088652 0.0966406 0.1317997 0.2990998 0.0600239 0.1055673 0.0315248 0.1002871 0.4257625 0.1347519 0.0000000 0.1091011 0.1022257 0.2221539 0.1001167 0.1156273 0.1152542 0.1337454 0.1376122 0.0589108 0.1460370 0.0805685 0.0325066 0.0994372 0.1285994 0.1287306 0.1338895 0.1282389 0.1020410 0.0372529 0.1007814 0.1150829 0.1301142 0.1172756 0.0311572 0.0959083 0.0541836 0.2368034 0.1005631 0.0655714 0.1027621 0.0327513 0.0722828 0.1460541 0.0914776 0.0557191 0.1066641 0.1469435 0.1060867 0.1326270 0.1158826 0.0227368 0.0694115 0.0317371 0.1118660 0.0315426 0.1135598 0.0982778 0.1135598 0.1205827 0.0983349 0.0528883 
HQ015403.1_Brooksia_rostrata             0.0425970 0.0403153 0.1224265 0.0399388 0.1182087 0.3231774 0.0000010 0.0435719 0.0710747 0.3447930 0.1476083 0.0151105 0.1223193 0.0457115 0.4855897 0.1113396 0.1091011 0.0000000 0.0374914 0.2996494 0.0297287 0.0339534 0.0339094 0.2006158 0.1862187 0.1364218 0.1882505 0.0876752 0.1253367 0.0354704 0.0656946 0.0666027 0.1109753 0.0659528 0.0405421 0.1290487 0.0269867 0.0343717 0.0661773 0.0356855 0.1205870 0.0398508 0.1418002 0.3116784 0.0263856 0.1331547 0.0405585 0.1237739 0.1453920 0.1899664 0.0333970 0.1336697 0.0151937 0.0850328 0.0436006 0.1063785 0.1172312 0.1137321 0.1325097 0.1253525 0.1396828 0.1221210 0.0328328 0.0409634 0.0328328 0.1173044 0.0376603 0.1303221 
HQ015397.1_Cyclosalpa_quadriluminis      0.0093742 0.0000010 0.1103684 0.0000010 0.0986297 0.2985248 0.0374914 0.0093742 0.0743251 0.3372710 0.1277768 0.0381324 0.1103684 0.0408621 0.4940669 0.1004519 0.1022257 0.0374914 0.0000000 0.2918698 0.0349353 0.0339407 0.0339407 0.1945698 0.1722683 0.1196332 0.1699951 0.0707000 0.1110003 0.0403537 0.0705721 0.0700561 0.1002909 0.0698486 0.0000010 0.1193217 0.0300699 0.0347357 0.0705721 0.0393642 0.1103684 0.0400193 0.1245282 0.3026239 0.0300871 0.1278078 0.0000010 0.1131365 0.1450763 0.1711931 0.0371765 0.1172602 0.0381324 0.0790418 0.0049764 0.1020437 0.1000251 0.1075615 0.1185487 0.1113689 0.1244443 0.1103684 0.0361681 0.0400193 0.0361681 0.1012054 0.0100175 0.1189523 
L12426.2_Molgula_manhattensis            0.2902701 0.2949001 0.2453321 0.3030198 0.3101792 0.3180025 0.2992842 0.2825086 0.3214804 0.4014931 0.2012482 0.2817516 0.2488730 0.2902235 0.6182269 0.3180240 0.2221539 0.2996494 0.2918698 0.0000000 0.2654813 0.2896045 0.2900554 0.1596690 0.2913860 0.2155625 0.3017067 0.2340432 0.2519164 0.2870671 0.3078628 0.3213901 0.3154262 0.3128755 0.2957333 0.2786362 0.2917851 0.3010921 0.3160356 0.2922822 0.2401546 0.2995440 0.2142307 0.3374775 0.2999317 0.1794447 0.2983575 0.2485126 0.2128683 0.3008629 0.2639396 0.2060196 0.2888007 0.3266200 0.3011925 0.3171131 0.3032087 0.2383607 0.2162441 0.2512187 0.2827266 0.2446184 0.3025931 0.2897272 0.2901713 0.2971953 0.2882324 0.2082399 
MZ333593.1_Salpa_younti                  0.0394413 0.0392714 0.1084204 0.0392714 0.1140747 0.3092711 0.0297287 0.0413507 0.0734721 0.3066413 0.1293844 0.0231813 0.1084204 0.0426567 0.5054168 0.1075512 0.1001167 0.0297287 0.0349353 0.2654813 0.0000000 0.0048101 0.0048101 0.1678662 0.1740127 0.1279224 0.1887292 0.0975754 0.1084204 0.0341420 0.0736284 0.0736284 0.1073223 0.0737712 0.0392714 0.1185442 0.0239930 0.0048101 0.0736284 0.0097465 0.1084204 0.0394174 0.1208942 0.2599895 0.0230906 0.1193306 0.0392714 0.1103695 0.1177290 0.1887292 0.0305177 0.1218892 0.0231813 0.0928648 0.0412011 0.1077529 0.1141872 0.0910532 0.1140504 0.1073853 0.1440450 0.1084204 0.0048030 0.0394174 0.0048030 0.1128938 0.0312824 0.1281649 
HQ015408.1_Salpa_maxima                  0.0391187 0.0370795 0.1171220 0.0367407 0.1043827 0.3090417 0.0341116 0.0405291 0.0747351 0.3430529 0.1406012 0.0255656 0.1181620 0.0422561 0.5024586 0.1028061 0.1156273 0.0339534 0.0339407 0.2896045 0.0048101 0.0000000 0.0000010 0.2022845 0.1819307 0.1345300 0.1842000 0.0831368 0.1207115 0.0341669 0.0700507 0.0712371 0.1034520 0.0696521 0.0372118 0.1272793 0.0268537 0.0005853 0.0700507 0.0090393 0.1168318 0.0381434 0.1397862 0.3163174 0.0261761 0.1238209 0.0370795 0.1209837 0.1518087 0.1870744 0.0312188 0.1299417 0.0255656 0.0806418 0.0391013 0.1131598 0.1043455 0.1085691 0.1277025 0.1209424 0.1333764 0.1168318 0.0083585 0.0382870 0.0083986 0.1020188 0.0343372 0.1367463 
HQ015409.1_Salpa_fusiformis              0.0394602 0.0369821 0.1183698 0.0369610 0.1051227 0.3136149 0.0340228 0.0407749 0.0747351 0.3469366 0.1416666 0.0256310 0.1180737 0.0423691 0.5061114 0.1035403 0.1152542 0.0339094 0.0339407 0.2900554 0.0048101 0.0000010 0.0000000 0.2022274 0.1819307 0.1340753 0.1863877 0.0836973 0.1203124 0.0342429 0.0705078 0.0710293 0.1033779 0.0703114 0.0371904 0.1278136 0.0270110 0.0005884 0.0705078 0.0091115 0.1176912 0.0383440 0.1393145 0.3148083 0.0263293 0.1238209 0.0372545 0.1205885 0.1529913 0.1877730 0.0314925 0.1309155 0.0256310 0.0811836 0.0389968 0.1127967 0.1050853 0.1085691 0.1269180 0.1209424 0.1342534 0.1180737 0.0084045 0.0391543 0.0084045 0.1023361 0.0345406 0.1362860 
AY903925.1_Halocynthia_igaboja           0.1946509 0.1932550 0.1467636 0.1916084 0.2221980 0.2736914 0.2013877 0.1912545 0.2318476 0.3327455 0.1141075 0.1937850 0.1472892 0.1893881 0.4858074 0.2333787 0.1337454 0.2006158 0.1945698 0.1596690 0.1678662 0.2022845 0.2022274 0.0000000 0.2296258 0.1241495 0.2364574 0.1725646 0.1519531 0.1841352 0.2247894 0.2308129 0.2325327 0.2255946 0.1947089 0.1587300 0.1884366 0.2006978 0.2285887 0.1988662 0.1440723 0.1827601 0.1260513 0.2659151 0.1910064 0.0963124 0.1942452 0.1478949 0.1399566 0.2385031 0.1721293 0.1188583 0.1975264 0.2294998 0.2029416 0.2288017 0.2144413 0.1374322 0.1375446 0.1525558 0.2116545 0.1486182 0.1996624 0.1877216 0.2013852 0.2175933 0.1886556 0.1244016 
HQ015376.1_Doliolum_denticulatum         0.1759421 0.1722683 0.1444782 0.1722683 0.2058875 0.3057819 0.1862187 0.1735521 0.1969120 0.3807727 0.1502354 0.1811456 0.1444782 0.1713640 0.4971369 0.2055472 0.1376122 0.1862187 0.1722683 0.2913860 0.1740127 0.1819307 0.1819307 0.2296258 0.0000000 0.1524519 0.0000010 0.1678691 0.1444782 0.1734709 0.1895835 0.1935437 0.2051577 0.1939064 0.1722683 0.1530338 0.1788581 0.1836103 0.1895835 0.1925926 0.1444782 0.1717261 0.1484668 0.3419916 0.1776321 0.1480006 0.1722683 0.1462660 0.1678417 0.0000010 0.1603565 0.1425742 0.1811456 0.2064218 0.1785011 0.2190381 0.2024898 0.1407396 0.1431804 0.1449789 0.2040646 0.1444782 0.1808859 0.1717261 0.1808859 0.1996958 0.1725845 0.1460808 
FM244840.1_Clavelina_meridionalis        0.1241957 0.1249549 0.0737549 0.1275081 0.1448256 0.2446685 0.1361063 0.1253477 0.1506841 0.3074850 0.0554178 0.1382519 0.0735390 0.1234752 0.4448529 0.1479030 0.0589108 0.1364218 0.1196332 0.2155625 0.1279224 0.1345300 0.1340753 0.1241495 0.1524519 0.0000000 0.1647703 0.1026236 0.0723809 0.1250979 0.1507581 0.1482573 0.1512885 0.1500764 0.1252745 0.0823557 0.1323091 0.1379841 0.1519392 0.1361052 0.0725685 0.1278124 0.0471613 0.2401236 0.1280746 0.0501042 0.1248903 0.0735696 0.0761938 0.1644157 0.1138821 0.0468942 0.1353214 0.1536589 0.1324869 0.1559791 0.1397082 0.0581088 0.0667571 0.0704315 0.1249756 0.0718686 0.1364020 0.1266908 0.1375772 0.1422318 0.1225386 0.0174763 
AB013012.1_Doliolum_nationalis           0.1820743 0.1795820 0.1540944 0.1753901 0.2065794 0.3144534 0.1889602 0.1777522 0.2114872 0.3919869 0.1564043 0.1814529 0.1548781 0.1815243 0.5004085 0.2078935 0.1460370 0.1882505 0.1699951 0.3017067 0.1887292 0.1842000 0.1863877 0.2364574 0.0000010 0.1647703 0.0000000 0.1773515 0.1598822 0.1676688 0.1956603 0.2076581 0.2072207 0.2022544 0.1795550 0.1628743 0.1819663 0.1845623 0.1975977 0.1955495 0.1524179 0.1784277 0.1581728 0.3496942 0.1824444 0.1480006 0.1788808 0.1566463 0.1749661 0.0005738 0.1542400 0.1477726 0.1866537 0.2131072 0.1911271 0.2340995 0.2024038 0.1397053 0.1502472 0.1582504 0.2106792 0.1536964 0.1855258 0.1808305 0.1896196 0.2032868 0.1783292 0.1549287 
HQ015390.1_Thetys_vagina                 0.0760129 0.0755625 0.1016209 0.0747984 0.0907930 0.2693493 0.0881392 0.0749770 0.1072096 0.3158057 0.1107847 0.0804936 0.1024139 0.0801085 0.4667953 0.1175075 0.0805685 0.0876752 0.0707000 0.2340432 0.0975754 0.0831368 0.0836973 0.1725646 0.1678691 0.1026236 0.1773515 0.0000000 0.1042774 0.0664089 0.1003770 0.1025348 0.1182580 0.1004054 0.0760288 0.1097718 0.0823195 0.0839308 0.1003770 0.0895433 0.1010661 0.0775715 0.1032244 0.2672526 0.0814590 0.0998048 0.0757836 0.1047248 0.1216382 0.1801265 0.0641139 0.1022233 0.0804936 0.1017353 0.0786724 0.1000960 0.0911879 0.0842991 0.1158766 0.1035158 0.0590881 0.1013785 0.0858208 0.0789678 0.0863315 0.0935193 0.0717895 0.0972367 
HQ015384.1_Pyrosoma_godeauxi             0.1056774 0.1159505 0.0011897 0.1166502 0.1525729 0.2863434 0.1253367 0.1079250 0.1355815 0.3265129 0.0745877 0.1182949 0.0011869 0.1012829 0.4710745 0.1622787 0.0325066 0.1253367 0.1110003 0.2519164 0.1084204 0.1207115 0.1203124 0.1519531 0.1444782 0.0723809 0.1598822 0.1042774 0.0000000 0.0998687 0.1354440 0.1325272 0.1633774 0.1341148 0.1162416 0.0054358 0.1134430 0.1223253 0.1360055 0.1214315 0.0017759 0.1019704 0.0674240 0.2616131 0.1125228 0.0605094 0.1170924 0.0023779 0.0967048 0.1610183 0.0939093 0.0733694 0.1173871 0.1579665 0.1211015 0.1538585 0.1474793 0.0000010 0.0785855 0.0000010 0.1420151 0.0000010 0.1207086 0.1025323 0.1207086 0.1434953 0.1103181 0.0688035 
FM244866.1_Iasis_cylindrica              0.0375560 0.0398236 0.0974878 0.0397093 0.0944924 0.2734203 0.0356499 0.0390889 0.0603685 0.3064875 0.1277367 0.0285568 0.0978190 0.0065208 0.4890984 0.1059428 0.0994372 0.0354704 0.0403537 0.2870671 0.0341420 0.0341669 0.0342429 0.1841352 0.1734709 0.1250979 0.1676688 0.0664089 0.0998687 0.0000000 0.0540102 0.0551301 0.1057629 0.0540905 0.0399786 0.1049089 0.0301619 0.0350012 0.0540102 0.0387743 0.0974878 0.0012812 0.1229790 0.2960858 0.0294141 0.1170737 0.0397093 0.1005670 0.1423617 0.1695653 0.0012812 0.1187336 0.0285568 0.0646473 0.0420019 0.0961480 0.0934929 0.0990260 0.1236252 0.1002158 0.1305800 0.0974878 0.0332661 0.0012812 0.0332661 0.0893099 0.0347001 0.1173384 
HQ015415.1_Thalia_democratica            0.0697673 0.0734287 0.1308005 0.0734379 0.1295248 0.3429918 0.0658985 0.0701545 0.0049050 0.3204959 0.1587744 0.0590975 0.1334297 0.0653761 0.4934537 0.1180193 0.1285994 0.0656946 0.0705721 0.3078628 0.0736284 0.0700507 0.0705078 0.2247894 0.1895835 0.1507581 0.1956603 0.1003770 0.1354440 0.0540102 0.0000000 0.0017952 0.1190173 0.0017537 0.0738738 0.1415830 0.0619715 0.0706736 0.0005788 0.0738812 0.1285678 0.0590605 0.1579768 0.3296259 0.0624287 0.1437087 0.0736397 0.1342545 0.1734791 0.1983956 0.0502024 0.1535420 0.0589365 0.0369813 0.0788772 0.1166611 0.1258975 0.1298779 0.1470485 0.1369606 0.1347581 0.1304748 0.0680433 0.0602257 0.0699735 0.1243439 0.0670648 0.1487894 
AB859889.1_Thalia_longicauda             0.0711452 0.0739535 0.1334540 0.0738348 0.1337540 0.3676638 0.0666027 0.0708271 0.0030529 0.3406267 0.1660435 0.0595711 0.1330058 0.0669738 0.5155111 0.1205999 0.1287306 0.0666027 0.0700561 0.3213901 0.0736284 0.0712371 0.0710293 0.2308129 0.1935437 0.1482573 0.2076581 0.1025348 0.1325272 0.0551301 0.0017952 0.0000000 0.1204035 0.0000010 0.0741210 0.1432874 0.0634657 0.0719038 0.0017977 0.0751880 0.1324247 0.0605434 0.1574175 0.3370103 0.0626601 0.1416151 0.0746055 0.1340856 0.1807683 0.2089504 0.0517539 0.1587476 0.0595711 0.0391598 0.0782845 0.1169139 0.1315345 0.1261821 0.1511005 0.1336531 0.1387597 0.1331092 0.0707636 0.0616004 0.0707636 0.1268349 0.0688371 0.1453899 
FM244865.1_Ihlea_racovitzai              0.1091617 0.1074351 0.1594735 0.1049578 0.1403105 0.3414868 0.1113541 0.1066271 0.1225837 0.3571004 0.1572695 0.1083006 0.1594735 0.1154389 0.5510230 0.0000010 0.1338895 0.1109753 0.1002909 0.3154262 0.1073223 0.1034520 0.1033779 0.2325327 0.2051577 0.1512885 0.2072207 0.1182580 0.1633774 0.1057629 0.1190173 0.1204035 0.0000000 0.1189581 0.1081427 0.1633027 0.1109703 0.1022163 0.1198621 0.1126185 0.1564237 0.1116029 0.1549636 0.3364912 0.1117521 0.1572615 0.1081139 0.1599900 0.1780822 0.2075393 0.0983260 0.1454292 0.1091555 0.1192403 0.1162737 0.0746216 0.1429010 0.1387110 0.1526875 0.1611594 0.1605845 0.1590514 0.1053198 0.1152319 0.1043054 0.1512590 0.1120288 0.1523130 
HQ015413.1_Thalia_democratica            0.0693730 0.0732543 0.1282137 0.0734392 0.1319367 0.3525608 0.0662864 0.0700910 0.0030641 0.3311720 0.1606642 0.0587558 0.1312254 0.0649525 0.4964408 0.1180081 0.1282389 0.0659528 0.0698486 0.3128755 0.0737712 0.0696521 0.0703114 0.2255946 0.1939064 0.1500764 0.2022544 0.1004054 0.1341148 0.0540905 0.0017537 0.0000010 0.1189581 0.0000000 0.0735361 0.1407697 0.0617532 0.0706194 0.0023407 0.0731779 0.1282137 0.0595461 0.1572006 0.3311312 0.0623934 0.1420334 0.0729384 0.1342273 0.1747871 0.2054115 0.0502719 0.1565350 0.0587558 0.0384372 0.0789912 0.1170321 0.1281207 0.1267085 0.1498663 0.1338819 0.1360400 0.1282137 0.0687969 0.0597853 0.0699052 0.1247907 0.0668509 0.1491591 
HQ015395.1_Cyclosalpa_sewelli            0.0097024 0.0000010 0.1146755 0.0000010 0.1032100 0.3086443 0.0405421 0.0096975 0.0785544 0.3561521 0.1323580 0.0396744 0.1143078 0.0433380 0.4947130 0.1083138 0.1020410 0.0405421 0.0000010 0.2957333 0.0392714 0.0372118 0.0371904 0.1947089 0.1722683 0.1252745 0.1795550 0.0760288 0.1162416 0.0399786 0.0738738 0.0741210 0.1081427 0.0735361 0.0000000 0.1231217 0.0318157 0.0379783 0.0738738 0.0427429 0.1143078 0.0416691 0.1307530 0.3051132 0.0318334 0.1278078 0.0000010 0.1171426 0.1456885 0.1809174 0.0368301 0.1218451 0.0396744 0.0846208 0.0048620 0.1081331 0.1046010 0.1072077 0.1200607 0.1176067 0.1291784 0.1143920 0.0401363 0.0416691 0.0401363 0.1057697 0.0097045 0.1256109 
AB013011.1_Pyrosoma_atlanticum           0.1110056 0.1222898 0.0059576 0.1262670 0.1569193 0.2860571 0.1295026 0.1113562 0.1465727 0.3260962 0.0794930 0.1217532 0.0059789 0.1077182 0.4731794 0.1635941 0.0372529 0.1290487 0.1193217 0.2786362 0.1185442 0.1272793 0.1278136 0.1587300 0.1530338 0.0823557 0.1628743 0.1097718 0.0054358 0.1049089 0.1415830 0.1432874 0.1633027 0.1407697 0.1231217 0.0000000 0.1168892 0.1366100 0.1426163 0.1280308 0.0058810 0.1139626 0.0732093 0.2650838 0.1163864 0.0671542 0.1226887 0.0071411 0.1135945 0.1631348 0.1003973 0.0785633 0.1239648 0.1570040 0.1314438 0.1601114 0.1509753 0.0058389 0.0844725 0.0049148 0.1494473 0.0047429 0.1378594 0.1091463 0.1305742 0.1504098 0.1167238 0.0755889 
HQ015411.1_Ritteriella_retracta          0.0321251 0.0316408 0.1085638 0.0315628 0.1089146 0.2929459 0.0270639 0.0334947 0.0678023 0.3246703 0.1326680 0.0182511 0.1106759 0.0360271 0.4776564 0.1115391 0.1007814 0.0269867 0.0300699 0.2917851 0.0239930 0.0268537 0.0270110 0.1884366 0.1788581 0.1323091 0.1819663 0.0823195 0.1134430 0.0301619 0.0619715 0.0634657 0.1109703 0.0617532 0.0318157 0.1168892 0.0000000 0.0270711 0.0627538 0.0318684 0.1066872 0.0343418 0.1308777 0.3000637 0.0005811 0.1227963 0.0317224 0.1115302 0.1400185 0.1831783 0.0281500 0.1220681 0.0178413 0.0739679 0.0344127 0.1076812 0.1070151 0.1027116 0.1240984 0.1143259 0.1380742 0.1083016 0.0267150 0.0358175 0.0264115 0.1079574 0.0274465 0.1269785 
HQ015407.1_Salpa_maxima                  0.0399114 0.0377650 0.1183859 0.0407582 0.1042904 0.3053392 0.0344727 0.0405107 0.0757580 0.3405096 0.1397224 0.0263731 0.1193505 0.0429531 0.5015354 0.1028948 0.1150829 0.0343717 0.0347357 0.3010921 0.0048101 0.0005853 0.0005884 0.2006978 0.1836103 0.1379841 0.1845623 0.0839308 0.1223253 0.0350012 0.0706736 0.0719038 0.1022163 0.0706194 0.0379783 0.1366100 0.0270711 0.0000000 0.0708124 0.0096713 0.1162758 0.0443981 0.1396780 0.3142692 0.0267292 0.1238209 0.0378648 0.1201559 0.1630583 0.1849156 0.0319881 0.1283262 0.0261832 0.0802362 0.0411808 0.1138413 0.1035529 0.1098970 0.1271052 0.1222774 0.1374673 0.1180918 0.0161574 0.0397830 0.0112920 0.1026898 0.0350065 0.1355581 
HQ015414.1_Thalia_democratica            0.0705525 0.0734287 0.1317938 0.0736110 0.1326359 0.3518387 0.0665096 0.0710680 0.0049050 0.3252988 0.1613574 0.0590268 0.1334297 0.0653761 0.5046264 0.1189110 0.1301142 0.0661773 0.0705721 0.3160356 0.0736284 0.0700507 0.0705078 0.2285887 0.1895835 0.1519392 0.1975977 0.1003770 0.1360055 0.0540102 0.0005788 0.0017977 0.1198621 0.0023407 0.0738738 0.1426163 0.0627538 0.0708124 0.0000000 0.0738812 0.1310405 0.0590550 0.1590290 0.3325302 0.0626387 0.1437087 0.0736397 0.1360939 0.1776828 0.2006635 0.0509539 0.1560260 0.0590268 0.0374390 0.0791263 0.1168647 0.1288441 0.1298779 0.1495639 0.1369606 0.1358523 0.1314653 0.0697843 0.0602257 0.0701036 0.1245599 0.0678331 0.1510148 
HQ015405.1_Salpa_aspera                  0.0416128 0.0425884 0.1175088 0.0421917 0.1110568 0.3233599 0.0358536 0.0430453 0.0786804 0.3509878 0.1433633 0.0305577 0.1188536 0.0459877 0.5162386 0.1119011 0.1172756 0.0356855 0.0393642 0.2922822 0.0097465 0.0090393 0.0091115 0.1988662 0.1925926 0.1361052 0.1955495 0.0895433 0.1214315 0.0387743 0.0738812 0.0751880 0.1126185 0.0731779 0.0427429 0.1280308 0.0318684 0.0096713 0.0738812 0.0000000 0.1175088 0.0425961 0.1389902 0.3311265 0.0311724 0.1174315 0.0424175 0.1216964 0.1510295 0.1986015 0.0354956 0.1314379 0.0305577 0.0875991 0.0447528 0.1184010 0.1110188 0.1086812 0.1319683 0.1210600 0.1349047 0.1175088 0.0115057 0.0427585 0.0115617 0.1086396 0.0367538 0.1362349 
HQ015382.1_Pyrosomella_verticillata      0.1020594 0.1135493 0.0000010 0.1120600 0.1457743 0.2703289 0.1210054 0.1031202 0.1355815 0.3114189 0.0728868 0.1129528 0.0000010 0.0985487 0.4510949 0.1558756 0.0311572 0.1205870 0.1103684 0.2401546 0.1084204 0.1168318 0.1176912 0.1440723 0.1444782 0.0725685 0.1524179 0.1010661 0.0017759 0.0974878 0.1285678 0.1324247 0.1564237 0.1282137 0.1143078 0.0058810 0.1066872 0.1162758 0.1310405 0.1175088 0.0000000 0.0970863 0.0672090 0.2557986 0.1087180 0.0633251 0.1139124 0.0011622 0.0929909 0.1548038 0.0906597 0.0727499 0.1141350 0.1496125 0.1186269 0.1532646 0.1393170 0.0019048 0.0777380 0.0012039 0.1351610 0.0011502 0.1134684 0.0998964 0.1154860 0.1393541 0.1056914 0.0706023 
HQ015400.1_Iasis_cylindrica              0.0398279 0.0414336 0.0987710 0.0413766 0.0995601 0.2797435 0.0399680 0.0404275 0.0659149 0.3295189 0.1273927 0.0321714 0.0994581 0.0059677 0.4815715 0.1124487 0.0959083 0.0398508 0.0400193 0.2995440 0.0394174 0.0381434 0.0383440 0.1827601 0.1717261 0.1278124 0.1784277 0.0775715 0.1019704 0.0012812 0.0590605 0.0605434 0.1116029 0.0595461 0.0416691 0.1139626 0.0343418 0.0443981 0.0590550 0.0425961 0.0970863 0.0000000 0.1225655 0.2967225 0.0340784 0.1132670 0.0415439 0.1003725 0.1452475 0.1784647 0.0000010 0.1182540 0.0320807 0.0738782 0.0448507 0.1019884 0.0979414 0.0962530 0.1176931 0.1025756 0.1389834 0.0985350 0.0454966 0.0005860 0.0402620 0.0956777 0.0363746 0.1173779 
AB104873.1_Perophora_sagamiensis         0.1273762 0.1304200 0.0679742 0.1294794 0.1546024 0.2537885 0.1418002 0.1250546 0.1585177 0.3029787 0.0424930 0.1345577 0.0677786 0.1285670 0.4567942 0.1553692 0.0541836 0.1418002 0.1245282 0.2142307 0.1208942 0.1397862 0.1393145 0.1260513 0.1484668 0.0471613 0.1581728 0.1032244 0.0674240 0.1229790 0.1579768 0.1574175 0.1549636 0.1572006 0.1307530 0.0732093 0.1308777 0.1396780 0.1590290 0.1389902 0.0672090 0.1225655 0.0000000 0.2202945 0.1301312 0.0350303 0.1303913 0.0693387 0.0563208 0.1581911 0.1138332 0.0374412 0.1352981 0.1747042 0.1360336 0.1583850 0.1524192 0.0528784 0.0552573 0.0644545 0.1371364 0.0661521 0.1379425 0.1248436 0.1379425 0.1529621 0.1269949 0.0441341 
M91181.1_Echinorhinus_cookei             0.3129224 0.3058967 0.2570086 0.3030800 0.3320362 0.2326119 0.3130208 0.3086806 0.3412125 0.4439679 0.2484416 0.2956514 0.2528805 0.3011926 0.3768849 0.3455436 0.2368034 0.3116784 0.3026239 0.3374775 0.2599895 0.3163174 0.3148083 0.2659151 0.3419916 0.2401236 0.3496942 0.2672526 0.2616131 0.2960858 0.3296259 0.3370103 0.3364912 0.3311312 0.3051132 0.2650838 0.3000637 0.3142692 0.3325302 0.3311265 0.2557986 0.2967225 0.2202945 0.0000000 0.3024805 0.2167276 0.3077379 0.2568183 0.2523208 0.3485025 0.2825617 0.2478008 0.3031177 0.3282333 0.3166222 0.3111309 0.3296064 0.2409597 0.2515438 0.2584329 0.3114124 0.2562481 0.3138686 0.3019602 0.3165868 0.3361722 0.3000623 0.2403256 
HQ015410.1_Ritteriella_retracta          0.0329323 0.0316584 0.1098468 0.0312337 0.1084806 0.2998263 0.0265041 0.0340750 0.0669732 0.3262493 0.1363477 0.0171626 0.1096914 0.0353206 0.4910158 0.1121627 0.1005631 0.0263856 0.0300871 0.2999317 0.0230906 0.0261761 0.0263293 0.1910064 0.1776321 0.1280746 0.1824444 0.0814590 0.1125228 0.0294141 0.0624287 0.0626601 0.1117521 0.0623934 0.0318334 0.1163864 0.0005811 0.0267292 0.0626387 0.0311724 0.1087180 0.0340784 0.1301312 0.3024805 0.0000000 0.1210130 0.0317400 0.1115684 0.1427919 0.1852711 0.0282366 0.1228663 0.0172015 0.0758029 0.0348718 0.1065779 0.1088484 0.1016664 0.1239033 0.1132982 0.1393058 0.1095787 0.0266090 0.0351155 0.0260627 0.1069985 0.0277044 0.1272434 
AJ250778.1_Ciona_intestinalis            0.1281367 0.1278078 0.0633251 0.1278078 0.1664310 0.2287143 0.1331547 0.1246315 0.1442791 0.2661094 0.0325576 0.1257697 0.0633251 0.1149249 0.4687344 0.1577355 0.0655714 0.1331547 0.1278078 0.1794447 0.1193306 0.1238209 0.1238209 0.0963124 0.1480006 0.0501042 0.1480006 0.0998048 0.0605094 0.1170737 0.1437087 0.1416151 0.1572615 0.1420334 0.1278078 0.0671542 0.1227963 0.1238209 0.1437087 0.1174315 0.0633251 0.1132670 0.0350303 0.2167276 0.1210130 0.0000000 0.1278078 0.0634636 0.0516245 0.1480006 0.1132670 0.0326168 0.1257697 0.1705827 0.1346436 0.1685615 0.1647030 0.0605094 0.0377514 0.0605094 0.1341709 0.0605094 0.1229876 0.1132670 0.1229876 0.1613158 0.1212945 0.0472503 
HQ015398.1_Cyclosalpa_sewelli            0.0096703 0.0000010 0.1139124 0.0000010 0.1028595 0.3054504 0.0407504 0.0096703 0.0789061 0.3503844 0.1307410 0.0395569 0.1146454 0.0423676 0.4985835 0.1079434 0.1027621 0.0405585 0.0000010 0.2983575 0.0392714 0.0370795 0.0372545 0.1942452 0.1722683 0.1248903 0.1788808 0.0757836 0.1170924 0.0397093 0.0736397 0.0746055 0.1081139 0.0729384 0.0000010 0.1226887 0.0317224 0.0378648 0.0736397 0.0424175 0.1139124 0.0415439 0.1303913 0.3077379 0.0317400 0.1278078 0.0000000 0.1174045 0.1437657 0.1813689 0.0364983 0.1201439 0.0395569 0.0843440 0.0048882 0.1089049 0.1042442 0.1072077 0.1196558 0.1176067 0.1287249 0.1139124 0.0400160 0.0415681 0.0400692 0.1054083 0.0096773 0.1265447 
FM244863.1_Pyrosomella_verticillata      0.1061132 0.1163591 0.0011765 0.1146598 0.1495345 0.2807151 0.1240060 0.1061717 0.1372881 0.3204564 0.0762762 0.1162555 0.0011743 0.1017641 0.4585006 0.1615028 0.0327513 0.1237739 0.1131365 0.2485126 0.1103695 0.1209837 0.1205885 0.1478949 0.1462660 0.0735696 0.1566463 0.1047248 0.0023779 0.1005670 0.1342545 0.1340856 0.1599900 0.1342273 0.1171426 0.0071411 0.1115302 0.1201559 0.1360939 0.1216964 0.0011622 0.1003725 0.0693387 0.2568183 0.1115684 0.0634636 0.1174045 0.0000000 0.0971227 0.1578918 0.0944843 0.0741992 0.1176939 0.1547468 0.1212043 0.1567446 0.1445934 0.0031997 0.0793315 0.0018137 0.1393246 0.0023555 0.1185889 0.1030010 0.1185889 0.1434903 0.1107024 0.0725781 
L12378.2_Ascidia_ceratodes               0.1394006 0.1446732 0.0945422 0.1527920 0.1669693 0.2481970 0.1459151 0.1368462 0.1846502 0.3168991 0.0713609 0.1394890 0.0962117 0.1386701 0.4614930 0.1778035 0.0722828 0.1453920 0.1450763 0.2128683 0.1177290 0.1518087 0.1529913 0.1399566 0.1678417 0.0761938 0.1749661 0.1216382 0.0967048 0.1423617 0.1734791 0.1807683 0.1780822 0.1747871 0.1456885 0.1135945 0.1400185 0.1630583 0.1776828 0.1510295 0.0929909 0.1452475 0.0563208 0.2523208 0.1427919 0.0516245 0.1437657 0.0971227 0.0000000 0.1747304 0.1292354 0.0642424 0.1418710 0.1935751 0.1535766 0.1750273 0.1634540 0.0875168 0.0748580 0.0949042 0.1673306 0.0925086 0.1676440 0.1350221 0.1562583 0.1692176 0.1368944 0.0671398 
FM244861.1_Doliolum_denticulatum         0.1849168 0.1809377 0.1565364 0.1765481 0.2080143 0.3173848 0.1903461 0.1789301 0.2128084 0.3982054 0.1559676 0.1868072 0.1561286 0.1841758 0.4964215 0.2110861 0.1460541 0.1899664 0.1711931 0.3008629 0.1887292 0.1870744 0.1877730 0.2385031 0.0000010 0.1644157 0.0005738 0.1801265 0.1610183 0.1695653 0.1983956 0.2089504 0.2075393 0.2054115 0.1809174 0.1631348 0.1831783 0.1849156 0.2006635 0.1986015 0.1548038 0.1784647 0.1581911 0.3485025 0.1852711 0.1480006 0.1813689 0.1578918 0.1747304 0.0000000 0.1567428 0.1472510 0.1893688 0.2163680 0.1862418 0.2357022 0.2040746 0.1409851 0.1497873 0.1594056 0.2109224 0.1561286 0.1853958 0.1831687 0.1840630 0.2047883 0.1811116 0.1548065 
HQ015402.1_Iasis_cylindrica              0.0342429 0.0366957 0.0906597 0.0371195 0.0882334 0.2520380 0.0335562 0.0356623 0.0565948 0.2940490 0.1170670 0.0268274 0.0919702 0.0048985 0.4627786 0.0975525 0.0914776 0.0333970 0.0371765 0.2639396 0.0305177 0.0312188 0.0314925 0.1721293 0.1603565 0.1138821 0.1542400 0.0641139 0.0939093 0.0012812 0.0502024 0.0517539 0.0983260 0.0502719 0.0368301 0.1003973 0.0281500 0.0319881 0.0509539 0.0354956 0.0906597 0.0000010 0.1138332 0.2825617 0.0282366 0.1132670 0.0364983 0.0944843 0.1292354 0.1567428 0.0000000 0.1079507 0.0268274 0.0599915 0.0387346 0.0885765 0.0873142 0.0962530 0.1132713 0.0942148 0.1232597 0.0906597 0.0303077 0.0000010 0.0305538 0.0840804 0.0316424 0.1080226 
AF165821.2_Chelyosoma_siboja             0.1163448 0.1210203 0.0739070 0.1185956 0.1475418 0.2334491 0.1341404 0.1133806 0.1570800 0.2913214 0.0154695 0.1285501 0.0731877 0.1253585 0.4568775 0.1462254 0.0557191 0.1336697 0.1172602 0.2060196 0.1218892 0.1299417 0.1309155 0.1188583 0.1425742 0.0468942 0.1477726 0.1022233 0.0733694 0.1187336 0.1535420 0.1587476 0.1454292 0.1565350 0.1218451 0.0785633 0.1220681 0.1283262 0.1560260 0.1314379 0.0727499 0.1182540 0.0374412 0.2478008 0.1228663 0.0326168 0.1201439 0.0741992 0.0642424 0.1472510 0.1079507 0.0000000 0.1295313 0.1620506 0.1262375 0.1641554 0.1376686 0.0587785 0.0573857 0.0723378 0.1314348 0.0720708 0.1309680 0.1223867 0.1312332 0.1397693 0.1195903 0.0400564 
KR057222.1_Brooksia_lacromae             0.0401519 0.0394535 0.1149788 0.0391685 0.1114613 0.3107263 0.0152600 0.0413840 0.0638003 0.3346807 0.1433291 0.0000010 0.1154327 0.0359362 0.4967915 0.1089048 0.1066641 0.0151937 0.0381324 0.2888007 0.0231813 0.0255656 0.0256310 0.1975264 0.1811456 0.1353214 0.1866537 0.0804936 0.1173871 0.0285568 0.0589365 0.0595711 0.1091555 0.0587558 0.0396744 0.1239648 0.0178413 0.0261832 0.0590268 0.0305577 0.1141350 0.0320807 0.1352981 0.3031177 0.0172015 0.1257697 0.0395569 0.1176939 0.1418710 0.1893688 0.0268274 0.1295313 0.0000000 0.0761679 0.0407895 0.0999309 0.1118409 0.1087818 0.1277207 0.1192938 0.1379058 0.1146962 0.0246784 0.0329288 0.0247229 0.1080238 0.0339397 0.1323875 
HQ015412.1_Thalia_orientalis             0.0824674 0.0840923 0.1524767 0.0829563 0.1284590 0.3322958 0.0853068 0.0810173 0.0422117 0.3498989 0.1720341 0.0751875 0.1541885 0.0817049 0.4877714 0.1193266 0.1469435 0.0850328 0.0790418 0.3266200 0.0928648 0.0806418 0.0811836 0.2294998 0.2064218 0.1536589 0.2131072 0.1017353 0.1579665 0.0646473 0.0369813 0.0391598 0.1192403 0.0384372 0.0846208 0.1570040 0.0739679 0.0802362 0.0374390 0.0875991 0.1496125 0.0738782 0.1747042 0.3282333 0.0758029 0.1705827 0.0843440 0.1547468 0.1935751 0.2163680 0.0599915 0.1620506 0.0761679 0.0000000 0.0859436 0.1156547 0.1273211 0.1430604 0.1652745 0.1587156 0.1370423 0.1520800 0.0817929 0.0763287 0.0824549 0.1250090 0.0827264 0.1526101 
FM244864.1_Cyclosalpa_quadriluminis      0.0150189 0.0048527 0.1208143 0.0072015 0.1063003 0.3136179 0.0435246 0.0147412 0.0831496 0.3570632 0.1389656 0.0422531 0.1204186 0.0452210 0.5038038 0.1180234 0.1060867 0.0436006 0.0049764 0.3011925 0.0412011 0.0391013 0.0389968 0.2029416 0.1785011 0.1324869 0.1911271 0.0786724 0.1211015 0.0420019 0.0788772 0.0782845 0.1162737 0.0789912 0.0048620 0.1314438 0.0344127 0.0411808 0.0791263 0.0447528 0.1186269 0.0448507 0.1360336 0.3166222 0.0348718 0.1346436 0.0048882 0.1212043 0.1535766 0.1862418 0.0387346 0.1262375 0.0407895 0.0859436 0.0000000 0.1130265 0.1069856 0.1112673 0.1249588 0.1221680 0.1312553 0.1205095 0.0432901 0.0443719 0.0418613 0.1097376 0.0136604 0.1262052 
