58
HQ015392.1_Cyclosalpa_affinis            0.0000000 0.0083832 0.0793511 0.0083832 0.0782686 0.2801039 0.0228904 0.0023372 0.0409103 0.2292898 0.1000897 0.0228314 0.0793511 0.0231970 0.4728919 0.0716382 0.0808634 0.0228904 0.2205048 0.0199898 0.0240336 0.0240336 0.1266136 0.1617945 0.0974618 0.1617945 0.0696210 0.0793511 0.0229550 0.0409103 0.0409103 0.0714272 0.0410207 0.0815751 0.0187465 0.0409103 0.0240916 0.0216263 0.0952430 0.2205786 0.0187465 0.0939427 0.1011879 0.0216263 0.0955365 0.0228314 0.0529965 0.0161218 0.0712581 0.0783741 0.0793511 0.0874310 0.1051389 0.0200377 0.0200377 0.0782337 0.0047564 0.0948106 
HQ015396.1_Cyclosalpa_polae              0.0083832 0.0000000 0.0867270 0.0000010 0.0775655 0.2718462 0.0241539 0.0083832 0.0443178 0.2320178 0.0981430 0.0240916 0.0867270 0.0300703 0.4678164 0.0680622 0.0864339 0.0241539 0.2189590 0.0212324 0.0198292 0.0198292 0.1242464 0.1532994 0.0972279 0.1532994 0.0671182 0.0867270 0.0270343 0.0443178 0.0443178 0.0678629 0.0444391 0.0890262 0.0199898 0.0443178 0.0253512 0.0256838 0.0992112 0.2174588 0.0199898 0.0959852 0.1052386 0.0256838 0.0957101 0.0240916 0.0546783 0.0072184 0.0692187 0.0776693 0.0867270 0.0830828 0.0999637 0.0212832 0.0212832 0.0775317 0.0083636 0.1006829 
HQ015381.1_Pyrosoma_atlanticum           0.0793511 0.0867270 0.0000000 0.0867270 0.1088531 0.2645289 0.0830289 0.0829357 0.0935091 0.2299842 0.0487796 0.0824015 0.0000010 0.0719007 0.4259033 0.1016320 0.0163701 0.0830289 0.1907993 0.0782131 0.0839839 0.0839839 0.0836557 0.1345557 0.0521153 0.1345557 0.0663491 0.0023414 0.0779155 0.0955948 0.0935091 0.1013158 0.0938006 0.0035388 0.0784177 0.0955948 0.0807736 0.0761681 0.0525196 0.1799650 0.0784177 0.0496153 0.0619778 0.0761681 0.0505640 0.0824015 0.1073200 0.0929646 0.0974526 0.1070425 0.0023414 0.0592595 0.0885620 0.0783928 0.0783928 0.1085557 0.0751406 0.0460267 
HQ015394.1_Cyclosalpa_polae              0.0083832 0.0000010 0.0867270 0.0000000 0.0775655 0.2718462 0.0241539 0.0083832 0.0443178 0.2320178 0.0981430 0.0240916 0.0867270 0.0300703 0.4678164 0.0680622 0.0864339 0.0241539 0.2189590 0.0212324 0.0198292 0.0198292 0.1242464 0.1532994 0.0972279 0.1532994 0.0671182 0.0867270 0.0270343 0.0443178 0.0443178 0.0678629 0.0444391 0.0890262 0.0199898 0.0443178 0.0253512 0.0256838 0.0992112 0.2174588 0.0199898 0.0959852 0.1052386 0.0256838 0.0957101 0.0240916 0.0546783 0.0072184 0.0692187 0.0776693 0.0867270 0.0830828 0.0999637 0.0212832 0.0212832 0.0775317 0.0083636 0.1006829 
HQ015387.1_Pegea_confoederata            0.0782686 0.0775655 0.1088531 0.0775655 0.0000000 0.3246825 0.0806523 0.0800346 0.0838101 0.2519678 0.1197836 0.0804085 0.1088531 0.0771779 0.5477119 0.0961256 0.1003380 0.0806523 0.2424716 0.0808339 0.0786347 0.0786347 0.1517582 0.1807541 0.1161127 0.1807541 0.0601379 0.1088531 0.0806775 0.0838101 0.0838101 0.0958309 0.0840649 0.1113800 0.0808591 0.0838101 0.0832227 0.0789226 0.1209726 0.2542308 0.0808591 0.1289419 0.1344709 0.0789226 0.1171480 0.0804085 0.0844227 0.0874827 0.0936866 0.0011610 0.1088531 0.1210788 0.1059384 0.0790770 0.0790770 0.0072456 0.0775900 0.1152673 
M97571.1_Branchiostoma_floridae          0.2801039 0.2718462 0.2645289 0.2718462 0.3246825 0.0000000 0.2898544 0.2801039 0.2967382 0.3655396 0.2337462 0.2855623 0.2645289 0.2597880 0.4443861 0.3082560 0.2493578 0.2898544 0.2826612 0.2781339 0.2841242 0.2841242 0.2469133 0.2845085 0.2149041 0.2845085 0.2469846 0.2645289 0.2565834 0.2967382 0.2967382 0.3108245 0.2978780 0.2685279 0.2733825 0.2967382 0.2960262 0.2534078 0.2365741 0.2272043 0.2733825 0.2254443 0.2213381 0.2534078 0.2299891 0.2855623 0.2814877 0.2794684 0.3257124 0.3215458 0.2645289 0.2478415 0.2974512 0.2746260 0.2746260 0.3153822 0.2686456 0.2255316 
HQ015404.1_Brooksia_rostrata             0.0228904 0.0241539 0.0830289 0.0241539 0.0806523 0.2898544 0.0000000 0.0255595 0.0392293 0.2314861 0.1061934 0.0108061 0.0830289 0.0286862 0.4411360 0.0742161 0.0845488 0.0000010 0.2284357 0.0159988 0.0186424 0.0186424 0.1230956 0.1563376 0.0990357 0.1563376 0.0780340 0.0830289 0.0256791 0.0392293 0.0392293 0.0739951 0.0393344 0.0852875 0.0147026 0.0392293 0.0200299 0.0243355 0.1012317 0.2254237 0.0147026 0.0998704 0.1072918 0.0243355 0.1015417 0.0108061 0.0528245 0.0312829 0.0666037 0.0807606 0.0830289 0.0911632 0.1109026 0.0134386 0.0134386 0.0806144 0.0199898 0.1005816 
HQ015391.1_Cyclosalpa_affinis            0.0023372 0.0083832 0.0829357 0.0083832 0.0800346 0.2801039 0.0255595 0.0000000 0.0409103 0.2292898 0.0981728 0.0254931 0.0829357 0.0259021 0.4776738 0.0716382 0.0790819 0.0255595 0.2176544 0.0226003 0.0266944 0.0266944 0.1245040 0.1570457 0.0955656 0.1570457 0.0679025 0.0829357 0.0256313 0.0409103 0.0409103 0.0714272 0.0410207 0.0851956 0.0213518 0.0409103 0.0267587 0.0242900 0.0933644 0.2177146 0.0213518 0.0902379 0.0992711 0.0242900 0.0936525 0.0254931 0.0529965 0.0161218 0.0729581 0.0801428 0.0829357 0.0838284 0.1031930 0.0226546 0.0226546 0.0799972 0.0071706 0.0929361 
D14366.1_Thalia_democratica              0.0409103 0.0443178 0.0935091 0.0443178 0.0838101 0.2967382 0.0392293 0.0409103 0.0000000 0.2189052 0.1116792 0.0317453 0.0935091 0.0365728 0.4554736 0.0630938 0.0866792 0.0392293 0.2261755 0.0392293 0.0379818 0.0379818 0.1279730 0.1668996 0.1067280 0.1668996 0.0719590 0.0935091 0.0333344 0.0011693 0.0000010 0.0629091 0.0000010 0.0958899 0.0405972 0.0011693 0.0425716 0.0319222 0.1105395 0.2264597 0.0405972 0.1119829 0.1209348 0.0319222 0.1120203 0.0317453 0.0189826 0.0508854 0.0624602 0.0839242 0.0935091 0.1027588 0.1019104 0.0362551 0.0362551 0.0810916 0.0423782 0.1059151 
AB013014.1_Oikopleura_dioica             0.2292898 0.2320178 0.2299842 0.2320178 0.2519678 0.3655396 0.2314861 0.2292898 0.2189052 0.0000000 0.2264443 0.2157770 0.2299842 0.2164403 0.6932986 0.2606696 0.2159678 0.2314861 0.3040874 0.2211352 0.2247683 0.2247683 0.2145994 0.3231096 0.2138890 0.3231096 0.2234541 0.2299842 0.2222555 0.2158459 0.2189052 0.2596877 0.2197039 0.2337061 0.2166301 0.2158459 0.2310597 0.2193337 0.2353866 0.3180964 0.2166301 0.2200140 0.2385034 0.2193337 0.2177140 0.2157770 0.2458390 0.2359966 0.2738292 0.2523948 0.2299842 0.2331415 0.2521028 0.2151880 0.2151880 0.2470707 0.2188350 0.2233839 
AB075543.1_Megalodicopia_hians           0.1000897 0.0981430 0.0487796 0.0981430 0.1197836 0.2337462 0.1061934 0.0981728 0.1116792 0.2264443 0.0000000 0.1054489 0.0487796 0.1023241 0.4279462 0.1066219 0.0388504 0.1061934 0.1555822 0.1008183 0.1011271 0.1011271 0.0732692 0.1291879 0.0301326 0.1291879 0.0629521 0.0456540 0.1023241 0.1139081 0.1116792 0.1062894 0.1120369 0.0474036 0.1029803 0.1139081 0.0973076 0.1004102 0.0214413 0.1783272 0.1029803 0.0231788 0.0271054 0.1004102 0.0047502 0.1054489 0.1197081 0.1047015 0.1153253 0.1179199 0.0456540 0.0342170 0.0862321 0.1010249 0.1010249 0.1216240 0.0975412 0.0243844 
KR057223.1_Brooksia_lacromae             0.0228314 0.0240916 0.0824015 0.0240916 0.0804085 0.2855623 0.0108061 0.0254931 0.0317453 0.2157770 0.1054489 0.0000000 0.0824015 0.0230109 0.4464155 0.0686836 0.0839145 0.0108061 0.2129817 0.0096771 0.0122154 0.0122154 0.1222878 0.1575924 0.0983236 0.1575924 0.0686325 0.0824015 0.0201432 0.0317453 0.0317453 0.0684811 0.0318288 0.0846459 0.0108927 0.0317453 0.0160751 0.0188368 0.1005109 0.2187219 0.0108927 0.0991597 0.1026668 0.0188368 0.1008183 0.0000010 0.0446646 0.0270343 0.0626874 0.0805161 0.0824015 0.0884891 0.1083777 0.0096543 0.0096543 0.0803709 0.0199394 0.0998640 
HQ015380.1_Pyrosomella_verticillata      0.0793511 0.0867270 0.0000010 0.0867270 0.1088531 0.2645289 0.0830289 0.0829357 0.0935091 0.2299842 0.0487796 0.0824015 0.0000000 0.0719007 0.4259033 0.1016320 0.0163701 0.0830289 0.1907993 0.0782131 0.0839839 0.0839839 0.0836557 0.1345557 0.0521153 0.1345557 0.0663491 0.0023414 0.0779155 0.0955948 0.0935091 0.1013158 0.0938006 0.0035388 0.0784177 0.0955948 0.0807736 0.0761681 0.0525196 0.1799650 0.0784177 0.0496153 0.0619778 0.0761681 0.0505640 0.0824015 0.1073200 0.0929646 0.0974526 0.1070425 0.0023414 0.0592595 0.0885620 0.0783928 0.0783928 0.1085557 0.0751406 0.0460267 
HQ015399.1_Iasis_cylindrica              0.0231970 0.0300703 0.0719007 0.0300703 0.0771779 0.2597880 0.0286862 0.0259021 0.0365728 0.2164403 0.1023241 0.0230109 0.0719007 0.0000000 0.4677640 0.0739376 0.0776542 0.0286862 0.2152892 0.0256791 0.0298993 0.0298993 0.1219211 0.1524692 0.0976003 0.1524692 0.0671198 0.0719007 0.0047474 0.0365728 0.0365728 0.0737183 0.0366711 0.0740082 0.0216230 0.0365728 0.0342132 0.0035516 0.0983051 0.1990884 0.0216230 0.0961649 0.0962449 0.0035516 0.0977736 0.0230109 0.0469562 0.0360206 0.0595800 0.0772809 0.0719007 0.0884124 0.1174062 0.0256168 0.0256168 0.0747625 0.0230109 0.0949733 
M97574.1_Myxine_glutinosa                0.4728919 0.4678164 0.4259033 0.4678164 0.5477119 0.4443861 0.4411360 0.4776738 0.4554736 0.6932986 0.4279462 0.4464155 0.4259033 0.4677640 0.0000000 0.5119725 0.4250660 0.4411360 0.5803468 0.4423561 0.4520893 0.4520893 0.4399926 0.4309786 0.4182303 0.4309786 0.4288128 0.4259033 0.4615169 0.4554736 0.4554736 0.5149648 0.4573715 0.4310712 0.4413005 0.4554736 0.4617218 0.4568334 0.4192054 0.3374782 0.4413005 0.4067469 0.4224294 0.4568334 0.4317492 0.4464155 0.4410431 0.4783522 0.4885554 0.5487783 0.4259033 0.4468992 0.4913092 0.4470934 0.4470934 0.5580436 0.4572109 0.4127004 
HQ015378.1_Ihlea_racovitzai              0.0716382 0.0680622 0.1016320 0.0680622 0.0961256 0.3082560 0.0742161 0.0716382 0.0630938 0.2606696 0.1066219 0.0686836 0.1016320 0.0739376 0.5119725 0.0000000 0.0854074 0.0742161 0.2166224 0.0676967 0.0590866 0.0590866 0.1539329 0.1742789 0.1016301 0.1742789 0.0792857 0.1016320 0.0739376 0.0649121 0.0630938 0.0000010 0.0632785 0.1040817 0.0717103 0.0649121 0.0717830 0.0722166 0.1116657 0.2518335 0.0717103 0.1203451 0.1241175 0.0722166 0.1091121 0.0686836 0.0672895 0.0800060 0.0482566 0.0981362 0.1016320 0.1171540 0.1065250 0.0642084 0.0642084 0.1036416 0.0714707 0.1070190 
HQ015379.1_Pyrostremma_spinosum          0.0808634 0.0864339 0.0163701 0.0864339 0.1003380 0.2493578 0.0845488 0.0790819 0.0866792 0.2159678 0.0388504 0.0839145 0.0163701 0.0776542 0.4250660 0.0854074 0.0000000 0.0845488 0.1681931 0.0797096 0.0854999 0.0854999 0.0851614 0.1275143 0.0433215 0.1275143 0.0493020 0.0163701 0.0794058 0.0887015 0.0866792 0.0851520 0.0869453 0.0177635 0.0799161 0.0887015 0.0840759 0.0776542 0.0407248 0.1704958 0.0799161 0.0487796 0.0496153 0.0776542 0.0389573 0.0839145 0.1000292 0.0926509 0.0851799 0.0985876 0.0163701 0.0640350 0.0727929 0.0798910 0.0798910 0.1058240 0.0766348 0.0375327 
HQ015403.1_Brooksia_rostrata             0.0228904 0.0241539 0.0830289 0.0241539 0.0806523 0.2898544 0.0000010 0.0255595 0.0392293 0.2314861 0.1061934 0.0108061 0.0830289 0.0286862 0.4411360 0.0742161 0.0845488 0.0000000 0.2284357 0.0159988 0.0186424 0.0186424 0.1230956 0.1563376 0.0990357 0.1563376 0.0780340 0.0830289 0.0256791 0.0392293 0.0392293 0.0739951 0.0393344 0.0852875 0.0147026 0.0392293 0.0200299 0.0243355 0.1012317 0.2254237 0.0147026 0.0998704 0.1072918 0.0243355 0.1015417 0.0108061 0.0528245 0.0312829 0.0666037 0.0807606 0.0830289 0.0911632 0.1109026 0.0134386 0.0134386 0.0806144 0.0199898 0.1005816 
L12426.2_Molgula_manhattensis            0.2205048 0.2189590 0.1907993 0.2189590 0.2424716 0.2826612 0.2284357 0.2176544 0.2261755 0.3040874 0.1555822 0.2129817 0.1907993 0.2152892 0.5803468 0.2166224 0.1681931 0.2284357 0.0000000 0.2125900 0.2174792 0.2174792 0.1393139 0.2289446 0.1554583 0.2289446 0.1650325 0.1907993 0.2152892 0.2292878 0.2261755 0.2158406 0.2269988 0.1941456 0.2211966 0.2292878 0.2159254 0.2124673 0.1584348 0.2593526 0.2211966 0.1546564 0.1722541 0.2124673 0.1585967 0.2129817 0.2228044 0.2199171 0.2285495 0.2398186 0.1907993 0.1656331 0.1976453 0.2068361 0.2068361 0.2314447 0.2205048 0.1609876 
MZ333593.1_Salpa_younti                  0.0199898 0.0212324 0.0782131 0.0212324 0.0808339 0.2781339 0.0159988 0.0226003 0.0392293 0.2211352 0.1008183 0.0096771 0.0782131 0.0256791 0.4423561 0.0676967 0.0797096 0.0159988 0.2125900 0.0000000 0.0059140 0.0059140 0.1185179 0.1571001 0.0938310 0.1571001 0.0708893 0.0782131 0.0227602 0.0392293 0.0392293 0.0674993 0.0393344 0.0804066 0.0096086 0.0392293 0.0095777 0.0214433 0.0922541 0.2124370 0.0096086 0.0909946 0.0943421 0.0214433 0.0962791 0.0096771 0.0512701 0.0267587 0.0642511 0.0809425 0.0782131 0.0862075 0.1087076 0.0023414 0.0023414 0.0807956 0.0146606 0.0953532 
HQ015408.1_Salpa_maxima                  0.0240336 0.0198292 0.0839839 0.0198292 0.0786347 0.2841242 0.0186424 0.0266944 0.0379818 0.2247683 0.1011271 0.0122154 0.0839839 0.0298993 0.4520893 0.0590866 0.0854999 0.0186424 0.2174792 0.0059140 0.0000000 0.0000010 0.1230251 0.1563897 0.0980898 0.1563897 0.0722002 0.0839839 0.0268829 0.0379818 0.0379818 0.0589168 0.0380839 0.0862426 0.0133741 0.0379818 0.0108531 0.0255404 0.0983719 0.2217268 0.0133741 0.0951730 0.1005109 0.0255404 0.0986732 0.0122154 0.0494411 0.0252859 0.0628158 0.0787396 0.0839839 0.0839562 0.1081336 0.0083403 0.0083403 0.0785996 0.0211285 0.1015394 
HQ015409.1_Salpa_fusiformis              0.0240336 0.0198292 0.0839839 0.0198292 0.0786347 0.2841242 0.0186424 0.0266944 0.0379818 0.2247683 0.1011271 0.0122154 0.0839839 0.0298993 0.4520893 0.0590866 0.0854999 0.0186424 0.2174792 0.0059140 0.0000010 0.0000000 0.1230251 0.1563897 0.0980898 0.1563897 0.0722002 0.0839839 0.0268829 0.0379818 0.0379818 0.0589168 0.0380839 0.0862426 0.0133741 0.0379818 0.0108531 0.0255404 0.0983719 0.2217268 0.0133741 0.0951730 0.1005109 0.0255404 0.0986732 0.0122154 0.0494411 0.0252859 0.0628158 0.0787396 0.0839839 0.0839562 0.1081336 0.0083403 0.0083403 0.0785996 0.0211285 0.1015394 
AY903925.1_Halocynthia_igaboja           0.1266136 0.1242464 0.0836557 0.1242464 0.1517582 0.2469133 0.1230956 0.1245040 0.1279730 0.2145994 0.0732692 0.1222878 0.0836557 0.1219211 0.4399926 0.1539329 0.0851614 0.1230956 0.1393139 0.1185179 0.1230251 0.1230251 0.0000000 0.1628651 0.0690113 0.1628651 0.0963035 0.0874395 0.1219211 0.1303251 0.1279730 0.1534136 0.1283915 0.0897201 0.1208343 0.1303251 0.1170429 0.1198551 0.0715660 0.1816752 0.1208343 0.0743294 0.0773944 0.1198551 0.0772880 0.1222878 0.1322883 0.1314915 0.1406136 0.1519908 0.0874395 0.0767221 0.1315919 0.1187365 0.1187365 0.1479188 0.1191310 0.0718314 
HQ015376.1_Doliolum_denticulatum         0.1617945 0.1532994 0.1345557 0.1532994 0.1807541 0.2845085 0.1563376 0.1570457 0.1668996 0.3231096 0.1291879 0.1575924 0.1345557 0.1524692 0.4309786 0.1742789 0.1275143 0.1563376 0.2289446 0.1571001 0.1563897 0.1563897 0.1628651 0.0000000 0.1433156 0.0000010 0.1301965 0.1345557 0.1513364 0.1642517 0.1668996 0.1736741 0.1674755 0.1373510 0.1597378 0.1642517 0.1651778 0.1490408 0.1353934 0.2763237 0.1597378 0.1250500 0.1285664 0.1490408 0.1295700 0.1575924 0.1749676 0.1615115 0.1759474 0.1784666 0.1345557 0.1221421 0.1656977 0.1573193 0.1573193 0.1831287 0.1533447 0.1337985 
FM244840.1_Clavelina_meridionalis        0.0974618 0.0972279 0.0521153 0.0972279 0.1161127 0.2149041 0.0990357 0.0955656 0.1067280 0.2138890 0.0301326 0.0983236 0.0521153 0.0976003 0.4182303 0.1016301 0.0433215 0.0990357 0.1554583 0.0938310 0.0980898 0.0980898 0.0690113 0.1433156 0.0000000 0.1433156 0.0635566 0.0489356 0.0994913 0.1089183 0.1067280 0.1013162 0.1070674 0.0507266 0.0903466 0.1089183 0.0943193 0.0976003 0.0258822 0.1592254 0.0903466 0.0378743 0.0401351 0.0976003 0.0302135 0.0983236 0.1128143 0.1037505 0.1123331 0.1183085 0.0489356 0.0500391 0.0831428 0.0940307 0.0940307 0.1199639 0.0887798 0.0122404 
AB013012.1_Doliolum_nationalis           0.1617945 0.1532994 0.1345557 0.1532994 0.1807541 0.2845085 0.1563376 0.1570457 0.1668996 0.3231096 0.1291879 0.1575924 0.1345557 0.1524692 0.4309786 0.1742789 0.1275143 0.1563376 0.2289446 0.1571001 0.1563897 0.1563897 0.1628651 0.0000010 0.1433156 0.0000000 0.1301965 0.1345557 0.1513364 0.1642517 0.1668996 0.1736741 0.1674755 0.1373510 0.1597378 0.1642517 0.1651778 0.1490408 0.1353934 0.2763237 0.1597378 0.1250500 0.1285664 0.1490408 0.1295700 0.1575924 0.1749676 0.1615115 0.1759474 0.1784666 0.1345557 0.1221421 0.1656977 0.1573193 0.1573193 0.1831287 0.1533447 0.1337985 
HQ015390.1_Thetys_vagina                 0.0696210 0.0671182 0.0663491 0.0671182 0.0601379 0.2469846 0.0780340 0.0679025 0.0719590 0.2234541 0.0629521 0.0686325 0.0663491 0.0671198 0.4288128 0.0792857 0.0493020 0.0780340 0.1650325 0.0708893 0.0722002 0.0722002 0.0963035 0.1301965 0.0635566 0.1301965 0.0000000 0.0663491 0.0684242 0.0719590 0.0719590 0.0790474 0.0721769 0.0684018 0.0702910 0.0719590 0.0798035 0.0667332 0.0620485 0.1804495 0.0702910 0.0747279 0.0781907 0.0667332 0.0625973 0.0686325 0.0696791 0.0706979 0.0708198 0.0585969 0.0663491 0.0732287 0.0377173 0.0726157 0.0726157 0.0644907 0.0654481 0.0615473 
HQ015384.1_Pyrosoma_godeauxi             0.0793511 0.0867270 0.0023414 0.0867270 0.1088531 0.2645289 0.0830289 0.0829357 0.0935091 0.2299842 0.0456540 0.0824015 0.0023414 0.0719007 0.4259033 0.1016320 0.0163701 0.0830289 0.1907993 0.0782131 0.0839839 0.0839839 0.0874395 0.1345557 0.0489356 0.1345557 0.0663491 0.0000000 0.0779155 0.0955948 0.0935091 0.1013158 0.0938006 0.0011704 0.0784177 0.0955948 0.0807736 0.0761681 0.0493163 0.1799650 0.0784177 0.0465148 0.0586582 0.0761681 0.0474036 0.0824015 0.1073200 0.0929646 0.0974526 0.1070425 0.0000010 0.0559581 0.0885620 0.0783928 0.0783928 0.1085557 0.0751406 0.0429178 
FM244866.1_Iasis_cylindrica              0.0229550 0.0270343 0.0779155 0.0270343 0.0806775 0.2565834 0.0256791 0.0256313 0.0333344 0.2222555 0.1023241 0.0201432 0.0779155 0.0047474 0.4615169 0.0739376 0.0794058 0.0256791 0.2152892 0.0227602 0.0268829 0.0268829 0.1219211 0.1513364 0.0994913 0.1513364 0.0684242 0.0779155 0.0000000 0.0333344 0.0333344 0.0737183 0.0334227 0.0800979 0.0214000 0.0333344 0.0310984 0.0011662 0.0974765 0.2115959 0.0214000 0.0961649 0.0954305 0.0011662 0.0977736 0.0201432 0.0434090 0.0328377 0.0628004 0.0807858 0.0779155 0.0856885 0.1142190 0.0227055 0.0227055 0.0782103 0.0227727 0.0968421 
HQ015415.1_Thalia_democratica            0.0409103 0.0443178 0.0955948 0.0443178 0.0838101 0.2967382 0.0392293 0.0409103 0.0011693 0.2158459 0.1139081 0.0317453 0.0955948 0.0365728 0.4554736 0.0649121 0.0887015 0.0392293 0.2292878 0.0392293 0.0379818 0.0379818 0.1303251 0.1642517 0.1089183 0.1642517 0.0719590 0.0955948 0.0333344 0.0000000 0.0011693 0.0647225 0.0011720 0.0979972 0.0405972 0.0000010 0.0425716 0.0319222 0.1127541 0.2295862 0.0405972 0.1142057 0.1232292 0.0319222 0.1120203 0.0317453 0.0189826 0.0508854 0.0624602 0.0839242 0.0955948 0.1049022 0.1040424 0.0362551 0.0362551 0.0810916 0.0423782 0.1080958 
AB859889.1_Thalia_longicauda             0.0409103 0.0443178 0.0935091 0.0443178 0.0838101 0.2967382 0.0392293 0.0409103 0.0000010 0.2189052 0.1116792 0.0317453 0.0935091 0.0365728 0.4554736 0.0630938 0.0866792 0.0392293 0.2261755 0.0392293 0.0379818 0.0379818 0.1279730 0.1668996 0.1067280 0.1668996 0.0719590 0.0935091 0.0333344 0.0011693 0.0000000 0.0629091 0.0000010 0.0958899 0.0405972 0.0011693 0.0425716 0.0319222 0.1105395 0.2264597 0.0405972 0.1119829 0.1209348 0.0319222 0.1120203 0.0317453 0.0189826 0.0508854 0.0624602 0.0839242 0.0935091 0.1027588 0.1019104 0.0362551 0.0362551 0.0810916 0.0423782 0.1059151 
FM244865.1_Ihlea_racovitzai              0.0714272 0.0678629 0.1013158 0.0678629 0.0958309 0.3108245 0.0739951 0.0714272 0.0629091 0.2596877 0.1062894 0.0684811 0.1013158 0.0737183 0.5149648 0.0000010 0.0851520 0.0739951 0.2158406 0.0674993 0.0589168 0.0589168 0.1534136 0.1736741 0.1013162 0.1736741 0.0790474 0.1013158 0.0737183 0.0647225 0.0629091 0.0000000 0.0630938 0.1037561 0.0714988 0.0647225 0.0715714 0.0720028 0.1113136 0.2508872 0.0714988 0.1199600 0.1237182 0.0720028 0.1087700 0.0684811 0.0670942 0.0797654 0.0481223 0.0978341 0.1013158 0.1167806 0.1061922 0.0640222 0.0640222 0.1033183 0.0712605 0.1066861 
HQ015413.1_Thalia_democratica            0.0410207 0.0444391 0.0938006 0.0444391 0.0840649 0.2978780 0.0393344 0.0410207 0.0000010 0.2197039 0.1120369 0.0318288 0.0938006 0.0366711 0.4573715 0.0632785 0.0869453 0.0393344 0.2269988 0.0393344 0.0380839 0.0380839 0.1283915 0.1674755 0.1070674 0.1674755 0.0721769 0.0938006 0.0334227 0.0011720 0.0000010 0.0630938 0.0000000 0.0961903 0.0407060 0.0011720 0.0426872 0.0320065 0.1108921 0.2272874 0.0407060 0.1123403 0.1213260 0.0320065 0.1123798 0.0318288 0.0190305 0.0510270 0.0626417 0.0841797 0.0938006 0.1030813 0.1022291 0.0363517 0.0363517 0.0813356 0.0424928 0.1062511 
AB013011.1_Pyrosoma_atlanticum           0.0815751 0.0890262 0.0035388 0.0890262 0.1113800 0.2685279 0.0852875 0.0851956 0.0958899 0.2337061 0.0474036 0.0846459 0.0035388 0.0740082 0.4310712 0.1040817 0.0177635 0.0852875 0.1941456 0.0804066 0.0862426 0.0862426 0.0897201 0.1373510 0.0507266 0.1373510 0.0684018 0.0011704 0.0800979 0.0979972 0.0958899 0.1037561 0.0961903 0.0000000 0.0806153 0.0979972 0.0830029 0.0783329 0.0511219 0.1832171 0.0806153 0.0482531 0.0605598 0.0783329 0.0491787 0.0846459 0.1098570 0.0953340 0.0998685 0.1095536 0.0011704 0.0578410 0.0908535 0.0805899 0.0805899 0.1110761 0.0773103 0.0446487 
HQ015411.1_Ritteriella_retracta          0.0187465 0.0199898 0.0784177 0.0199898 0.0808591 0.2733825 0.0147026 0.0213518 0.0405972 0.2166301 0.1029803 0.0108927 0.0784177 0.0216230 0.4413005 0.0717103 0.0799161 0.0147026 0.2211966 0.0096086 0.0133741 0.0133741 0.1208343 0.1597378 0.0903466 0.1597378 0.0702910 0.0784177 0.0214000 0.0405972 0.0405972 0.0714988 0.0407060 0.0806153 0.0000000 0.0405972 0.0172292 0.0200910 0.0924802 0.1999606 0.0000010 0.0949127 0.0983347 0.0200910 0.0984016 0.0108927 0.0461565 0.0254931 0.0626517 0.0809677 0.0784177 0.0882215 0.1127177 0.0095862 0.0095862 0.0808208 0.0159656 0.0955828 
HQ015414.1_Thalia_democratica            0.0409103 0.0443178 0.0955948 0.0443178 0.0838101 0.2967382 0.0392293 0.0409103 0.0011693 0.2158459 0.1139081 0.0317453 0.0955948 0.0365728 0.4554736 0.0649121 0.0887015 0.0392293 0.2292878 0.0392293 0.0379818 0.0379818 0.1303251 0.1642517 0.1089183 0.1642517 0.0719590 0.0955948 0.0333344 0.0000010 0.0011693 0.0647225 0.0011720 0.0979972 0.0405972 0.0000000 0.0425716 0.0319222 0.1127541 0.2295862 0.0405972 0.1142057 0.1232292 0.0319222 0.1120203 0.0317453 0.0189826 0.0508854 0.0624602 0.0839242 0.0955948 0.1049022 0.1040424 0.0362551 0.0362551 0.0810916 0.0423782 0.1080958 
HQ015405.1_Salpa_aspera                  0.0240916 0.0253512 0.0807736 0.0253512 0.0832227 0.2960262 0.0200299 0.0267587 0.0425716 0.2310597 0.0973076 0.0160751 0.0807736 0.0342132 0.4617218 0.0717830 0.0840759 0.0200299 0.2159254 0.0095777 0.0108531 0.0108531 0.1170429 0.1651778 0.0943193 0.1651778 0.0798035 0.0807736 0.0310984 0.0425716 0.0425716 0.0715714 0.0426872 0.0830029 0.0172292 0.0425716 0.0000000 0.0297303 0.0904872 0.2277663 0.0172292 0.0856171 0.0905149 0.0297303 0.0928216 0.0160751 0.0563931 0.0310376 0.0665412 0.0833354 0.0807736 0.0868476 0.1070663 0.0096001 0.0096001 0.0831809 0.0225332 0.0958463 
HQ015400.1_Iasis_cylindrica              0.0216263 0.0256838 0.0761681 0.0256838 0.0789226 0.2534078 0.0243355 0.0242900 0.0319222 0.2193337 0.1004102 0.0188368 0.0761681 0.0035516 0.4568334 0.0722166 0.0776542 0.0243355 0.2124673 0.0214433 0.0255404 0.0255404 0.1198551 0.1490408 0.0976003 0.1490408 0.0667332 0.0761681 0.0011662 0.0319222 0.0319222 0.0720028 0.0320065 0.0783329 0.0200910 0.0319222 0.0297303 0.0000000 0.0956020 0.2087962 0.0200910 0.0943104 0.0935693 0.0000010 0.0958937 0.0188368 0.0419054 0.0314473 0.0611859 0.0790282 0.0761681 0.0839136 0.1122183 0.0213917 0.0213917 0.0764815 0.0214548 0.0949733 
AB104873.1_Perophora_sagamiensis         0.0952430 0.0992112 0.0525196 0.0992112 0.1209726 0.2365741 0.1012317 0.0933644 0.1105395 0.2353866 0.0214413 0.1005109 0.0525196 0.0983051 0.4192054 0.1116657 0.0407248 0.1012317 0.1584348 0.0922541 0.0983719 0.0983719 0.0715660 0.1353934 0.0258822 0.1353934 0.0620485 0.0493163 0.0974765 0.1127541 0.1105395 0.1113136 0.1108921 0.0511219 0.0924802 0.1127541 0.0904872 0.0956020 0.0000000 0.1691678 0.0924802 0.0273990 0.0240336 0.0956020 0.0214963 0.1005109 0.1178725 0.1057712 0.1175653 0.1190984 0.0493163 0.0413160 0.0885660 0.0924520 0.0924520 0.1249102 0.0927640 0.0216041 
M91181.1_Echinorhinus_cookei             0.2205786 0.2174588 0.1799650 0.2174588 0.2542308 0.2272043 0.2254237 0.2177146 0.2264597 0.3180964 0.1783272 0.2187219 0.1799650 0.1990884 0.3374782 0.2518335 0.1704958 0.2254237 0.2593526 0.2124370 0.2217268 0.2217268 0.1816752 0.2763237 0.1592254 0.2763237 0.1804495 0.1799650 0.2115959 0.2295862 0.2264597 0.2508872 0.2272874 0.1832171 0.1999606 0.2295862 0.2277663 0.2087962 0.1691678 0.0000000 0.1999606 0.1772191 0.1819386 0.2087962 0.1788049 0.2187219 0.2231424 0.2241748 0.2285089 0.2515017 0.1799650 0.1958027 0.2229196 0.2122463 0.2122463 0.2551058 0.2076183 0.1634605 
HQ015410.1_Ritteriella_retracta          0.0187465 0.0199898 0.0784177 0.0199898 0.0808591 0.2733825 0.0147026 0.0213518 0.0405972 0.2166301 0.1029803 0.0108927 0.0784177 0.0216230 0.4413005 0.0717103 0.0799161 0.0147026 0.2211966 0.0096086 0.0133741 0.0133741 0.1208343 0.1597378 0.0903466 0.1597378 0.0702910 0.0784177 0.0214000 0.0405972 0.0405972 0.0714988 0.0407060 0.0806153 0.0000010 0.0405972 0.0172292 0.0200910 0.0924802 0.1999606 0.0000000 0.0949127 0.0983347 0.0200910 0.0984016 0.0108927 0.0461565 0.0254931 0.0626517 0.0809677 0.0784177 0.0882215 0.1127177 0.0095862 0.0095862 0.0808208 0.0159656 0.0955828 
AJ250778.1_Ciona_intestinalis            0.0939427 0.0959852 0.0496153 0.0959852 0.1289419 0.2254443 0.0998704 0.0902379 0.1119829 0.2200140 0.0231788 0.0991597 0.0496153 0.0961649 0.4067469 0.1203451 0.0487796 0.0998704 0.1546564 0.0909946 0.0951730 0.0951730 0.0743294 0.1250500 0.0378743 0.1250500 0.0747279 0.0465148 0.0961649 0.1142057 0.1119829 0.1199600 0.1123403 0.0482531 0.0949127 0.1142057 0.0856171 0.0943104 0.0273990 0.1772191 0.0949127 0.0000000 0.0319772 0.0943104 0.0232396 0.0991597 0.1193477 0.1005109 0.1262292 0.1270209 0.0465148 0.0289266 0.0934649 0.0911898 0.0911898 0.1267145 0.0914958 0.0302203 
L12378.2_Ascidia_ceratodes               0.1011879 0.1052386 0.0619778 0.1052386 0.1344709 0.2213381 0.1072918 0.0992711 0.1209348 0.2385034 0.0271054 0.1026668 0.0619778 0.0962449 0.4224294 0.1241175 0.0496153 0.1072918 0.1722541 0.0943421 0.1005109 0.1005109 0.0773944 0.1285664 0.0401351 0.1285664 0.0781907 0.0586582 0.0954305 0.1232292 0.1209348 0.1237182 0.1213260 0.0605598 0.0983347 0.1232292 0.0905149 0.0935693 0.0240336 0.1819386 0.0983347 0.0319772 0.0000000 0.0935693 0.0271770 0.1026668 0.1274557 0.1119497 0.1303001 0.1325080 0.0586582 0.0464160 0.1027214 0.0983051 0.0983051 0.1364514 0.0986354 0.0326824 
HQ015402.1_Iasis_cylindrica              0.0216263 0.0256838 0.0761681 0.0256838 0.0789226 0.2534078 0.0243355 0.0242900 0.0319222 0.2193337 0.1004102 0.0188368 0.0761681 0.0035516 0.4568334 0.0722166 0.0776542 0.0243355 0.2124673 0.0214433 0.0255404 0.0255404 0.1198551 0.1490408 0.0976003 0.1490408 0.0667332 0.0761681 0.0011662 0.0319222 0.0319222 0.0720028 0.0320065 0.0783329 0.0200910 0.0319222 0.0297303 0.0000010 0.0956020 0.2087962 0.0200910 0.0943104 0.0935693 0.0000000 0.0958937 0.0188368 0.0419054 0.0314473 0.0611859 0.0790282 0.0761681 0.0839136 0.1122183 0.0213917 0.0213917 0.0764815 0.0214548 0.0949733 
AF165821.2_Chelyosoma_siboja             0.0955365 0.0957101 0.0505640 0.0957101 0.1171480 0.2299891 0.1015417 0.0936525 0.1120203 0.2177140 0.0047502 0.1008183 0.0505640 0.0977736 0.4317492 0.1091121 0.0389573 0.1015417 0.1585967 0.0962791 0.0986732 0.0986732 0.0772880 0.1295700 0.0302135 0.1295700 0.0625973 0.0474036 0.0977736 0.1120203 0.1120203 0.1087700 0.1123798 0.0491787 0.0984016 0.1120203 0.0928216 0.0958937 0.0214963 0.1788049 0.0984016 0.0232396 0.0271770 0.0958937 0.0000000 0.1008183 0.1190942 0.1021968 0.1169624 0.1153021 0.0474036 0.0358636 0.0884632 0.0964813 0.0964813 0.1189603 0.0930492 0.0244483 
KR057222.1_Brooksia_lacromae             0.0228314 0.0240916 0.0824015 0.0240916 0.0804085 0.2855623 0.0108061 0.0254931 0.0317453 0.2157770 0.1054489 0.0000010 0.0824015 0.0230109 0.4464155 0.0686836 0.0839145 0.0108061 0.2129817 0.0096771 0.0122154 0.0122154 0.1222878 0.1575924 0.0983236 0.1575924 0.0686325 0.0824015 0.0201432 0.0317453 0.0317453 0.0684811 0.0318288 0.0846459 0.0108927 0.0317453 0.0160751 0.0188368 0.1005109 0.2187219 0.0108927 0.0991597 0.1026668 0.0188368 0.1008183 0.0000000 0.0446646 0.0270343 0.0626874 0.0805161 0.0824015 0.0884891 0.1083777 0.0096543 0.0096543 0.0803709 0.0199394 0.0998640 
HQ015412.1_Thalia_orientalis             0.0529965 0.0546783 0.1073200 0.0546783 0.0844227 0.2814877 0.0528245 0.0529965 0.0189826 0.2458390 0.1197081 0.0446646 0.1073200 0.0469562 0.4410431 0.0672895 0.1000292 0.0528245 0.2228044 0.0512701 0.0494411 0.0494411 0.1322883 0.1749676 0.1128143 0.1749676 0.0696791 0.1073200 0.0434090 0.0189826 0.0189826 0.0670942 0.0190305 0.1098570 0.0461565 0.0189826 0.0563931 0.0419054 0.1178725 0.2231424 0.0461565 0.1193477 0.1274557 0.0419054 0.1190942 0.0446646 0.0000000 0.0616810 0.0740188 0.0863314 0.1073200 0.1158437 0.1086872 0.0511446 0.0511446 0.0817129 0.0562755 0.1119753 
FM244864.1_Cyclosalpa_quadriluminis      0.0161218 0.0072184 0.0929646 0.0072184 0.0874827 0.2794684 0.0312829 0.0161218 0.0508854 0.2359966 0.1047015 0.0270343 0.0929646 0.0360206 0.4783522 0.0800060 0.0926509 0.0312829 0.2199171 0.0267587 0.0252859 0.0252859 0.1314915 0.1615115 0.1037505 0.1615115 0.0706979 0.0929646 0.0328377 0.0508854 0.0508854 0.0797654 0.0510270 0.0953340 0.0254931 0.0508854 0.0310376 0.0314473 0.1057712 0.2241748 0.0254931 0.1005109 0.1119497 0.0314473 0.1021968 0.0270343 0.0616810 0.0000000 0.0767932 0.0876025 0.0929646 0.0891430 0.1045772 0.0268233 0.0268233 0.0874343 0.0160833 0.1072782 
HQ015377.1_Salpidae_gen._nov._sp._nov._A 0.0712581 0.0692187 0.0974526 0.0692187 0.0936866 0.3257124 0.0666037 0.0729581 0.0624602 0.2738292 0.1153253 0.0626874 0.0974526 0.0595800 0.4885554 0.0482566 0.0851799 0.0666037 0.2285495 0.0642511 0.0628158 0.0628158 0.1406136 0.1759474 0.1123331 0.1759474 0.0708198 0.0974526 0.0628004 0.0624602 0.0624602 0.0481223 0.0626417 0.0998685 0.0626517 0.0624602 0.0665412 0.0611859 0.1175653 0.2285089 0.0626517 0.1262292 0.1303001 0.0611859 0.1169624 0.0626874 0.0740188 0.0767932 0.0000000 0.0938168 0.0974526 0.1154270 0.1121572 0.0608749 0.0608749 0.0963064 0.0669812 0.1099496 
HQ015388.1_Pegea_bicaudata               0.0783741 0.0776693 0.1070425 0.0776693 0.0011610 0.3215458 0.0807606 0.0801428 0.0839242 0.2523948 0.1179199 0.0805161 0.1070425 0.0772809 0.5487783 0.0981362 0.0985876 0.0807606 0.2398186 0.0809425 0.0787396 0.0787396 0.1519908 0.1784666 0.1183085 0.1784666 0.0585969 0.1070425 0.0807858 0.0839242 0.0839242 0.0978341 0.0841797 0.1095536 0.0809677 0.0839242 0.0833354 0.0790282 0.1190984 0.2515017 0.0809677 0.1270209 0.1325080 0.0790282 0.1153021 0.0805161 0.0863314 0.0876025 0.0938168 0.0000000 0.1070425 0.1192031 0.1080286 0.0791829 0.0791829 0.0084835 0.0776939 0.1134293 
FM244862.1_Pyrosoma_godeauxi             0.0793511 0.0867270 0.0023414 0.0867270 0.1088531 0.2645289 0.0830289 0.0829357 0.0935091 0.2299842 0.0456540 0.0824015 0.0023414 0.0719007 0.4259033 0.1016320 0.0163701 0.0830289 0.1907993 0.0782131 0.0839839 0.0839839 0.0874395 0.1345557 0.0489356 0.1345557 0.0663491 0.0000010 0.0779155 0.0955948 0.0935091 0.1013158 0.0938006 0.0011704 0.0784177 0.0955948 0.0807736 0.0761681 0.0493163 0.1799650 0.0784177 0.0465148 0.0586582 0.0761681 0.0474036 0.0824015 0.1073200 0.0929646 0.0974526 0.1070425 0.0000000 0.0559581 0.0885620 0.0783928 0.0783928 0.1085557 0.0751406 0.0429178 
AB013017.1_Ciona_intestinalis            0.0874310 0.0830828 0.0592595 0.0830828 0.1210788 0.2478415 0.0911632 0.0838284 0.1027588 0.2331415 0.0342170 0.0884891 0.0592595 0.0884124 0.4468992 0.1171540 0.0640350 0.0911632 0.1656331 0.0862075 0.0839562 0.0839562 0.0767221 0.1221421 0.0500391 0.1221421 0.0732287 0.0559581 0.0856885 0.1049022 0.1027588 0.1167806 0.1030813 0.0578410 0.0882215 0.1049022 0.0868476 0.0839136 0.0413160 0.1958027 0.0882215 0.0289266 0.0464160 0.0839136 0.0358636 0.0884891 0.1158437 0.0891430 0.1154270 0.1192031 0.0559581 0.0000000 0.0971204 0.0863959 0.0863959 0.1189253 0.0831086 0.0415498 
HQ015389.1_Soestia_zonaria               0.1051389 0.0999637 0.0885620 0.0999637 0.1059384 0.2974512 0.1109026 0.1031930 0.1019104 0.2521028 0.0862321 0.1083777 0.0885620 0.1174062 0.4913092 0.1065250 0.0727929 0.1109026 0.1976453 0.1087076 0.1081336 0.1081336 0.1315919 0.1656977 0.0831428 0.1656977 0.0377173 0.0885620 0.1142190 0.1040424 0.1019104 0.1061922 0.1022291 0.0908535 0.1127177 0.1040424 0.1070663 0.1122183 0.0885660 0.2229196 0.1127177 0.0934649 0.1027214 0.1122183 0.0884632 0.1083777 0.1086872 0.1045772 0.1121572 0.1080286 0.0885620 0.0971204 0.0000000 0.1067405 0.1067405 0.1065295 0.1029840 0.0846036 
HQ015406.1_Salpa_thompsoni               0.0200377 0.0212832 0.0783928 0.0212832 0.0790770 0.2746260 0.0134386 0.0226546 0.0362551 0.2151880 0.1010249 0.0096543 0.0783928 0.0256168 0.4470934 0.0642084 0.0798910 0.0134386 0.2068361 0.0023414 0.0083403 0.0083403 0.1187365 0.1573193 0.0940307 0.1573193 0.0726157 0.0783928 0.0227055 0.0362551 0.0362551 0.0640222 0.0363517 0.0805899 0.0095862 0.0362551 0.0096001 0.0213917 0.0924520 0.2122463 0.0095862 0.0911898 0.0983051 0.0213917 0.0964813 0.0096543 0.0511446 0.0268233 0.0608749 0.0791829 0.0783928 0.0863959 0.1067405 0.0000000 0.0000010 0.0790412 0.0146953 0.0955539 
FM244867.1_Salpa_thompsoni               0.0200377 0.0212832 0.0783928 0.0212832 0.0790770 0.2746260 0.0134386 0.0226546 0.0362551 0.2151880 0.1010249 0.0096543 0.0783928 0.0256168 0.4470934 0.0642084 0.0798910 0.0134386 0.2068361 0.0023414 0.0083403 0.0083403 0.1187365 0.1573193 0.0940307 0.1573193 0.0726157 0.0783928 0.0227055 0.0362551 0.0362551 0.0640222 0.0363517 0.0805899 0.0095862 0.0362551 0.0096001 0.0213917 0.0924520 0.2122463 0.0095862 0.0911898 0.0983051 0.0213917 0.0964813 0.0096543 0.0511446 0.0268233 0.0608749 0.0791829 0.0783928 0.0863959 0.1067405 0.0000010 0.0000000 0.0790412 0.0146953 0.0955539 
HQ015386.1_Pegea_confoederata            0.0782337 0.0775317 0.1085557 0.0775317 0.0072456 0.3153822 0.0806144 0.0799972 0.0810916 0.2470707 0.1216240 0.0803709 0.1085557 0.0747625 0.5580436 0.1036416 0.1058240 0.0806144 0.2314447 0.0807956 0.0785996 0.0785996 0.1479188 0.1831287 0.1199639 0.1831287 0.0644907 0.1085557 0.0782103 0.0810916 0.0810916 0.1033183 0.0813356 0.1110761 0.0808208 0.0810916 0.0831809 0.0764815 0.1249102 0.2551058 0.0808208 0.1267145 0.1364514 0.0764815 0.1189603 0.0803709 0.0817129 0.0874343 0.0963064 0.0084835 0.1085557 0.1189253 0.1065295 0.0790412 0.0790412 0.0000000 0.0775562 0.1191001 
HQ015393.1_Cyclosalpa_floridana          0.0047564 0.0083636 0.0751406 0.0083636 0.0775900 0.2686456 0.0199898 0.0071706 0.0423782 0.2188350 0.0975412 0.0199394 0.0751406 0.0230109 0.4572109 0.0714707 0.0766348 0.0199898 0.2205048 0.0146606 0.0211285 0.0211285 0.1191310 0.1533447 0.0887798 0.1533447 0.0654481 0.0751406 0.0227727 0.0423782 0.0423782 0.0712605 0.0424928 0.0773103 0.0159656 0.0423782 0.0225332 0.0214548 0.0927640 0.2076183 0.0159656 0.0914958 0.0986354 0.0214548 0.0930492 0.0199394 0.0562755 0.0160833 0.0669812 0.0776939 0.0751406 0.0831086 0.1029840 0.0146953 0.0146953 0.0775562 0.0000000 0.0902911 
FM244841.1_Pycnoclavella_aff._detorta    0.0948106 0.1006829 0.0460267 0.1006829 0.1152673 0.2255316 0.1005816 0.0929361 0.1059151 0.2233839 0.0243844 0.0998640 0.0460267 0.0949733 0.4127004 0.1070190 0.0375327 0.1005816 0.1609876 0.0953532 0.1015394 0.1015394 0.0718314 0.1337985 0.0122404 0.1337985 0.0615473 0.0429178 0.0968421 0.1080958 0.1059151 0.1066861 0.1062511 0.0446487 0.0955828 0.1080958 0.0958463 0.0949733 0.0216041 0.1634605 0.0955828 0.0302203 0.0326824 0.0949733 0.0244483 0.0998640 0.1119753 0.1072782 0.1099496 0.1134293 0.0429178 0.0415498 0.0846036 0.0955539 0.0955539 0.1191001 0.0902911 0.0000000 
