64
AB013011.1_Pyrosoma_atlanticum           0.0000000 0.1607186 0.0779535 0.1491985 0.1634599 0.0070878 0.0064497 0.1175129 0.1551717 0.1047532 0.1184459 0.1579396 0.2511011 0.2411299 0.4404783 0.2742745 0.2996514 0.1495839 0.1738118 0.0789326 0.0720307 0.0725483 0.1082958 0.0692010 0.0715787 0.1274469 0.1472058 0.1400498 0.1383339 0.1558174 0.1133453 0.1141625 0.1212234 0.1207333 0.1267426 0.1214385 0.1270549 0.1266218 0.1001721 0.1073090 0.1092416 0.1059817 0.1167818 0.1135784 0.1164009 0.1171815 0.1177212 0.1081600 0.1081342 0.1073443 0.1036423 0.1420040 0.1385414 0.1426716 0.1392837 0.0042380 0.0065855 0.0040905 0.0052175 0.0052846 0.0053035 0.0334601 0.1642292 0.1556588 
AB013012.1_Doliolum_nationalis           0.1607186 0.0000000 0.1458633 0.2136732 0.0000010 0.1469942 0.1583308 0.1799426 0.2017303 0.1741455 0.1834554 0.2175355 0.2772884 0.3135713 0.4814793 0.3030388 0.3602225 0.2254762 0.2168697 0.1602487 0.1487623 0.1488872 0.1623731 0.1550243 0.1432018 0.1807169 0.1986114 0.1909357 0.1952496 0.2065613 0.1861049 0.1882020 0.1887226 0.1865883 0.1827107 0.1974074 0.1956841 0.1949671 0.1602272 0.1840163 0.1788105 0.1810545 0.1783994 0.1702555 0.1790449 0.1790546 0.1718875 0.1769277 0.1813770 0.1768162 0.1731809 0.2008149 0.1962270 0.1985280 0.1996405 0.1602185 0.1653162 0.1555284 0.1542325 0.1559201 0.1567053 0.1450262 0.2124129 0.0000010 
AB013017.1_Ciona_intestinalis            0.0779535 0.1458633 0.0000000 0.1576632 0.1456410 0.0658260 0.0750472 0.1182811 0.1495679 0.1266625 0.1260352 0.1665021 0.1999582 0.2261239 0.4434610 0.2567345 0.2935667 0.1302725 0.1420162 0.0657687 0.0581454 0.0610361 0.0751663 0.0538942 0.0551779 0.1256435 0.1561520 0.1489111 0.1492381 0.1609958 0.1277071 0.1286686 0.1236662 0.1244039 0.1227785 0.1284115 0.1352418 0.1347784 0.1161416 0.1218172 0.1190793 0.1232594 0.1187888 0.1178648 0.1183724 0.1191711 0.1163368 0.1158566 0.1234841 0.1188424 0.1115020 0.1302285 0.1406956 0.1438612 0.1425893 0.0715070 0.0769594 0.0729227 0.0735679 0.0747325 0.0740939 0.0682626 0.1596099 0.1407651 
D14366.1_Thalia_democratica              0.1491985 0.2136732 0.1576632 0.0000000 0.2134991 0.1363319 0.1440327 0.0821845 0.1278265 0.0666647 0.0788894 0.1249709 0.2948371 0.3146429 0.5042789 0.3664882 0.3297424 0.2227443 0.2211496 0.1541930 0.1487952 0.1656079 0.1828920 0.1593645 0.1578892 0.0788894 0.0073527 0.0073527 0.0055139 0.0446164 0.0734130 0.0725835 0.0790668 0.0790668 0.0800764 0.0829809 0.0776826 0.0776826 0.0624471 0.0715689 0.0715689 0.0771172 0.0825050 0.0781054 0.0821333 0.0821333 0.0821333 0.0762698 0.0790583 0.0790583 0.1099718 0.1465455 0.1412283 0.1434617 0.1367403 0.1422665 0.1423467 0.1423467 0.1423467 0.1424770 0.1423467 0.1347125 0.1280441 0.1987678 
FM244861.1_Doliolum_denticulatum         0.1634599 0.0000010 0.1456410 0.2134991 0.0000000 0.1468808 0.1582165 0.1784629 0.2023068 0.1746781 0.1838851 0.2175731 0.2807527 0.3120585 0.4786993 0.3058058 0.3637187 0.2256363 0.2168697 0.1601319 0.1486564 0.1513529 0.1651494 0.1550512 0.1440418 0.1838851 0.2002308 0.1924979 0.1968668 0.2082648 0.1875922 0.1897294 0.1887549 0.1881094 0.1859205 0.1990453 0.1957174 0.1953439 0.1615183 0.1850413 0.1819247 0.1823441 0.1795327 0.1701242 0.1790757 0.1790855 0.1748658 0.1783485 0.1828482 0.1782162 0.1745635 0.2044169 0.1978156 0.2001364 0.2010895 0.1600976 0.1651931 0.1567412 0.1554188 0.1571388 0.1567325 0.1450514 0.2141787 0.0000010 
FM244862.1_Pyrosoma_godeauxi             0.0070878 0.1469942 0.0658260 0.1363319 0.1468808 0.0000000 0.0051044 0.1053694 0.1350417 0.1084781 0.1111401 0.1329375 0.2278524 0.2259214 0.4293452 0.2613652 0.2689052 0.1351712 0.1643628 0.0576732 0.0525326 0.0601364 0.0918869 0.0533493 0.0572428 0.1111401 0.1361569 0.1361569 0.1330756 0.1457676 0.1094528 0.1084175 0.1125648 0.1125648 0.1138572 0.1126863 0.1203780 0.1203780 0.1055201 0.1055201 0.1055201 0.1039523 0.1094171 0.1061643 0.1094171 0.1094171 0.1094171 0.1028131 0.1025171 0.1044472 0.0838783 0.1214083 0.1206432 0.1253885 0.1192147 0.0000010 0.0000010 0.0025260 0.0038002 0.0038002 0.0038002 0.0223202 0.1352883 0.1427364 
FM244863.1_Pyrosomella_verticillata      0.0064497 0.1583308 0.0750472 0.1440327 0.1582165 0.0051044 0.0000000 0.1148109 0.1519533 0.1062790 0.1180732 0.1530630 0.2320138 0.2354936 0.4300998 0.2724870 0.2983435 0.1409011 0.1648767 0.0724986 0.0692025 0.0713279 0.0974691 0.0664759 0.0693000 0.1180732 0.1451053 0.1374994 0.1357680 0.1522278 0.1137460 0.1138106 0.1200103 0.1204037 0.1195658 0.1211102 0.1259140 0.1256873 0.0997570 0.1066917 0.1051873 0.1055098 0.1153272 0.1113244 0.1143053 0.1150698 0.1126829 0.1068937 0.1068599 0.1068583 0.1000500 0.1347030 0.1339669 0.1385107 0.1342275 0.0017951 0.0041413 0.0023312 0.0011504 0.0011645 0.0011623 0.0299074 0.1607385 0.1476177 
FM244864.1_Cyclosalpa_quadriluminis      0.1175129 0.1799426 0.1182811 0.0821845 0.1784629 0.1053694 0.1148109 0.0000000 0.1125821 0.0371047 0.0366280 0.1100998 0.2791521 0.2870516 0.4912722 0.2947558 0.3291398 0.1954677 0.2448903 0.1267013 0.1210795 0.1318718 0.1441381 0.1304192 0.1211957 0.0379944 0.0806605 0.0745200 0.0743752 0.0769885 0.0302790 0.0306710 0.0345400 0.0346326 0.0359371 0.0399777 0.0381783 0.0382432 0.0341950 0.0388769 0.0394308 0.0396832 0.0000010 0.0000010 0.0000010 0.0000010 0.0011586 0.0090635 0.0096958 0.0095219 0.0755363 0.1217953 0.0987708 0.0972222 0.1013736 0.1156574 0.1178892 0.1141548 0.1124264 0.1144327 0.1140708 0.1017776 0.1207383 0.1713169 
FM244865.1_Ihlea_racovitzai              0.1551717 0.2017303 0.1495679 0.1278265 0.2023068 0.1350417 0.1519533 0.1125821 0.0000000 0.1072107 0.1052165 0.0816250 0.2853000 0.3030767 0.5223863 0.3149980 0.3290397 0.2277545 0.2266203 0.1477357 0.1433326 0.1527618 0.1683875 0.1505895 0.1415599 0.1052165 0.1279977 0.1211179 0.1193645 0.1192483 0.1132445 0.1139286 0.1044145 0.1044929 0.1032274 0.1133434 0.1144361 0.1140531 0.0996977 0.1157208 0.1133306 0.1135955 0.1134641 0.1037229 0.1127408 0.1134905 0.1101637 0.1129016 0.1135597 0.1109390 0.1165230 0.1556722 0.1450600 0.1414472 0.1527945 0.1530074 0.1587312 0.1510856 0.1486805 0.1514689 0.1514689 0.1302184 0.0034829 0.1989656 
FM244866.1_Iasis_cylindrica              0.1047532 0.1741455 0.1266625 0.0666647 0.1746781 0.1084781 0.1062790 0.0371047 0.1072107 0.0000000 0.0319004 0.0960943 0.2784683 0.2830159 0.4932102 0.2751673 0.2994358 0.1889347 0.2311673 0.1303475 0.1190327 0.1304838 0.1456954 0.1257727 0.1216810 0.0319004 0.0564051 0.0564051 0.0564867 0.0622012 0.0296799 0.0289456 0.0328403 0.0327676 0.0335739 0.0372449 0.0342310 0.0340610 0.0012687 0.0012687 0.0012687 0.0064475 0.0364178 0.0370000 0.0365195 0.0366600 0.0364178 0.0325801 0.0343351 0.0358075 0.0657555 0.1265788 0.0919219 0.0928812 0.0880887 0.1060922 0.1057350 0.1032066 0.1032066 0.1032066 0.1035530 0.1039440 0.1073972 0.1786796 
FM244867.1_Salpa_thompsoni               0.1184459 0.1834554 0.1260352 0.0788894 0.1838851 0.1111401 0.1180732 0.0366280 0.1052165 0.0319004 0.0000000 0.1063008 0.2657185 0.2853803 0.4819221 0.2925500 0.3205131 0.1998816 0.2236225 0.1359480 0.1312833 0.1384478 0.1486539 0.1352909 0.1276809 0.0005696 0.0766413 0.0706517 0.0704808 0.0774399 0.0259847 0.0256384 0.0083050 0.0082992 0.0093311 0.0114166 0.0316273 0.0315366 0.0292960 0.0366554 0.0366015 0.0397159 0.0369543 0.0331492 0.0368085 0.0370160 0.0366313 0.0310730 0.0361987 0.0368363 0.0855329 0.1295859 0.1081324 0.1078612 0.1071248 0.1179777 0.1234474 0.1168645 0.1151069 0.1171469 0.1173391 0.1130365 0.1127535 0.1813493 
HQ015377.1_Salpidae_gen._nov._sp._nov._A 0.1579396 0.2175355 0.1665021 0.1249709 0.2175731 0.1329375 0.1530630 0.1100998 0.0816250 0.0960943 0.1063008 0.0000000 0.2913936 0.2868173 0.5437627 0.3337187 0.3332143 0.2235150 0.2409871 0.1580987 0.1508028 0.1716562 0.1820548 0.1603650 0.1647799 0.1063008 0.1188038 0.1190104 0.1192301 0.1130022 0.1082425 0.1071860 0.1108635 0.1112206 0.1118491 0.1162153 0.1091757 0.1091757 0.0886268 0.1060256 0.1057679 0.1039547 0.1103153 0.1016393 0.1092703 0.1095411 0.1090832 0.1110694 0.1132690 0.1136230 0.1039251 0.1541379 0.1407152 0.1402621 0.1432362 0.1503722 0.1503760 0.1505914 0.1497951 0.1509811 0.1504716 0.1326597 0.0817505 0.1987961 
L12426.2_Molgula_manhattensis            0.2511011 0.2772884 0.1999582 0.2948371 0.2807527 0.2278524 0.2320138 0.2791521 0.2853000 0.2784683 0.2657185 0.2913936 0.0000000 0.2967706 0.5702130 0.3109322 0.3654976 0.1490459 0.0011891 0.1989886 0.1901630 0.1800625 0.1973234 0.1989166 0.1884879 0.2610713 0.2991750 0.2921836 0.2894835 0.3029202 0.2781273 0.2871941 0.2723221 0.2719281 0.2636590 0.2743870 0.2868289 0.2871205 0.2565115 0.2759221 0.2663533 0.2764740 0.2833425 0.2782239 0.2801511 0.2809872 0.2693698 0.2737717 0.2746301 0.2660970 0.2178260 0.2460016 0.2800052 0.2862379 0.2766051 0.2343062 0.2396118 0.2285226 0.2245485 0.2291514 0.2322987 0.2079303 0.2998061 0.2737029 
M91181.1_Echinorhinus_cookei             0.2411299 0.3135713 0.2261239 0.3146429 0.3120585 0.2259214 0.2354936 0.2870516 0.3030767 0.2830159 0.2853803 0.2868173 0.2967706 0.0000000 0.3540525 0.2110592 0.3996681 0.2456053 0.2188750 0.2232814 0.2228789 0.2274626 0.2296610 0.2073096 0.2268786 0.2858879 0.3149480 0.3047874 0.3036175 0.3047751 0.2793493 0.2834004 0.2887149 0.2901301 0.2863318 0.3031722 0.2923278 0.2911409 0.2703115 0.2866988 0.2804210 0.2845990 0.2858689 0.2833661 0.2841409 0.2835270 0.2796845 0.2797597 0.2919928 0.2862030 0.2484604 0.2849317 0.2988844 0.2989924 0.3075002 0.2367623 0.2442430 0.2350092 0.2346170 0.2356660 0.2319831 0.2197814 0.3240314 0.3076504 
M97574.1_Myxine_glutinosa                0.4404783 0.4814793 0.4434610 0.5042789 0.4786993 0.4293452 0.4300998 0.4912722 0.5223863 0.4932102 0.4819221 0.5437627 0.5702130 0.3540525 0.0000000 0.4570522 0.7746907 0.4630368 0.5595792 0.4407294 0.4311872 0.4436227 0.4311042 0.4493503 0.4499910 0.4872789 0.4957643 0.4860260 0.4765604 0.4872934 0.4805645 0.4937826 0.4908753 0.4845633 0.4833053 0.4996010 0.4903537 0.4880365 0.4624763 0.4861635 0.4811371 0.4993497 0.4850514 0.4882504 0.4892008 0.4867921 0.4806435 0.4687985 0.4683473 0.4696282 0.4496088 0.4981860 0.5180462 0.5235358 0.5374844 0.4345540 0.4486414 0.4212791 0.4205576 0.4226583 0.4268087 0.4084548 0.5424930 0.4820887 
M97571.1_Branchiostoma_floridae          0.2742745 0.3030388 0.2567345 0.3664882 0.3058058 0.2613652 0.2724870 0.2947558 0.3149980 0.2751673 0.2925500 0.3337187 0.3109322 0.2110592 0.4570522 0.0000000 0.3950853 0.2692315 0.2802076 0.2410729 0.2412887 0.2347467 0.2415454 0.2474069 0.2337480 0.2932207 0.3438080 0.3364635 0.3372840 0.3138150 0.2927618 0.2994919 0.3028967 0.2986852 0.2951540 0.3133001 0.3221683 0.3208237 0.2537141 0.2866023 0.2792081 0.2893002 0.2916975 0.2854972 0.2936915 0.2946109 0.2857640 0.2810201 0.2913769 0.2868613 0.2614907 0.3159543 0.3036604 0.3106932 0.3130380 0.2769492 0.2829123 0.2662091 0.2627355 0.2669698 0.2718347 0.2508701 0.3246086 0.2956375 
AB013014.1_Oikopleura_dioica             0.2996514 0.3602225 0.2935667 0.3297424 0.3637187 0.2689052 0.2983435 0.3291398 0.3290397 0.2994358 0.3205131 0.3332143 0.3654976 0.3996681 0.7746907 0.3950853 0.0000000 0.3102077 0.2742671 0.2870626 0.2850518 0.2774410 0.2954209 0.2815378 0.2671506 0.3192487 0.3170526 0.3066073 0.3118827 0.3170679 0.3126384 0.3137403 0.3346225 0.3310391 0.3286379 0.3382328 0.3358803 0.3344595 0.2872040 0.3254339 0.3192069 0.3228179 0.3239221 0.3123041 0.3262350 0.3290160 0.3180171 0.3171645 0.3167171 0.3124103 0.2868066 0.3111301 0.3443621 0.3442845 0.3451943 0.3022484 0.3090959 0.2941453 0.2902886 0.2950216 0.2985315 0.2775799 0.3412298 0.3483662 
AY903925.1_Halocynthia_igaboja           0.1495839 0.2254762 0.1302725 0.2227443 0.2256363 0.1351712 0.1409011 0.1954677 0.2277545 0.1889347 0.1998816 0.2235150 0.1490459 0.2456053 0.4630368 0.2692315 0.3102077 0.0000000 0.1102590 0.1229001 0.1211163 0.1147470 0.1367309 0.1256922 0.1192574 0.2021821 0.2279471 0.2212757 0.2186006 0.2198322 0.1922224 0.1953395 0.2005635 0.2005753 0.1985130 0.1981331 0.2057867 0.2050204 0.1764827 0.1884334 0.1846725 0.1900669 0.1951750 0.1946515 0.1941852 0.1956360 0.1919724 0.1875414 0.1954090 0.1916061 0.1645925 0.2004460 0.2050690 0.2117385 0.2075968 0.1451739 0.1481526 0.1415833 0.1373780 0.1398472 0.1403359 0.1308858 0.2381546 0.2180810 
AB921975.1_Molgula_manhattensis          0.1738118 0.2168697 0.1420162 0.2211496 0.2168697 0.1643628 0.1648767 0.2448903 0.2266203 0.2311673 0.2236225 0.2409871 0.0011891 0.2188750 0.5595792 0.2802076 0.2742671 0.1102590 0.0000000 0.1399634 0.1379002 0.1331270 0.1374072 0.1354200 0.1356685 0.2236225 0.2324331 0.2324331 0.2276868 0.2602227 0.2419679 0.2392937 0.2292125 0.2292125 0.2292125 0.2225745 0.2451695 0.2451695 0.2250306 0.2250306 0.2250306 0.2275924 0.2448903 0.2448903 0.2448903 0.2448903 0.2448903 0.2454574 0.2497123 0.2497123 0.1594784 0.1990916 0.2444487 0.2467482 0.2318188 0.1643628 0.1643628 0.1643628 0.1643628 0.1643628 0.1643628 0.1495494 0.2275032 0.2168697 
FM244840.1_Clavelina_meridionalis        0.0789326 0.1602487 0.0657687 0.1541930 0.1601319 0.0576732 0.0724986 0.1267013 0.1477357 0.1303475 0.1359480 0.1580987 0.1989886 0.2232814 0.4407294 0.2410729 0.2870626 0.1229001 0.1399634 0.0000000 0.0172473 0.0535213 0.0756034 0.0462559 0.0460009 0.1359480 0.1587604 0.1499518 0.1482344 0.1495286 0.1352365 0.1323205 0.1337686 0.1342214 0.1363036 0.1357143 0.1413392 0.1416662 0.1188290 0.1297351 0.1308974 0.1266597 0.1253032 0.1203331 0.1253085 0.1256323 0.1266130 0.1204775 0.1246334 0.1245867 0.1003127 0.1195511 0.1326224 0.1373899 0.1346072 0.0694900 0.0739652 0.0708697 0.0715451 0.0726912 0.0724832 0.0567802 0.1529709 0.1502586 
FM244841.1_Pycnoclavella_aff._detorta    0.0720307 0.1487623 0.0581454 0.1487952 0.1486564 0.0525326 0.0692025 0.1210795 0.1433326 0.1190327 0.1312833 0.1508028 0.1901630 0.2228789 0.4311872 0.2412887 0.2850518 0.1211163 0.1379002 0.0172473 0.0000000 0.0456508 0.0660922 0.0424944 0.0385696 0.1312833 0.1529782 0.1453107 0.1435899 0.1448082 0.1277264 0.1279975 0.1323069 0.1327502 0.1316235 0.1322621 0.1319011 0.1321999 0.1096853 0.1203356 0.1185049 0.1200017 0.1248395 0.1188109 0.1236185 0.1239342 0.1218167 0.1170027 0.1202751 0.1172165 0.0931272 0.1144142 0.1294690 0.1339558 0.1334341 0.0655023 0.0690646 0.0666346 0.0673503 0.0684194 0.0682252 0.0509314 0.1517700 0.1418429 
AB075543.1_Megalodicopia_hians           0.0725483 0.1488872 0.0610361 0.1656079 0.1513529 0.0601364 0.0713279 0.1318718 0.1527618 0.1304838 0.1384478 0.1716562 0.1800625 0.2274626 0.4436227 0.2347467 0.2774410 0.1147470 0.1331270 0.0535213 0.0456508 0.0000000 0.0684377 0.0417069 0.0152675 0.1377724 0.1627002 0.1564939 0.1558618 0.1643571 0.1343112 0.1379403 0.1388128 0.1377899 0.1343940 0.1403883 0.1506903 0.1501680 0.1196470 0.1325234 0.1278297 0.1354579 0.1301394 0.1274863 0.1308022 0.1316968 0.1265278 0.1247981 0.1271472 0.1239456 0.1071141 0.1334731 0.1362987 0.1419717 0.1380379 0.0679564 0.0722442 0.0675127 0.0681921 0.0692331 0.0703702 0.0586988 0.1607670 0.1460691 
L12378.2_Ascidia_ceratodes               0.1082958 0.1623731 0.0751663 0.1828920 0.1651494 0.0918869 0.0974691 0.1441381 0.1683875 0.1456954 0.1486539 0.1820548 0.1973234 0.2296610 0.4311042 0.2415454 0.2954209 0.1367309 0.1374072 0.0756034 0.0660922 0.0684377 0.0000000 0.0566321 0.0641648 0.1478728 0.1767801 0.1704629 0.1678057 0.1867052 0.1413029 0.1451845 0.1504798 0.1493395 0.1466295 0.1465424 0.1487868 0.1482656 0.1323902 0.1364561 0.1337366 0.1399615 0.1422841 0.1437131 0.1431079 0.1441029 0.1384704 0.1354987 0.1369549 0.1334459 0.1186401 0.1445659 0.1564159 0.1597014 0.1590244 0.0955074 0.1000390 0.0930436 0.0934787 0.0949932 0.0966376 0.0715240 0.1769757 0.1600060 
AB104873.1_Perophora_sagamiensis         0.0692010 0.1550243 0.0538942 0.1593645 0.1550512 0.0533493 0.0664759 0.1304192 0.1505895 0.1257727 0.1352909 0.1603650 0.1989166 0.2073096 0.4493503 0.2474069 0.2815378 0.1256922 0.1354200 0.0462559 0.0424944 0.0417069 0.0566321 0.0000000 0.0367711 0.1352909 0.1593667 0.1543128 0.1526260 0.1667903 0.1328372 0.1321079 0.1365858 0.1370464 0.1369269 0.1362614 0.1436519 0.1436519 0.1165606 0.1257602 0.1247952 0.1293407 0.1298171 0.1243040 0.1297920 0.1301251 0.1288872 0.1235412 0.1250046 0.1227934 0.0998199 0.1331580 0.1451500 0.1472043 0.1452916 0.0617915 0.0671807 0.0634378 0.0644642 0.0651786 0.0649965 0.0529808 0.1569657 0.1459950 
AF165821.2_Chelyosoma_siboja             0.0715787 0.1432018 0.0551779 0.1578892 0.1440418 0.0572428 0.0693000 0.1211957 0.1415599 0.1216810 0.1276809 0.1647799 0.1884879 0.2268786 0.4499910 0.2337480 0.2671506 0.1192574 0.1356685 0.0460009 0.0385696 0.0152675 0.0641648 0.0367711 0.0000000 0.1307921 0.1575257 0.1513398 0.1518389 0.1549722 0.1240127 0.1248809 0.1285554 0.1276175 0.1260363 0.1290224 0.1371194 0.1366488 0.1107344 0.1232968 0.1203969 0.1261662 0.1199385 0.1173490 0.1207448 0.1215639 0.1183145 0.1164287 0.1144121 0.1115766 0.0989092 0.1287199 0.1305417 0.1386390 0.1321345 0.0674353 0.0710326 0.0672923 0.0679788 0.0690240 0.0683278 0.0544914 0.1492618 0.1398102 
HQ015406.1_Salpa_thompsoni               0.1274469 0.1807169 0.1256435 0.0788894 0.1838851 0.1111401 0.1180732 0.0379944 0.1052165 0.0319004 0.0005696 0.1063008 0.2610713 0.2858879 0.4872789 0.2932207 0.3192487 0.2021821 0.2236225 0.1359480 0.1312833 0.1377724 0.1478728 0.1352909 0.1307921 0.0000000 0.0780804 0.0729057 0.0719805 0.0795206 0.0276316 0.0268176 0.0083050 0.0082595 0.0091940 0.0113613 0.0316273 0.0315366 0.0312101 0.0366283 0.0367574 0.0396428 0.0369075 0.0331492 0.0368085 0.0370160 0.0360458 0.0326977 0.0380881 0.0393280 0.0850333 0.1263016 0.1099844 0.1112000 0.1068893 0.1179777 0.1234474 0.1180879 0.1163298 0.1183702 0.1173391 0.1130365 0.1141890 0.1813493 
HQ015415.1_Thalia_democratica            0.1472058 0.1986114 0.1561520 0.0073527 0.2002308 0.1361569 0.1451053 0.0806605 0.1279977 0.0564051 0.0766413 0.1188038 0.2991750 0.3149480 0.4957643 0.3438080 0.3170526 0.2279471 0.2324331 0.1587604 0.1529782 0.1627002 0.1767801 0.1593667 0.1575257 0.0780804 0.0000000 0.0005730 0.0017366 0.0421645 0.0696256 0.0675993 0.0710648 0.0706076 0.0773217 0.0743316 0.0756371 0.0754030 0.0524123 0.0613112 0.0668218 0.0663359 0.0734636 0.0705580 0.0732489 0.0736936 0.0793920 0.0664770 0.0697023 0.0760884 0.0989238 0.1397489 0.1347952 0.1383229 0.1246756 0.1385539 0.1368814 0.1320047 0.1391851 0.1323250 0.1349534 0.1357289 0.1193008 0.1824354 
HQ015414.1_Thalia_democratica            0.1400498 0.1909357 0.1489111 0.0073527 0.1924979 0.1361569 0.1374994 0.0745200 0.1211179 0.0564051 0.0706517 0.1190104 0.2921836 0.3047874 0.4860260 0.3364635 0.3066073 0.2212757 0.2324331 0.1499518 0.1453107 0.1564939 0.1704629 0.1543128 0.1513398 0.0729057 0.0005730 0.0000000 0.0023177 0.0367718 0.0646180 0.0645248 0.0710648 0.0706076 0.0713340 0.0743316 0.0692811 0.0689370 0.0531523 0.0613112 0.0610332 0.0663359 0.0734636 0.0705580 0.0732489 0.0736936 0.0734040 0.0672232 0.0704637 0.0709575 0.0989238 0.1327760 0.1287400 0.1323579 0.1248904 0.1385539 0.1375351 0.1329530 0.1325216 0.1332759 0.1349534 0.1280516 0.1201716 0.1824354 
HQ015413.1_Thalia_democratica            0.1383339 0.1952496 0.1492381 0.0055139 0.1968668 0.1330756 0.1357680 0.0743752 0.1193645 0.0564867 0.0704808 0.1192301 0.2894835 0.3036175 0.4765604 0.3372840 0.3118827 0.2186006 0.2276868 0.1482344 0.1435899 0.1558618 0.1678057 0.1526260 0.1518389 0.0719805 0.0017366 0.0023177 0.0000000 0.0377470 0.0636658 0.0643133 0.0708961 0.0702334 0.0711684 0.0736534 0.0690996 0.0687539 0.0524829 0.0617859 0.0615414 0.0668451 0.0727864 0.0698584 0.0730968 0.0733766 0.0732543 0.0662803 0.0693286 0.0700265 0.0989695 0.1329669 0.1280982 0.1317409 0.1251578 0.1356061 0.1357815 0.1298643 0.1298643 0.1298643 0.1328748 0.1263001 0.1184264 0.1864254 
HQ015412.1_Thalia_orientalis             0.1558174 0.2065613 0.1609958 0.0446164 0.2082648 0.1457676 0.1522278 0.0769885 0.1192483 0.0622012 0.0774399 0.1130022 0.3029202 0.3047751 0.4872934 0.3138150 0.3170679 0.2198322 0.2602227 0.1495286 0.1448082 0.1643571 0.1867052 0.1667903 0.1549722 0.0795206 0.0421645 0.0367718 0.0377470 0.0000000 0.0711893 0.0729172 0.0762079 0.0757084 0.0753656 0.0822569 0.0821336 0.0818761 0.0577641 0.0724307 0.0710764 0.0775421 0.0769942 0.0719149 0.0767653 0.0772388 0.0758091 0.0768627 0.0752766 0.0740025 0.0993748 0.1323258 0.1247468 0.1258485 0.1227876 0.1561512 0.1590437 0.1497043 0.1473347 0.1500821 0.1517436 0.1419205 0.1257690 0.1993075 
HQ015411.1_Ritteriella_retracta          0.1133453 0.1861049 0.1277071 0.0734130 0.1875922 0.1094528 0.1137460 0.0302790 0.1132445 0.0296799 0.0259847 0.1082425 0.2781273 0.2793493 0.4805645 0.2927618 0.3126384 0.1922224 0.2419679 0.1352365 0.1277264 0.1343112 0.1413029 0.1328372 0.1240127 0.0276316 0.0696256 0.0646180 0.0636658 0.0711893 0.0000000 0.0005753 0.0265674 0.0264130 0.0266268 0.0313131 0.0259562 0.0258831 0.0276992 0.0344465 0.0337574 0.0346380 0.0303809 0.0287475 0.0303012 0.0304688 0.0302448 0.0263887 0.0307757 0.0321250 0.0810401 0.1335277 0.1065480 0.1073996 0.1076354 0.1167129 0.1189418 0.1105854 0.1089635 0.1108464 0.1129842 0.1045054 0.1201502 0.1841621 
HQ015410.1_Ritteriella_retracta          0.1141625 0.1882020 0.1286686 0.0725835 0.1897294 0.1084175 0.1138106 0.0306710 0.1139286 0.0289456 0.0256384 0.1071860 0.2871941 0.2834004 0.4937826 0.2994919 0.3137403 0.1953395 0.2392937 0.1323205 0.1279975 0.1379403 0.1451845 0.1321079 0.1248809 0.0268176 0.0675993 0.0645248 0.0643133 0.0729172 0.0005753 0.0000000 0.0258989 0.0257485 0.0262872 0.0306315 0.0254065 0.0252942 0.0277812 0.0337624 0.0334938 0.0339497 0.0303976 0.0287638 0.0303178 0.0304856 0.0299154 0.0266316 0.0315545 0.0326684 0.0802060 0.1346575 0.1083017 0.1079775 0.1067113 0.1157117 0.1179553 0.1118540 0.1109810 0.1121208 0.1120248 0.1043148 0.1184777 0.1829697 
HQ015409.1_Salpa_fusiformis              0.1212234 0.1887226 0.1236662 0.0790668 0.1887549 0.1125648 0.1200103 0.0345400 0.1044145 0.0328403 0.0083050 0.1108635 0.2723221 0.2887149 0.4908753 0.3028967 0.3346225 0.2005635 0.2292125 0.1337686 0.1323069 0.1388128 0.1504798 0.1365858 0.1285554 0.0083050 0.0710648 0.0710648 0.0708961 0.0762079 0.0265674 0.0258989 0.0000000 0.0000010 0.0005825 0.0090005 0.0326764 0.0325694 0.0302009 0.0368943 0.0368734 0.0399778 0.0342530 0.0310092 0.0340033 0.0341940 0.0339857 0.0325442 0.0363620 0.0376295 0.0830371 0.1306869 0.1061035 0.1061520 0.1036129 0.1204774 0.1198266 0.1176309 0.1172497 0.1179167 0.1176247 0.1146669 0.1045821 0.1836560 
HQ015408.1_Salpa_maxima                  0.1207333 0.1865883 0.1244039 0.0790668 0.1881094 0.1125648 0.1204037 0.0346326 0.1044929 0.0327676 0.0082992 0.1112206 0.2719281 0.2901301 0.4845633 0.2986852 0.3310391 0.2005753 0.2292125 0.1342214 0.1327502 0.1377899 0.1493395 0.1370464 0.1276175 0.0082595 0.0706076 0.0706076 0.0702334 0.0757084 0.0264130 0.0257485 0.0000010 0.0000000 0.0005794 0.0089287 0.0327625 0.0326127 0.0299388 0.0368187 0.0366833 0.0398739 0.0340941 0.0310092 0.0340929 0.0342133 0.0337858 0.0323537 0.0360503 0.0374059 0.0824870 0.1298574 0.1053659 0.1054140 0.1032991 0.1204774 0.1202242 0.1164062 0.1164062 0.1166863 0.1177114 0.1150377 0.1038450 0.1836560 
HQ015407.1_Salpa_maxima                  0.1267426 0.1827107 0.1227785 0.0800764 0.1859205 0.1138572 0.1195658 0.0359371 0.1032274 0.0335739 0.0093311 0.1118491 0.2636590 0.2863318 0.4833053 0.2951540 0.3286379 0.1985130 0.2292125 0.1363036 0.1316235 0.1343940 0.1466295 0.1369269 0.1260363 0.0091940 0.0773217 0.0713340 0.0711684 0.0753656 0.0266268 0.0262872 0.0005825 0.0005794 0.0000000 0.0095512 0.0331207 0.0330253 0.0306842 0.0374993 0.0376022 0.0405419 0.0348419 0.0317671 0.0347488 0.0349442 0.0334414 0.0330000 0.0368043 0.0374304 0.0832385 0.1258902 0.1045504 0.1042923 0.1039195 0.1217477 0.1250112 0.1176059 0.1158395 0.1178896 0.1188402 0.1144853 0.1100431 0.1852572 
HQ015405.1_Salpa_aspera                  0.1214385 0.1974074 0.1284115 0.0829809 0.1990453 0.1126863 0.1211102 0.0399777 0.1133434 0.0372449 0.0114166 0.1162153 0.2743870 0.3031722 0.4996010 0.3133001 0.3382328 0.1981331 0.2225745 0.1357143 0.1322621 0.1403883 0.1465424 0.1362614 0.1290224 0.0113613 0.0743316 0.0743316 0.0736534 0.0822569 0.0313131 0.0306315 0.0090005 0.0089287 0.0095512 0.0000000 0.0344444 0.0342851 0.0341000 0.0411550 0.0410018 0.0442617 0.0391893 0.0361908 0.0393434 0.0394844 0.0389826 0.0346825 0.0384204 0.0397956 0.0886143 0.1302961 0.1107495 0.1107993 0.1086534 0.1206006 0.1209386 0.1170781 0.1170781 0.1170781 0.1183977 0.1166319 0.1126276 0.1937601 
HQ015404.1_Brooksia_rostrata             0.1270549 0.1956841 0.1352418 0.0776826 0.1957174 0.1203780 0.1259140 0.0381783 0.1144361 0.0342310 0.0316273 0.1091757 0.2868289 0.2923278 0.4903537 0.3221683 0.3358803 0.2057867 0.2451695 0.1413392 0.1319011 0.1506903 0.1487868 0.1436519 0.1371194 0.0316273 0.0756371 0.0692811 0.0690996 0.0821336 0.0259562 0.0254065 0.0326764 0.0327625 0.0331207 0.0344444 0.0000000 0.0000010 0.0322298 0.0388591 0.0384896 0.0434471 0.0383323 0.0351478 0.0380318 0.0381392 0.0376930 0.0364571 0.0403087 0.0411999 0.0876269 0.1368601 0.1166014 0.1175417 0.1181034 0.1274539 0.1306427 0.1248347 0.1230170 0.1251406 0.1247417 0.1135500 0.1215169 0.1924541 
HQ015403.1_Brooksia_rostrata             0.1266218 0.1949671 0.1347784 0.0776826 0.1953439 0.1203780 0.1256873 0.0382432 0.1140531 0.0340610 0.0315366 0.1091757 0.2871205 0.2911409 0.4880365 0.3208237 0.3344595 0.2050204 0.2451695 0.1416662 0.1321999 0.1501680 0.1482656 0.1436519 0.1366488 0.0315366 0.0754030 0.0689370 0.0687539 0.0818761 0.0258831 0.0252942 0.0325694 0.0326127 0.0330253 0.0342851 0.0000010 0.0000000 0.0320779 0.0386804 0.0383786 0.0432443 0.0381554 0.0351478 0.0379266 0.0381392 0.0375846 0.0362914 0.0401227 0.0410809 0.0871729 0.1363950 0.1162188 0.1171559 0.1174593 0.1274539 0.1306427 0.1241305 0.1226013 0.1244330 0.1243244 0.1137961 0.1208394 0.1924541 
HQ015402.1_Iasis_cylindrica              0.1001721 0.1602272 0.1161416 0.0624471 0.1615183 0.1055201 0.0997570 0.0341950 0.0996977 0.0012687 0.0292960 0.0886268 0.2565115 0.2703115 0.4624763 0.2537141 0.2872040 0.1764827 0.2250306 0.1188290 0.1096853 0.1196470 0.1323902 0.1165606 0.1107344 0.0312101 0.0524123 0.0531523 0.0524829 0.0577641 0.0276992 0.0277812 0.0302009 0.0299388 0.0306842 0.0341000 0.0322298 0.0320779 0.0000000 0.0000010 0.0000010 0.0048427 0.0334714 0.0340843 0.0336484 0.0337703 0.0340696 0.0296949 0.0313008 0.0326666 0.0634555 0.1195959 0.0859138 0.0867970 0.0829765 0.0996405 0.0993267 0.0958748 0.0958748 0.0958748 0.0972650 0.0957033 0.0989220 0.1652271 
HQ015401.1_Iasis_cylindrica              0.1073090 0.1840163 0.1218172 0.0715689 0.1850413 0.1055201 0.1066917 0.0388769 0.1157208 0.0012687 0.0366554 0.1060256 0.2759221 0.2866988 0.4861635 0.2866023 0.3254339 0.1884334 0.2250306 0.1297351 0.1203356 0.1325234 0.1364561 0.1257602 0.1232968 0.0366283 0.0613112 0.0613112 0.0617859 0.0724307 0.0344465 0.0337624 0.0368943 0.0368187 0.0374993 0.0411550 0.0388591 0.0386804 0.0000010 0.0000000 0.0000010 0.0053029 0.0383684 0.0368128 0.0382667 0.0384612 0.0380888 0.0344604 0.0368491 0.0381321 0.0767837 0.1345039 0.0979205 0.0988207 0.0943145 0.1076978 0.1063528 0.1038723 0.1036190 0.1041175 0.1043731 0.1009875 0.1156215 0.1761038 
HQ015400.1_Iasis_cylindrica              0.1092416 0.1788105 0.1190793 0.0715689 0.1819247 0.1055201 0.1051873 0.0394308 0.1133306 0.0012687 0.0366015 0.1057679 0.2663533 0.2804210 0.4811371 0.2792081 0.3192069 0.1846725 0.2250306 0.1308974 0.1185049 0.1278297 0.1337366 0.1247952 0.1203969 0.0367574 0.0668218 0.0610332 0.0615414 0.0710764 0.0337574 0.0334938 0.0368734 0.0366833 0.0376022 0.0410018 0.0384896 0.0383786 0.0000010 0.0000010 0.0000000 0.0052952 0.0383482 0.0368128 0.0382450 0.0384612 0.0368238 0.0343161 0.0367134 0.0373396 0.0764173 0.1299170 0.0959758 0.0965777 0.0939703 0.1076978 0.1100359 0.1034100 0.1019029 0.1036532 0.1043731 0.0997465 0.1205308 0.1761038 
HQ015399.1_Iasis_cylindrica              0.1059817 0.1810545 0.1232594 0.0771172 0.1823441 0.1039523 0.1055098 0.0396832 0.1135955 0.0064475 0.0397159 0.1039547 0.2764740 0.2845990 0.4993497 0.2893002 0.3228179 0.1900669 0.2275924 0.1266597 0.1200017 0.1354579 0.1399615 0.1293407 0.1261662 0.0396428 0.0663359 0.0663359 0.0668451 0.0775421 0.0346380 0.0339497 0.0399778 0.0398739 0.0405419 0.0442617 0.0434471 0.0432443 0.0048427 0.0053029 0.0052952 0.0000000 0.0391347 0.0376175 0.0390582 0.0392798 0.0388336 0.0360038 0.0370805 0.0383498 0.0778936 0.1351962 0.0978752 0.0987748 0.0942715 0.1064593 0.1051580 0.1026453 0.1023239 0.1027997 0.1032799 0.1029595 0.1133407 0.1720550 
HQ015398.1_Cyclosalpa_sewelli            0.1167818 0.1783994 0.1187888 0.0825050 0.1795327 0.1094171 0.1153272 0.0000010 0.1134641 0.0364178 0.0369543 0.1103153 0.2833425 0.2858689 0.4850514 0.2916975 0.3239221 0.1951750 0.2448903 0.1253032 0.1248395 0.1301394 0.1422841 0.1298171 0.1199385 0.0369075 0.0734636 0.0734636 0.0727864 0.0769942 0.0303809 0.0303976 0.0342530 0.0340941 0.0348419 0.0391893 0.0383323 0.0381554 0.0334714 0.0383684 0.0383482 0.0391347 0.0000000 0.0000010 0.0000010 0.0000010 0.0000010 0.0089545 0.0095553 0.0095553 0.0744511 0.1211011 0.0987854 0.0975227 0.0999983 0.1155768 0.1150875 0.1120035 0.1120035 0.1120035 0.1127084 0.1025396 0.1132900 0.1711839 
HQ015397.1_Cyclosalpa_quadriluminis      0.1135784 0.1702555 0.1178648 0.0781054 0.1701242 0.1061643 0.1113244 0.0000010 0.1037229 0.0370000 0.0331492 0.1016393 0.2782239 0.2833661 0.4882504 0.2854972 0.3123041 0.1946515 0.2448903 0.1203331 0.1188109 0.1274863 0.1437131 0.1243040 0.1173490 0.0331492 0.0705580 0.0705580 0.0698584 0.0719149 0.0287475 0.0287638 0.0310092 0.0310092 0.0317671 0.0361908 0.0351478 0.0351478 0.0340843 0.0368128 0.0368128 0.0376175 0.0000010 0.0000000 0.0000010 0.0000010 0.0000010 0.0092690 0.0092637 0.0092637 0.0695857 0.1170154 0.0948071 0.0935318 0.0960341 0.1096642 0.1093169 0.1086990 0.1086990 0.1086990 0.1086990 0.1021151 0.1038938 0.1711839 
HQ015396.1_Cyclosalpa_polae              0.1164009 0.1790449 0.1183724 0.0821333 0.1790757 0.1094171 0.1143053 0.0000010 0.1127408 0.0365195 0.0368085 0.1092703 0.2801511 0.2841409 0.4892008 0.2936915 0.3262350 0.1941852 0.2448903 0.1253085 0.1236185 0.1308022 0.1431079 0.1297920 0.1207448 0.0368085 0.0732489 0.0732489 0.0730968 0.0767653 0.0303012 0.0303178 0.0340033 0.0340929 0.0347488 0.0393434 0.0380318 0.0379266 0.0336484 0.0382667 0.0382450 0.0390582 0.0000010 0.0000010 0.0000000 0.0000010 0.0000010 0.0089323 0.0095550 0.0095316 0.0742305 0.1207080 0.0984761 0.0972187 0.0996841 0.1155768 0.1139774 0.1119993 0.1116423 0.1122672 0.1119185 0.1015786 0.1129233 0.1711839 
HQ015395.1_Cyclosalpa_sewelli            0.1171815 0.1790546 0.1191711 0.0821333 0.1790855 0.1094171 0.1150698 0.0000010 0.1134905 0.0366600 0.0370160 0.1095411 0.2809872 0.2835270 0.4867921 0.2946109 0.3290160 0.1956360 0.2448903 0.1256323 0.1239342 0.1316968 0.1441029 0.1301251 0.1215639 0.0370160 0.0736936 0.0736936 0.0733766 0.0772388 0.0304688 0.0304856 0.0341940 0.0342133 0.0349442 0.0394844 0.0381392 0.0381392 0.0337703 0.0384612 0.0384612 0.0392798 0.0000010 0.0000010 0.0000010 0.0000000 0.0000010 0.0089795 0.0095868 0.0095820 0.0746871 0.1215130 0.0991124 0.0978442 0.1003303 0.1155768 0.1142648 0.1124648 0.1123833 0.1127348 0.1123833 0.1018280 0.1136753 0.1711839 
HQ015394.1_Cyclosalpa_polae              0.1177212 0.1718875 0.1163368 0.0821333 0.1748658 0.1094171 0.1126829 0.0011586 0.1101637 0.0364178 0.0366313 0.1090832 0.2693698 0.2796845 0.4806435 0.2857640 0.3180171 0.1919724 0.2448903 0.1266130 0.1218167 0.1265278 0.1384704 0.1288872 0.1183145 0.0360458 0.0793920 0.0734040 0.0732543 0.0758091 0.0302448 0.0299154 0.0339857 0.0337858 0.0334414 0.0389826 0.0376930 0.0375846 0.0340696 0.0380888 0.0368238 0.0388336 0.0000010 0.0000010 0.0000010 0.0000010 0.0000000 0.0094681 0.0100884 0.0099111 0.0734892 0.1152737 0.0969666 0.0954707 0.0988491 0.1155768 0.1178084 0.1118447 0.1101958 0.1121100 0.1119185 0.1004025 0.1182399 0.1711839 
HQ015393.1_Cyclosalpa_floridana          0.1081600 0.1769277 0.1158566 0.0762698 0.1783485 0.1028131 0.1068937 0.0090635 0.1129016 0.0325801 0.0310730 0.1110694 0.2737717 0.2797597 0.4687985 0.2810201 0.3171645 0.1875414 0.2454574 0.1204775 0.1170027 0.1247981 0.1354987 0.1235412 0.1164287 0.0326977 0.0664770 0.0672232 0.0662803 0.0768627 0.0263887 0.0266316 0.0325442 0.0323537 0.0330000 0.0346825 0.0364571 0.0362914 0.0296949 0.0344604 0.0343161 0.0360038 0.0089545 0.0092690 0.0089323 0.0089795 0.0094681 0.0000000 0.0100935 0.0118694 0.0692297 0.1205402 0.0932313 0.0934945 0.0952647 0.1079815 0.1065587 0.1024776 0.1021615 0.1027150 0.1046581 0.0962890 0.1120303 0.1705891 
HQ015392.1_Cyclosalpa_affinis            0.1081342 0.1813770 0.1234841 0.0790583 0.1828482 0.1025171 0.1068599 0.0096958 0.1135597 0.0343351 0.0361987 0.1132690 0.2746301 0.2919928 0.4683473 0.2913769 0.3167171 0.1954090 0.2497123 0.1246334 0.1202751 0.1271472 0.1369549 0.1250046 0.1144121 0.0380881 0.0697023 0.0704637 0.0693286 0.0752766 0.0307757 0.0315545 0.0363620 0.0360503 0.0368043 0.0384204 0.0403087 0.0401227 0.0313008 0.0368491 0.0367134 0.0370805 0.0095553 0.0092637 0.0095550 0.0095868 0.0100884 0.0100935 0.0000000 0.0011539 0.0730887 0.1234816 0.0958467 0.0946153 0.0960091 0.1075989 0.1065224 0.1028910 0.1028910 0.1031319 0.1043538 0.0989202 0.1126741 0.1746729 
HQ015391.1_Cyclosalpa_affinis            0.1073443 0.1768162 0.1188424 0.0790583 0.1782162 0.1044472 0.1068583 0.0095219 0.1109390 0.0358075 0.0368363 0.1136230 0.2660970 0.2862030 0.4696282 0.2868613 0.3124103 0.1916061 0.2497123 0.1245867 0.1172165 0.1239456 0.1334459 0.1227934 0.1115766 0.0393280 0.0760884 0.0709575 0.0700265 0.0740025 0.0321250 0.0326684 0.0376295 0.0374059 0.0374304 0.0397956 0.0411999 0.0410809 0.0326666 0.0381321 0.0373396 0.0383498 0.0095553 0.0092637 0.0095316 0.0095820 0.0099111 0.0118694 0.0011539 0.0000000 0.0720976 0.1196528 0.0956991 0.0943189 0.0964050 0.1094510 0.1117635 0.1054031 0.1038715 0.1056500 0.1060558 0.0966140 0.1178051 0.1735526 
HQ015390.1_Thetys_vagina                 0.1036423 0.1731809 0.1115020 0.1099718 0.1745635 0.0838783 0.1000500 0.0755363 0.1165230 0.0657555 0.0855329 0.1039251 0.2178260 0.2484604 0.4496088 0.2614907 0.2868066 0.1645925 0.1594784 0.1003127 0.0931272 0.1071141 0.1186401 0.0998199 0.0989092 0.0850333 0.0989238 0.0989238 0.0989695 0.0993748 0.0810401 0.0802060 0.0830371 0.0824870 0.0832385 0.0886143 0.0876269 0.0871729 0.0634555 0.0767837 0.0764173 0.0778936 0.0744511 0.0695857 0.0742305 0.0746871 0.0734892 0.0692297 0.0730887 0.0720976 0.0000000 0.0585484 0.0875931 0.0872465 0.0903641 0.0988733 0.0996409 0.0969226 0.0966255 0.0971461 0.0978923 0.0783048 0.1157946 0.1634393 
HQ015389.1_Soestia_zonaria               0.1420040 0.2008149 0.1302285 0.1465455 0.2044169 0.1214083 0.1347030 0.1217953 0.1556722 0.1265788 0.1295859 0.1541379 0.2460016 0.2849317 0.4981860 0.3159543 0.3111301 0.2004460 0.1990916 0.1195511 0.1144142 0.1334731 0.1445659 0.1331580 0.1287199 0.1263016 0.1397489 0.1327760 0.1329669 0.1323258 0.1335277 0.1346575 0.1306869 0.1298574 0.1258902 0.1302961 0.1368601 0.1363950 0.1195959 0.1345039 0.1299170 0.1351962 0.1211011 0.1170154 0.1207080 0.1215130 0.1152737 0.1205402 0.1234816 0.1196528 0.0585484 0.0000000 0.1349349 0.1331801 0.1336287 0.1364603 0.1406533 0.1328179 0.1308088 0.1331393 0.1340960 0.1101798 0.1642207 0.1984955 
HQ015388.1_Pegea_bicaudata               0.1385414 0.1962270 0.1406956 0.1412283 0.1978156 0.1206432 0.1339669 0.0987708 0.1450600 0.0919219 0.1081324 0.1407152 0.2800052 0.2988844 0.5180462 0.3036604 0.3443621 0.2050690 0.2444487 0.1326224 0.1294690 0.1362987 0.1564159 0.1451500 0.1305417 0.1099844 0.1347952 0.1287400 0.1280982 0.1247468 0.1065480 0.1083017 0.1061035 0.1053659 0.1045504 0.1107495 0.1166014 0.1162188 0.0859138 0.0979205 0.0959758 0.0978752 0.0987854 0.0948071 0.0984761 0.0991124 0.0969666 0.0932313 0.0958467 0.0956991 0.0875931 0.1349349 0.0000000 0.0034245 0.0088944 0.1368789 0.1399725 0.1311875 0.1291888 0.1315073 0.1333457 0.1103695 0.1522039 0.1966018 
HQ015387.1_Pegea_confoederata            0.1426716 0.1985280 0.1438612 0.1434617 0.2001364 0.1253885 0.1385107 0.0972222 0.1414472 0.0928812 0.1078612 0.1402621 0.2862379 0.2989924 0.5235358 0.3106932 0.3442845 0.2117385 0.2467482 0.1373899 0.1339558 0.1419717 0.1597014 0.1472043 0.1386390 0.1112000 0.1383229 0.1323579 0.1317409 0.1258485 0.1073996 0.1079775 0.1061520 0.1054140 0.1042923 0.1107993 0.1175417 0.1171559 0.0867970 0.0988207 0.0965777 0.0987748 0.0975227 0.0935318 0.0972187 0.0978442 0.0954707 0.0934945 0.0946153 0.0943189 0.0872465 0.1331801 0.0034245 0.0000000 0.0101405 0.1416624 0.1447031 0.1372592 0.1351556 0.1375953 0.1379233 0.1145236 0.1489652 0.1997652 
HQ015386.1_Pegea_confoederata            0.1392837 0.1996405 0.1425893 0.1367403 0.2010895 0.1192147 0.1342275 0.1013736 0.1527945 0.0880887 0.1071248 0.1432362 0.2766051 0.3075002 0.5374844 0.3130380 0.3451943 0.2075968 0.2318188 0.1346072 0.1334341 0.1380379 0.1590244 0.1452916 0.1321345 0.1068893 0.1246756 0.1248904 0.1251578 0.1227876 0.1076354 0.1067113 0.1036129 0.1032991 0.1039195 0.1086534 0.1181034 0.1174593 0.0829765 0.0943145 0.0939703 0.0942715 0.0999983 0.0960341 0.0996841 0.1003303 0.0988491 0.0952647 0.0960091 0.0964050 0.0903641 0.1336287 0.0088944 0.0101405 0.0000000 0.1354146 0.1342211 0.1311008 0.1304436 0.1314222 0.1319486 0.1144852 0.1524300 0.1967027 
HQ015385.1_Pyrosoma_atlanticum           0.0042380 0.1602185 0.0715070 0.1422665 0.1600976 0.0000010 0.0017951 0.1156574 0.1530074 0.1060922 0.1179777 0.1503722 0.2343062 0.2367623 0.4345540 0.2769492 0.3022484 0.1451739 0.1643628 0.0694900 0.0655023 0.0679564 0.0955074 0.0617915 0.0674353 0.1179777 0.1385539 0.1385539 0.1356061 0.1561512 0.1167129 0.1157117 0.1204774 0.1204774 0.1217477 0.1206006 0.1274539 0.1274539 0.0996405 0.1076978 0.1076978 0.1064593 0.1155768 0.1096642 0.1155768 0.1155768 0.1155768 0.1079815 0.1075989 0.1094510 0.0988733 0.1364603 0.1368789 0.1416624 0.1354146 0.0000000 0.0000010 0.0000010 0.0011918 0.0011918 0.0011918 0.0288590 0.1532807 0.1463827 
HQ015384.1_Pyrosoma_godeauxi             0.0065855 0.1653162 0.0769594 0.1423467 0.1651931 0.0000010 0.0041413 0.1178892 0.1587312 0.1057350 0.1234474 0.1503760 0.2396118 0.2442430 0.4486414 0.2829123 0.3090959 0.1481526 0.1643628 0.0739652 0.0690646 0.0722442 0.1000390 0.0671807 0.0710326 0.1234474 0.1368814 0.1375351 0.1357815 0.1590437 0.1189418 0.1179553 0.1198266 0.1202242 0.1250112 0.1209386 0.1306427 0.1306427 0.0993267 0.1063528 0.1100359 0.1051580 0.1150875 0.1093169 0.1139774 0.1142648 0.1178084 0.1065587 0.1065224 0.1117635 0.0996409 0.1406533 0.1399725 0.1447031 0.1342211 0.0000010 0.0000000 0.0000010 0.0035353 0.0011779 0.0011751 0.0317650 0.1539633 0.1458963 
HQ015383.1_Pyrosomella_verticillata      0.0040905 0.1555284 0.0729227 0.1423467 0.1567412 0.0025260 0.0023312 0.1141548 0.1510856 0.1032066 0.1168645 0.1505914 0.2285226 0.2350092 0.4212791 0.2662091 0.2941453 0.1415833 0.1643628 0.0708697 0.0666346 0.0675127 0.0930436 0.0634378 0.0672923 0.1180879 0.1320047 0.1329530 0.1298643 0.1497043 0.1105854 0.1118540 0.1176309 0.1164062 0.1176059 0.1170781 0.1248347 0.1241305 0.0958748 0.1038723 0.1034100 0.1026453 0.1120035 0.1086990 0.1119993 0.1124648 0.1118447 0.1024776 0.1028910 0.1054031 0.0969226 0.1328179 0.1311875 0.1372592 0.1311008 0.0000010 0.0000010 0.0000000 0.0011379 0.0011398 0.0011577 0.0287358 0.1498371 0.1458963 
