68
HQ015392.1_Cyclosalpa_affinis            0.0000000 0.0095131 0.0952743 0.0100391 0.0947505 0.2757848 0.0412067 0.0011538 0.0713286 0.3028455 0.1196981 0.0387460 0.0963679 0.0394219 0.4290103 0.1003740 0.0923401 0.0410160 0.0092219 0.2562644 0.0380620 0.0376902 0.0380161 0.1765569 0.1604201 0.1147688 0.1658584 0.0718253 0.0983304 0.0362026 0.0661198 0.0674498 0.1011320 0.0658089 0.0095454 0.1030612 0.0311397 0.0384187 0.0668416 0.0399893 0.0950543 0.0383582 0.1178096 0.2787262 0.0318978 0.1185913 0.0095131 0.0986632 0.1282253 0.1683935 0.0330640 0.1077329 0.0387460 0.0773919 0.0147013 0.1027786 0.0959093 0.0910692 0.1152649 0.0992642 0.1214150 0.0950678 0.0375763 0.0384985 0.0378769 0.0958866 0.0106386 0.1144036 
HQ015396.1_Cyclosalpa_polae              0.0095131 0.0000000 0.1057349 0.0000010 0.0956310 0.2757135 0.0389575 0.0094898 0.0741410 0.3090859 0.1213088 0.0380774 0.1054112 0.0414090 0.4370966 0.0997846 0.0948207 0.0388490 0.0000010 0.2588120 0.0378978 0.0357837 0.0356896 0.1752604 0.1570678 0.1152750 0.1636176 0.0713989 0.1073199 0.0383849 0.0694349 0.0699802 0.0996314 0.0693340 0.0000010 0.1129247 0.0306859 0.0364115 0.0694349 0.0409077 0.1051562 0.0398948 0.1204778 0.2723013 0.0307024 0.1183080 0.0000010 0.1076196 0.1329590 0.1648428 0.0354256 0.1119213 0.0380774 0.0789666 0.0047817 0.0999846 0.0968042 0.0995956 0.1105546 0.1087789 0.1179050 0.1055008 0.0384738 0.0406792 0.0384738 0.0977495 0.0094907 0.1158213 
HQ015381.1_Pyrosoma_atlanticum           0.0952743 0.1057349 0.0000000 0.1055922 0.1362309 0.2447294 0.1137151 0.0976275 0.1245480 0.2784405 0.0700339 0.1063940 0.0000010 0.0911885 0.3945435 0.1443006 0.0305803 0.1130859 0.1022594 0.2173679 0.1005903 0.1083159 0.1094384 0.1342345 0.1324804 0.0696654 0.1407787 0.0945336 0.0011777 0.0909686 0.1203188 0.1226865 0.1454976 0.1180458 0.1061698 0.0058715 0.1006049 0.1093993 0.1211766 0.1084973 0.0000010 0.0920234 0.0644226 0.2296618 0.1017058 0.0603460 0.1054851 0.0011637 0.0885546 0.1429414 0.0847533 0.0698119 0.1063940 0.1395495 0.1116315 0.1411844 0.1304766 0.0018851 0.0744772 0.0011907 0.1260681 0.0011398 0.1068758 0.0924188 0.1087408 0.1292755 0.0986878 0.0677036 
HQ015394.1_Cyclosalpa_polae              0.0100391 0.0000010 0.1055922 0.0000000 0.0948099 0.2681874 0.0386120 0.0098634 0.0741410 0.3011128 0.1194377 0.0377720 0.1054112 0.0411702 0.4319654 0.0990116 0.0937509 0.0384993 0.0000010 0.2665733 0.0378978 0.0354619 0.0356718 0.1738755 0.1570678 0.1175930 0.1600150 0.0706993 0.1079013 0.0382766 0.0694489 0.0698664 0.0974500 0.0694815 0.0000010 0.1164067 0.0306055 0.0392311 0.0695805 0.0405340 0.1038277 0.0398548 0.1196521 0.2696254 0.0302935 0.1183080 0.0000010 0.1061275 0.1401464 0.1610503 0.0358144 0.1097446 0.0378049 0.0779325 0.0070847 0.0998131 0.0953008 0.0995956 0.1097060 0.1087789 0.1187946 0.1053604 0.0461526 0.0404881 0.0410907 0.0969307 0.0100156 0.1141631 
HQ015387.1_Pegea_confoederata            0.0947505 0.0956310 0.1362309 0.0948099 0.0000000 0.3086485 0.1096992 0.0952156 0.1273380 0.3305442 0.1383976 0.1027955 0.1366320 0.0942328 0.4667215 0.1278817 0.1111231 0.1093436 0.0921268 0.2692446 0.1057756 0.0972091 0.0978754 0.1993465 0.1845264 0.1328323 0.1849716 0.0850805 0.1398377 0.0882754 0.1192397 0.1231076 0.1284340 0.1214704 0.0962475 0.1438185 0.1012895 0.0971163 0.1219398 0.1029316 0.1338140 0.0929062 0.1415446 0.2932282 0.1008489 0.1522234 0.0959249 0.1371474 0.1522941 0.1862808 0.0826481 0.1352751 0.1034618 0.1187226 0.0991841 0.1246230 0.0034143 0.1213922 0.1386366 0.1404153 0.1286861 0.1359191 0.0997693 0.0951562 0.1004412 0.0100756 0.0913714 0.1310647 
M97571.1_Branchiostoma_floridae          0.2757848 0.2757135 0.2447294 0.2681874 0.3086485 0.0000000 0.2886853 0.2711702 0.3360604 0.3615337 0.2111586 0.2721856 0.2492259 0.2617266 0.4190993 0.2969772 0.2307764 0.2875329 0.2664585 0.2746789 0.2758533 0.2763598 0.2800583 0.2422942 0.2735769 0.2190524 0.2820374 0.2399765 0.2544307 0.2444439 0.3027352 0.3244673 0.2984125 0.3114435 0.2767585 0.2545254 0.2631225 0.2728388 0.3100796 0.2880799 0.2407172 0.2513477 0.2266606 0.2085977 0.2694344 0.2053261 0.2739538 0.2498706 0.2228622 0.2846226 0.2261819 0.2101674 0.2772061 0.2934801 0.2818462 0.3152875 0.2998511 0.2328846 0.2297820 0.2537848 0.2868400 0.2441003 0.2649520 0.2601324 0.2694678 0.3020634 0.2636343 0.2194439 
HQ015404.1_Brooksia_rostrata             0.0412067 0.0389575 0.1137151 0.0386120 0.1096992 0.2886853 0.0000000 0.0420659 0.0673070 0.3036433 0.1357888 0.0148636 0.1133589 0.0441075 0.4234063 0.1033064 0.1011273 0.0000010 0.0361621 0.2612182 0.0288427 0.0329740 0.0328880 0.1816650 0.1684348 0.1248210 0.1709853 0.0827675 0.1156560 0.0344965 0.0625474 0.0632324 0.1027592 0.0629432 0.0390687 0.1194099 0.0263407 0.0333024 0.0630965 0.0346089 0.1118310 0.0385881 0.1305302 0.2767522 0.0258137 0.1232036 0.0392637 0.1144623 0.1342753 0.1722284 0.0325040 0.1233939 0.0149654 0.0800334 0.0419088 0.0985710 0.1088065 0.1054223 0.1230407 0.1156825 0.1280495 0.1134583 0.0319001 0.0397078 0.0319001 0.1090324 0.0366186 0.1197978 
HQ015391.1_Cyclosalpa_affinis            0.0011538 0.0094898 0.0976275 0.0098634 0.0952156 0.2711702 0.0420659 0.0000000 0.0713286 0.2985917 0.1167999 0.0400288 0.0979478 0.0406692 0.4265713 0.0993792 0.0902406 0.0419427 0.0092219 0.2500414 0.0398743 0.0390276 0.0392609 0.1737344 0.1584543 0.1158802 0.1622493 0.0709149 0.1002856 0.0376579 0.0665032 0.0671493 0.0988938 0.0664756 0.0095406 0.1033842 0.0324553 0.0389995 0.0673181 0.0413428 0.0960268 0.0389392 0.1157889 0.2746763 0.0329875 0.1155172 0.0095131 0.0987100 0.1260942 0.1633502 0.0344155 0.1051623 0.0399107 0.0760918 0.0144343 0.1031813 0.0956561 0.0928451 0.1119919 0.1009776 0.1178035 0.0974161 0.0394805 0.0405182 0.0384689 0.0961874 0.0123993 0.1115725 
D14366.1_Thalia_democratica              0.0713286 0.0741410 0.1245480 0.0741410 0.1273380 0.3360604 0.0673070 0.0713286 0.0000000 0.3024716 0.1504665 0.0606881 0.1244357 0.0675622 0.4557241 0.1133198 0.1211638 0.0673070 0.0702634 0.2807419 0.0695683 0.0706173 0.0706173 0.2071264 0.1775280 0.1374440 0.1898250 0.0997896 0.1244563 0.0574581 0.0048368 0.0030133 0.1131365 0.0030245 0.0741410 0.1341531 0.0644211 0.0715163 0.0048368 0.0742070 0.1244357 0.0625837 0.1449244 0.3002412 0.0636497 0.1328122 0.0744633 0.1258769 0.1673116 0.1909974 0.0539739 0.1432208 0.0606881 0.0405643 0.0783419 0.1087161 0.1252941 0.1183088 0.1412234 0.1242419 0.1322741 0.1244563 0.0704851 0.0625837 0.0704851 0.1210010 0.0695013 0.1349653 
AB013014.1_Oikopleura_dioica             0.3028455 0.3090859 0.2784405 0.3011128 0.3305442 0.3615337 0.3036433 0.2985917 0.3024716 0.0000000 0.2687262 0.2899292 0.2817954 0.2938628 0.7663283 0.3112249 0.2634679 0.3024178 0.2950577 0.3464765 0.2694697 0.3007315 0.3040626 0.2917300 0.3323696 0.2700882 0.3419870 0.2777049 0.2867470 0.2674753 0.2829174 0.3000795 0.3105693 0.2919124 0.3116855 0.2877864 0.2847966 0.2986098 0.2870857 0.3063678 0.2739652 0.2885296 0.2654369 0.3798414 0.2861205 0.2358874 0.3067634 0.2817944 0.2778391 0.3472579 0.2581152 0.2575291 0.2939143 0.3079280 0.3135316 0.3056781 0.3291395 0.2469963 0.2832955 0.2848983 0.2941658 0.2776903 0.2904098 0.2964771 0.2915575 0.3291529 0.2968954 0.2743792 
AB075543.1_Megalodicopia_hians           0.1196981 0.1213088 0.0700339 0.1194377 0.1383976 0.2111586 0.1357888 0.1167999 0.1504665 0.2687262 0.0000000 0.1293965 0.0711730 0.1245174 0.3937542 0.1445102 0.0574045 0.1353311 0.1179628 0.1806923 0.1193920 0.1293047 0.1302496 0.1057955 0.1380056 0.0530915 0.1434256 0.1032140 0.0704945 0.1181679 0.1451813 0.1514637 0.1437431 0.1467544 0.1221274 0.0749712 0.1220527 0.1284809 0.1473429 0.1314979 0.0689885 0.1179396 0.0410177 0.2214560 0.1252163 0.0314563 0.1206606 0.0720543 0.0676698 0.1431057 0.1086579 0.0151656 0.1314852 0.1568630 0.1278515 0.1570938 0.1321007 0.0588533 0.0604908 0.0689027 0.1288783 0.0683574 0.1306653 0.1220012 0.1332835 0.1340487 0.1184054 0.0455983 
KR057223.1_Brooksia_lacromae             0.0387460 0.0380774 0.1063940 0.0377720 0.1027955 0.2721856 0.0148636 0.0400288 0.0606881 0.2899292 0.1293965 0.0000000 0.1067972 0.0346895 0.4223941 0.1002035 0.0980749 0.0148219 0.0368139 0.2480897 0.0225947 0.0248612 0.0249241 0.1752347 0.1639669 0.1266990 0.1645051 0.0759207 0.1093278 0.0277474 0.0563038 0.0568059 0.1001978 0.0560497 0.0382919 0.1124414 0.0178482 0.0256155 0.0562557 0.0296179 0.1046009 0.0311847 0.1240880 0.2619113 0.0167961 0.1165240 0.0381771 0.1075081 0.1284952 0.1691666 0.0260890 0.1183610 0.0000010 0.0709390 0.0407352 0.0928991 0.1023180 0.1009736 0.1173437 0.1102452 0.1241908 0.1061585 0.0242412 0.0319117 0.0262942 0.1002796 0.0329283 0.1203226 
HQ015380.1_Pyrosomella_verticillata      0.0963679 0.1054112 0.0000010 0.1054112 0.1366320 0.2492259 0.1133589 0.0979478 0.1244357 0.2817954 0.0711730 0.1067972 0.0000000 0.0926005 0.3960336 0.1457456 0.0305014 0.1129870 0.1022594 0.2201663 0.1005903 0.1092460 0.1091675 0.1346979 0.1324804 0.0694683 0.1414598 0.0952425 0.0011749 0.0912671 0.1226371 0.1222924 0.1454976 0.1207060 0.1058435 0.0058927 0.1024949 0.1102618 0.1226371 0.1096964 0.0000010 0.0926395 0.0642429 0.2261841 0.1015915 0.0603460 0.1061356 0.0011615 0.0900630 0.1425818 0.0859417 0.0691977 0.1067972 0.1410613 0.1112814 0.1407065 0.1322860 0.0018851 0.0738657 0.0011907 0.1269469 0.0011574 0.1089142 0.0926395 0.1089142 0.1297886 0.1005175 0.0675112 
HQ015399.1_Iasis_cylindrica              0.0394219 0.0414090 0.0911885 0.0411702 0.0942328 0.2617266 0.0441075 0.0406692 0.0675622 0.2938628 0.1245174 0.0346895 0.0926005 0.0000000 0.4445116 0.1064989 0.0934031 0.0439019 0.0393124 0.2549172 0.0410775 0.0406705 0.0407772 0.1718394 0.1558854 0.1140234 0.1647512 0.0754769 0.0942446 0.0064227 0.0619888 0.0634778 0.1067332 0.0616365 0.0416467 0.0999847 0.0347550 0.0413035 0.0619888 0.0441921 0.0917673 0.0058788 0.1189284 0.2680234 0.0340829 0.1068325 0.0407444 0.0946217 0.1275685 0.1670942 0.0048283 0.1158372 0.0346895 0.0768612 0.0434693 0.0940553 0.0933662 0.0885282 0.1131826 0.0942708 0.1291960 0.0920600 0.0404744 0.0064933 0.0405487 0.0898504 0.0375168 0.1112182 
M97574.1_Myxine_glutinosa                0.4290103 0.4370966 0.3945435 0.4319654 0.4667215 0.4190993 0.4234063 0.4265713 0.4557241 0.7663283 0.3937542 0.4223941 0.3960336 0.4445116 0.0000000 0.4942198 0.3707021 0.4214562 0.4361984 0.5305738 0.4451850 0.4415604 0.4436058 0.4223279 0.4397910 0.3883675 0.4406527 0.4034963 0.4095819 0.4270498 0.4291382 0.4509923 0.4865744 0.4345127 0.4354264 0.4120159 0.4139409 0.4391553 0.4392518 0.4554392 0.3912587 0.4188220 0.4013910 0.3294861 0.4263979 0.4071197 0.4397403 0.3989512 0.4086072 0.4368521 0.4042939 0.3989982 0.4317785 0.4327043 0.4420982 0.5002588 0.4638904 0.3958595 0.3989297 0.4040394 0.4489607 0.3933376 0.4338884 0.4247282 0.4349914 0.4872444 0.4264851 0.3755628 
HQ015378.1_Ihlea_racovitzai              0.1003740 0.0997846 0.1443006 0.0990116 0.1278817 0.2969772 0.1033064 0.0993792 0.1133198 0.3112249 0.1445102 0.1002035 0.1457456 0.1064989 0.4942198 0.0000000 0.1240425 0.1027550 0.0934901 0.2775546 0.0993946 0.0953357 0.0959931 0.2087291 0.1853204 0.1352813 0.1870769 0.1083659 0.1480190 0.0983671 0.1091774 0.1114379 0.0000010 0.1091413 0.1004290 0.1492489 0.1029658 0.0953918 0.1099452 0.1032715 0.1423562 0.1041304 0.1425742 0.3043045 0.1034450 0.1443745 0.1000923 0.1472967 0.1618765 0.1898530 0.0908851 0.1340896 0.1007311 0.1102194 0.1089396 0.0702265 0.1306779 0.1278285 0.1414550 0.1472943 0.1464451 0.1439625 0.0971587 0.1065097 0.0978797 0.1375297 0.1028393 0.1405654 
HQ015379.1_Pyrostremma_spinosum          0.0923401 0.0948207 0.0305803 0.0937509 0.1111231 0.2307764 0.1011273 0.0902406 0.1211638 0.2634679 0.0574045 0.0980749 0.0305014 0.0934031 0.3707021 0.1240425 0.0000000 0.1013383 0.0952181 0.1971761 0.0934100 0.1071377 0.1067983 0.1231004 0.1267486 0.0562380 0.1340494 0.0759711 0.0314208 0.0927342 0.1184553 0.1185576 0.1232726 0.1181306 0.0950489 0.0359050 0.0937616 0.1066181 0.1197719 0.1085016 0.0301544 0.0895553 0.0518513 0.2119320 0.0935256 0.0623812 0.0956950 0.0316491 0.0685605 0.1340755 0.0855673 0.0533297 0.0990321 0.1349699 0.0986932 0.1221795 0.1072600 0.0221553 0.0659148 0.0306972 0.1037514 0.0305212 0.1053173 0.0916918 0.1053173 0.1113929 0.0916452 0.0505823 
HQ015403.1_Brooksia_rostrata             0.0410160 0.0388490 0.1130859 0.0384993 0.1093436 0.2875329 0.0000010 0.0419427 0.0673070 0.3024178 0.1353311 0.0148219 0.1129870 0.0439019 0.4214562 0.1027550 0.1013383 0.0000000 0.0361621 0.2613567 0.0288427 0.0328234 0.0327808 0.1810131 0.1684348 0.1250974 0.1703868 0.0823483 0.1156560 0.0343252 0.0623579 0.0632324 0.1024235 0.0626356 0.0390687 0.1190075 0.0262654 0.0332054 0.0627908 0.0344491 0.1114586 0.0384756 0.1305302 0.2756649 0.0256992 0.1232036 0.0390819 0.1142594 0.1338124 0.1719191 0.0323517 0.1229794 0.0149005 0.0797845 0.0419795 0.0985710 0.1084539 0.1054223 0.1226260 0.1156825 0.1276251 0.1128318 0.0318075 0.0395248 0.0318075 0.1084502 0.0364522 0.1200604 
HQ015397.1_Cyclosalpa_quadriluminis      0.0092219 0.0000010 0.1022594 0.0000010 0.0921268 0.2664585 0.0361621 0.0092219 0.0702634 0.2950577 0.1179628 0.0368139 0.1022594 0.0393124 0.4361984 0.0934901 0.0952181 0.0361621 0.0000000 0.2560982 0.0337790 0.0327979 0.0327979 0.1762659 0.1570678 0.1104835 0.1550429 0.0669197 0.1028398 0.0388910 0.0668103 0.0663928 0.0933434 0.0661985 0.0000010 0.1102280 0.0291760 0.0335340 0.0668103 0.0378578 0.1022594 0.0385499 0.1151161 0.2695327 0.0291922 0.1183080 0.0000010 0.1046849 0.1334334 0.1561264 0.0358865 0.1085695 0.0368139 0.0743848 0.0049023 0.0947272 0.0933162 0.0999078 0.1099522 0.1031609 0.1144198 0.1022750 0.0349227 0.0385499 0.0349227 0.0942798 0.0098455 0.1100802 
L12426.2_Molgula_manhattensis            0.2562644 0.2588120 0.2173679 0.2665733 0.2692446 0.2746789 0.2612182 0.2500414 0.2807419 0.3464765 0.1806923 0.2480897 0.2201663 0.2549172 0.5305738 0.2775546 0.1971761 0.2613567 0.2560982 0.0000000 0.2362512 0.2548310 0.2550420 0.1451781 0.2542517 0.1913338 0.2631081 0.2067233 0.2228285 0.2514220 0.2694515 0.2811643 0.2752152 0.2740609 0.2597067 0.2469044 0.2563322 0.2653146 0.2760017 0.2570348 0.2130581 0.2637033 0.1906338 0.2907675 0.2630846 0.1626567 0.2618800 0.2199851 0.1898141 0.2620751 0.2326079 0.1842425 0.2539681 0.2845989 0.2650740 0.2763361 0.2631937 0.2114266 0.1926150 0.2219372 0.2454568 0.2168313 0.2669702 0.2543630 0.2556217 0.2577234 0.2539746 0.1854788 
MZ333593.1_Salpa_younti                  0.0380620 0.0378978 0.1005903 0.0378978 0.1057756 0.2758533 0.0288427 0.0398743 0.0695683 0.2694697 0.1193920 0.0225947 0.1005903 0.0410775 0.4451850 0.0993946 0.0934100 0.0288427 0.0337790 0.2362512 0.0000000 0.0047454 0.0047454 0.1533375 0.1577898 0.1180997 0.1707120 0.0911728 0.1006104 0.0330896 0.0696602 0.0697371 0.0991881 0.0698651 0.0378978 0.1096801 0.0233924 0.0047454 0.0696602 0.0095854 0.1005903 0.0381013 0.1123285 0.2316845 0.0225215 0.1108244 0.0378978 0.1022584 0.1094805 0.1707120 0.0296262 0.1127139 0.0225947 0.0870126 0.0397881 0.0997687 0.1059030 0.0852223 0.1062281 0.0996867 0.1319321 0.1006104 0.0047438 0.0381013 0.0047438 0.1047513 0.0303849 0.1185569 
HQ015408.1_Salpa_maxima                  0.0376902 0.0357837 0.1083159 0.0354619 0.0972091 0.2763598 0.0329740 0.0390276 0.0706173 0.3007315 0.1293047 0.0248612 0.1092460 0.0406705 0.4415604 0.0953357 0.1071377 0.0328234 0.0327979 0.2548310 0.0047454 0.0000000 0.0000010 0.1832379 0.1648140 0.1234944 0.1669341 0.0782309 0.1115526 0.0330912 0.0663453 0.0674981 0.0959110 0.0660311 0.0359119 0.1174004 0.0261118 0.0005779 0.0663453 0.0088798 0.1080572 0.0368762 0.1290881 0.2802261 0.0254604 0.1149598 0.0357835 0.1117381 0.1397167 0.1694701 0.0302787 0.1197791 0.0248612 0.0759119 0.0377489 0.1045526 0.0971259 0.1008676 0.1182957 0.1117205 0.1224389 0.1080736 0.0082304 0.0370102 0.0082699 0.0950449 0.0332449 0.1257525 
HQ015409.1_Salpa_fusiformis              0.0380161 0.0356896 0.1094384 0.0356718 0.0978754 0.2800583 0.0328880 0.0392609 0.0706173 0.3040626 0.1302496 0.0249241 0.1091675 0.0407772 0.4436058 0.0959931 0.1067983 0.0327808 0.0327979 0.2550420 0.0047454 0.0000010 0.0000000 0.1831259 0.1648140 0.1230865 0.1688680 0.0787411 0.1111898 0.0331660 0.0667667 0.0673036 0.0958454 0.0666426 0.0358920 0.1178799 0.0262639 0.0005820 0.0667667 0.0089512 0.1088267 0.0370671 0.1286567 0.2785055 0.0256085 0.1149598 0.0359516 0.1113791 0.1407797 0.1701104 0.0305431 0.1206468 0.0249241 0.0764066 0.0376478 0.1042241 0.0977910 0.1008676 0.1175829 0.1117205 0.1232058 0.1091912 0.0082759 0.0378363 0.0082759 0.0953296 0.0334398 0.1253379 
AY903925.1_Halocynthia_igaboja           0.1765569 0.1752604 0.1342345 0.1738755 0.1993465 0.2422942 0.1816650 0.1737344 0.2071264 0.2917300 0.1057955 0.1752347 0.1346979 0.1718394 0.4223279 0.2087291 0.1231004 0.1810131 0.1762659 0.1451781 0.1533375 0.1832379 0.1831259 0.0000000 0.2061451 0.1143810 0.2124274 0.1564797 0.1387083 0.1668039 0.2011219 0.2064876 0.2079173 0.2020127 0.1765500 0.1447702 0.1710018 0.1817998 0.2042528 0.1803170 0.1318914 0.1660683 0.1162965 0.2346649 0.1732665 0.0899494 0.1761635 0.1352207 0.1286575 0.2141394 0.1565125 0.1098952 0.1784760 0.2067756 0.1836962 0.2050681 0.1926423 0.1262615 0.1263143 0.1392514 0.1890334 0.1358640 0.1807205 0.1704682 0.1824468 0.1958315 0.1708436 0.1147561 
HQ015376.1_Doliolum_denticulatum         0.1604201 0.1570678 0.1324804 0.1570678 0.1845264 0.2735769 0.1684348 0.1584543 0.1775280 0.3323696 0.1380056 0.1639669 0.1324804 0.1558854 0.4397910 0.1853204 0.1267486 0.1684348 0.1570678 0.2542517 0.1577898 0.1648140 0.1648140 0.2061451 0.0000000 0.1390922 0.0000010 0.1527214 0.1325027 0.1577840 0.1716347 0.1749201 0.1849814 0.1752238 0.1570678 0.1400217 0.1624331 0.1662116 0.1716347 0.1738808 0.1324804 0.1563058 0.1362067 0.3032830 0.1613297 0.1361285 0.1570678 0.1339753 0.1537204 0.0000010 0.1464357 0.1312110 0.1639669 0.1857282 0.1626156 0.1972437 0.1816750 0.1293700 0.1320622 0.1329282 0.1823200 0.1325027 0.1641724 0.1563058 0.1641724 0.1790394 0.1571180 0.1338412 
FM244840.1_Clavelina_meridionalis        0.1147688 0.1152750 0.0696654 0.1175930 0.1328323 0.2190524 0.1248210 0.1158802 0.1374440 0.2700882 0.0530915 0.1266990 0.0694683 0.1140234 0.3883675 0.1352813 0.0562380 0.1250974 0.1104835 0.1913338 0.1180997 0.1234944 0.1230865 0.1143810 0.1390922 0.0000000 0.1495927 0.0955034 0.0683649 0.1154108 0.1375302 0.1353939 0.1382836 0.1369927 0.1155656 0.0774343 0.1215074 0.1265553 0.1385759 0.1245931 0.0685897 0.1180305 0.0453276 0.2152147 0.1176738 0.0478964 0.1152504 0.0694574 0.0720580 0.1493857 0.1054755 0.0450750 0.1241345 0.1405756 0.1219235 0.1424162 0.1282805 0.0554118 0.0633218 0.0666135 0.1150812 0.0679320 0.1253305 0.1170124 0.1264016 0.1304412 0.1130632 0.0170897 
AB013012.1_Doliolum_nationalis           0.1658584 0.1636176 0.1407787 0.1600150 0.1849716 0.2820374 0.1709853 0.1622493 0.1898250 0.3419870 0.1434256 0.1645051 0.1414598 0.1647512 0.4406527 0.1870769 0.1340494 0.1703868 0.1550429 0.2631081 0.1707120 0.1669341 0.1688680 0.2124274 0.0000010 0.1495927 0.0000000 0.1608460 0.1458190 0.1527350 0.1767450 0.1869016 0.1864941 0.1822414 0.1635605 0.1485665 0.1653541 0.1673572 0.1784256 0.1766360 0.1393733 0.1622896 0.1447638 0.3090736 0.1657184 0.1361285 0.1629745 0.1430243 0.1598162 0.0005687 0.1410776 0.1356519 0.1689577 0.1916696 0.1738160 0.2105445 0.1815120 0.1284656 0.1381443 0.1444334 0.1881552 0.1404598 0.1685179 0.1642414 0.1721411 0.1819444 0.1623015 0.1414750 
HQ015390.1_Thetys_vagina                 0.0718253 0.0713989 0.0945336 0.0706993 0.0850805 0.2399765 0.0827675 0.0709149 0.0997896 0.2777049 0.1032140 0.0759207 0.0952425 0.0754769 0.4034963 0.1083659 0.0759711 0.0823483 0.0669197 0.2067233 0.0911728 0.0782309 0.0787411 0.1564797 0.1527214 0.0955034 0.1608460 0.0000000 0.0969230 0.0629457 0.0937368 0.0956982 0.1090223 0.0937841 0.0718348 0.1017662 0.0776005 0.0789091 0.0937368 0.0838538 0.0940333 0.0732311 0.0963846 0.2381921 0.0768059 0.0935780 0.0716045 0.0972670 0.1127654 0.1632669 0.0608561 0.0954256 0.0759207 0.0949235 0.0742921 0.0932770 0.0853559 0.0790530 0.1075893 0.0961893 0.0561091 0.0943304 0.0806288 0.0745053 0.0810897 0.0875014 0.0679702 0.0908473 
HQ015384.1_Pyrosoma_godeauxi             0.0983304 0.1073199 0.0011777 0.1079013 0.1398377 0.2544307 0.1156560 0.1002856 0.1244563 0.2867470 0.0704945 0.1093278 0.0011749 0.0942446 0.4095819 0.1480190 0.0314208 0.1156560 0.1028398 0.2228285 0.1006104 0.1115526 0.1111898 0.1387083 0.1325027 0.0683649 0.1458190 0.0969230 0.0000000 0.0931448 0.1244467 0.1218760 0.1489303 0.1232889 0.1075852 0.0053566 0.1049465 0.1128978 0.1249317 0.1120655 0.0017564 0.0948771 0.0638713 0.2332360 0.1040929 0.0577276 0.1083397 0.0023496 0.0904670 0.1468393 0.0877164 0.0693277 0.1085535 0.1443877 0.1118597 0.1405949 0.1353929 0.0000010 0.0740557 0.0000010 0.1298482 0.0000010 0.1115135 0.0954368 0.1115135 0.1320246 0.1023193 0.0649552 
FM244866.1_Iasis_cylindrica              0.0362026 0.0383849 0.0909686 0.0382766 0.0882754 0.2444439 0.0344965 0.0376579 0.0574581 0.2674753 0.1181679 0.0277474 0.0912671 0.0064227 0.4270498 0.0983671 0.0927342 0.0343252 0.0388910 0.2514220 0.0330896 0.0330912 0.0331660 0.1668039 0.1577840 0.1154108 0.1527350 0.0629457 0.0931448 0.0000000 0.0516019 0.0526654 0.0982036 0.0516880 0.0385347 0.0976400 0.0292658 0.0338655 0.0516019 0.0374616 0.0909686 0.0012678 0.1139312 0.2617646 0.0285490 0.1088643 0.0382766 0.0937112 0.1310847 0.1544215 0.0012678 0.1100278 0.0277474 0.0613595 0.0405012 0.0894172 0.0873555 0.0923865 0.1147011 0.0934514 0.1198833 0.0909826 0.0322672 0.0012678 0.0322672 0.0836375 0.0336020 0.1086872 
HQ015415.1_Thalia_democratica            0.0661198 0.0694349 0.1203188 0.0694489 0.1192397 0.3027352 0.0625474 0.0665032 0.0048368 0.2829174 0.1451813 0.0563038 0.1226371 0.0619888 0.4291382 0.1091774 0.1184553 0.0623579 0.0668103 0.2694515 0.0696602 0.0663453 0.0667667 0.2011219 0.1716347 0.1375302 0.1767450 0.0937368 0.1244467 0.0516019 0.0000000 0.0017757 0.1100849 0.0017344 0.0698515 0.1299122 0.0590377 0.0669062 0.0005730 0.0698411 0.1183655 0.0563109 0.1445042 0.2892597 0.0594164 0.1323276 0.0696313 0.1233516 0.1578170 0.1792354 0.0480583 0.1403167 0.0561681 0.0356712 0.0744631 0.1076655 0.1160380 0.1196774 0.1350661 0.1257441 0.1236147 0.1200514 0.0645276 0.0573697 0.0663122 0.1146120 0.0637869 0.1359863 
AB859889.1_Thalia_longicauda             0.0674498 0.0699802 0.1226865 0.0698664 0.1231076 0.3244673 0.0632324 0.0671493 0.0030133 0.3000795 0.1514637 0.0568059 0.1222924 0.0634778 0.4509923 0.1114379 0.1185576 0.0632324 0.0663928 0.2811643 0.0697371 0.0674981 0.0673036 0.2064876 0.1749201 0.1353939 0.1869016 0.0956982 0.1218760 0.0526654 0.0017757 0.0000000 0.1112606 0.0000010 0.0701379 0.1313932 0.0604537 0.0680670 0.0017783 0.0711051 0.1217660 0.0576813 0.1440430 0.2953764 0.0597016 0.1305806 0.0705804 0.1231719 0.1642009 0.1880527 0.0495277 0.1448855 0.0568059 0.0377334 0.0739514 0.1079180 0.1211182 0.1163899 0.1385651 0.1228469 0.1270309 0.1224035 0.0670714 0.0586671 0.0670714 0.1169443 0.0654882 0.1329628 
FM244865.1_Ihlea_racovitzai              0.1011320 0.0996314 0.1454976 0.0974500 0.1284340 0.2984125 0.1027592 0.0988938 0.1131365 0.3105693 0.1437431 0.1001978 0.1454976 0.1067332 0.4865744 0.0000010 0.1232726 0.1024235 0.0933434 0.2752152 0.0991881 0.0959110 0.0958454 0.2079173 0.1849814 0.1382836 0.1864941 0.1090223 0.1489303 0.0982036 0.1100849 0.1112606 0.0000000 0.1099788 0.1002739 0.1490091 0.1024631 0.0947898 0.1107830 0.1039062 0.1428224 0.1033771 0.1422082 0.2968362 0.1030983 0.1439532 0.1002407 0.1459514 0.1621395 0.1868182 0.0915742 0.1333867 0.1009502 0.1101370 0.1073907 0.0701241 0.1305752 0.1276005 0.1399381 0.1470350 0.1453152 0.1451540 0.0976073 0.1066012 0.0966880 0.1378496 0.1036105 0.1393225 
HQ015413.1_Thalia_democratica            0.0658089 0.0693340 0.1180458 0.0694815 0.1214704 0.3114435 0.0629432 0.0664756 0.0030245 0.2919124 0.1467544 0.0560497 0.1207060 0.0616365 0.4345127 0.1091413 0.1181306 0.0626356 0.0661985 0.2740609 0.0698651 0.0660311 0.0666426 0.2020127 0.1752238 0.1369927 0.1822414 0.0937841 0.1232889 0.0516880 0.0017344 0.0000010 0.1099788 0.0000000 0.0695975 0.1291692 0.0588634 0.0668865 0.0023143 0.0692506 0.1180458 0.0567573 0.1438647 0.2911502 0.0594315 0.1309434 0.0690427 0.1233337 0.1590135 0.1849903 0.0481331 0.1429211 0.0560497 0.0370489 0.0746035 0.1080300 0.1180988 0.1168788 0.1375005 0.1230445 0.1246569 0.1180642 0.0652581 0.0569748 0.0662802 0.1151332 0.0636426 0.1363251 
HQ015395.1_Cyclosalpa_sewelli            0.0095454 0.0000010 0.1061698 0.0000010 0.0962475 0.2767585 0.0390687 0.0095406 0.0741410 0.3116855 0.1221274 0.0382919 0.1058435 0.0416467 0.4354264 0.1004290 0.0950489 0.0390687 0.0000010 0.2597067 0.0378978 0.0359119 0.0358920 0.1765500 0.1570678 0.1155656 0.1635605 0.0718348 0.1075852 0.0385347 0.0698515 0.0701379 0.1002739 0.0695975 0.0000000 0.1136762 0.0308572 0.0366184 0.0698515 0.0410561 0.1058435 0.0401227 0.1207818 0.2721075 0.0308740 0.1183080 0.0000010 0.1083286 0.1338698 0.1647912 0.0355559 0.1126717 0.0382919 0.0794549 0.0047911 0.1002263 0.0974309 0.0995956 0.1112922 0.1087789 0.1186835 0.1059339 0.0386929 0.0401227 0.0386929 0.0983834 0.0095414 0.1161126 
AB013011.1_Pyrosoma_atlanticum           0.1030612 0.1129247 0.0058715 0.1164067 0.1438185 0.2545254 0.1194099 0.1033842 0.1341531 0.2877864 0.0749712 0.1124414 0.0058927 0.0999847 0.4120159 0.1492489 0.0359050 0.1190075 0.1102280 0.2469044 0.1096801 0.1174004 0.1178799 0.1447702 0.1400217 0.0774343 0.1485665 0.1017662 0.0053566 0.0976400 0.1299122 0.1313932 0.1490091 0.1291692 0.1136762 0.0000000 0.1080623 0.1257001 0.1307649 0.1179403 0.0057964 0.1055287 0.0691681 0.2364166 0.1075638 0.0638229 0.1132854 0.0070294 0.1057010 0.1488622 0.0935240 0.0740533 0.1143943 0.1435877 0.1209920 0.1461724 0.1385809 0.0057560 0.0794105 0.0048457 0.1364260 0.0046764 0.1268792 0.1013338 0.1202807 0.1381783 0.1079969 0.0711879 
HQ015411.1_Ritteriella_retracta          0.0311397 0.0306859 0.1006049 0.0306055 0.1012895 0.2631225 0.0263407 0.0324553 0.0644211 0.2847966 0.1220527 0.0178482 0.1024949 0.0347550 0.4139409 0.1029658 0.0937616 0.0262654 0.0291760 0.2563322 0.0233924 0.0261118 0.0262639 0.1710018 0.1624331 0.1215074 0.1653541 0.0776005 0.1049465 0.0292658 0.0590377 0.0604537 0.1024631 0.0588634 0.0308572 0.1080623 0.0000000 0.0263100 0.0597426 0.0308861 0.0989390 0.0332532 0.1209742 0.2666612 0.0005749 0.1139174 0.0307652 0.1032356 0.1290241 0.1664716 0.0273391 0.1125129 0.0174542 0.0698537 0.0333551 0.0997139 0.0994989 0.0954310 0.1148661 0.1057587 0.1262689 0.1003854 0.0260065 0.0346481 0.0257175 0.1003011 0.0267406 0.1170069 
HQ015407.1_Salpa_maxima                  0.0384187 0.0364115 0.1093993 0.0392311 0.0971163 0.2728388 0.0333024 0.0389995 0.0715163 0.2986098 0.1284809 0.0256155 0.1102618 0.0413035 0.4391553 0.0953918 0.1066181 0.0332054 0.0335340 0.2653146 0.0047454 0.0005779 0.0005820 0.1817998 0.1662116 0.1265553 0.1673572 0.0789091 0.1128978 0.0338655 0.0669062 0.0680670 0.0947898 0.0668865 0.0366184 0.1257001 0.0263100 0.0000000 0.0670077 0.0094922 0.1075286 0.0427359 0.1289441 0.2778322 0.0259747 0.1149598 0.0365076 0.1109591 0.1496159 0.1676282 0.0309959 0.1182977 0.0254368 0.0755190 0.0396798 0.1051032 0.0963883 0.1020130 0.1177474 0.1128646 0.1260660 0.1091541 0.0158117 0.0384066 0.0110879 0.0955941 0.0338616 0.1246649 
HQ015414.1_Thalia_democratica            0.0668416 0.0694349 0.1211766 0.0695805 0.1219398 0.3100796 0.0630965 0.0673181 0.0048368 0.2870857 0.1473429 0.0562557 0.1226371 0.0619888 0.4392518 0.1099452 0.1197719 0.0627908 0.0668103 0.2760017 0.0696602 0.0663453 0.0667667 0.2042528 0.1716347 0.1385759 0.1784256 0.0937368 0.1249317 0.0516019 0.0005730 0.0017783 0.1107830 0.0023143 0.0698515 0.1307649 0.0597426 0.0670077 0.0000000 0.0698411 0.1205075 0.0562864 0.1454102 0.2918096 0.0596099 0.1323276 0.0696313 0.1249563 0.1613801 0.1811087 0.0487628 0.1423953 0.0562557 0.0360967 0.0746610 0.1078524 0.1185977 0.1196774 0.1372541 0.1257441 0.1245132 0.1209073 0.0661128 0.0573697 0.0664067 0.1148098 0.0644964 0.1379062 
HQ015405.1_Salpa_aspera                  0.0399893 0.0409077 0.1084973 0.0405340 0.1029316 0.2880799 0.0346089 0.0413428 0.0742070 0.3063678 0.1314979 0.0296179 0.1096964 0.0441921 0.4554392 0.1032715 0.1085016 0.0344491 0.0378578 0.2570348 0.0095854 0.0088798 0.0089512 0.1803170 0.1738808 0.1245931 0.1766360 0.0838538 0.1120655 0.0374616 0.0698411 0.0711051 0.1039062 0.0692506 0.0410561 0.1179403 0.0308861 0.0094922 0.0698411 0.0000000 0.1084973 0.0410853 0.1280147 0.2927569 0.0302201 0.1087338 0.0407458 0.1122041 0.1386777 0.1793177 0.0343466 0.1208385 0.0296179 0.0821363 0.0430004 0.1091479 0.1028400 0.1008355 0.1218422 0.1116916 0.1236023 0.1085536 0.0112993 0.0412362 0.0113540 0.1007293 0.0355057 0.1250538 
HQ015382.1_Pyrosomella_verticillata      0.0950543 0.1051562 0.0000010 0.1038277 0.1338140 0.2407172 0.1118310 0.0960268 0.1244357 0.2739652 0.0689885 0.1046009 0.0000010 0.0917673 0.3912587 0.1423562 0.0301544 0.1114586 0.1022594 0.2130581 0.1005903 0.1080572 0.1088267 0.1318914 0.1324804 0.0685897 0.1393733 0.0940333 0.0017564 0.0909686 0.1183655 0.1217660 0.1428224 0.1180458 0.1058435 0.0057964 0.0989390 0.1075286 0.1205075 0.1084973 0.0000000 0.0905194 0.0637224 0.2281085 0.1006909 0.0603460 0.1054851 0.0011495 0.0871635 0.1414889 0.0847533 0.0687620 0.1056301 0.1370314 0.1097027 0.1400724 0.1281780 0.0018851 0.0733273 0.0011907 0.1239153 0.0011379 0.1050773 0.0930378 0.1068800 0.1283123 0.0981633 0.0666544 
HQ015400.1_Iasis_cylindrica              0.0383582 0.0398948 0.0920234 0.0398548 0.0929062 0.2513477 0.0385881 0.0389392 0.0625837 0.2885296 0.1179396 0.0311847 0.0926395 0.0058788 0.4188220 0.1041304 0.0895553 0.0384756 0.0385499 0.2637033 0.0381013 0.0368762 0.0370671 0.1660683 0.1563058 0.1180305 0.1622896 0.0732311 0.0948771 0.0012678 0.0563109 0.0576813 0.1033771 0.0567573 0.0401227 0.1055287 0.0332532 0.0427359 0.0562864 0.0410853 0.0905194 0.0000000 0.1136888 0.2636292 0.0329924 0.1055309 0.0400008 0.0934357 0.1337729 0.1622863 0.0000010 0.1096570 0.0311024 0.0698683 0.0431581 0.0946973 0.0914131 0.0899168 0.1094183 0.0954418 0.1275110 0.0918240 0.0438605 0.0005801 0.0388996 0.0893999 0.0351800 0.1089109 
AB104873.1_Perophora_sagamiensis         0.1178096 0.1204778 0.0644226 0.1196521 0.1415446 0.2266606 0.1305302 0.1157889 0.1449244 0.2654369 0.0410177 0.1240880 0.0642429 0.1189284 0.4013910 0.1425742 0.0518513 0.1305302 0.1151161 0.1906338 0.1123285 0.1290881 0.1286567 0.1162965 0.1362067 0.0453276 0.1447638 0.0963846 0.0638713 0.1139312 0.1445042 0.1440430 0.1422082 0.1438647 0.1207818 0.0691681 0.1209742 0.1289441 0.1454102 0.1280147 0.0637224 0.1136888 0.0000000 0.1984371 0.1202632 0.0338531 0.1204870 0.0656393 0.0538692 0.1447912 0.1057311 0.0362191 0.1247261 0.1594369 0.1253893 0.1451317 0.1396541 0.0505342 0.0527693 0.0611758 0.1259430 0.0627388 0.1274360 0.1157451 0.1274360 0.1401740 0.1173157 0.0424485 
M91181.1_Echinorhinus_cookei             0.2787262 0.2723013 0.2296618 0.2696254 0.2932282 0.2085977 0.2767522 0.2746763 0.3002412 0.3798414 0.2214560 0.2619113 0.2261841 0.2680234 0.3294861 0.3043045 0.2119320 0.2756649 0.2695327 0.2907675 0.2316845 0.2802261 0.2785055 0.2346649 0.3032830 0.2152147 0.3090736 0.2381921 0.2332360 0.2617646 0.2892597 0.2953764 0.2968362 0.2911502 0.2721075 0.2364166 0.2666612 0.2778322 0.2918096 0.2927569 0.2281085 0.2636292 0.1984371 0.0000000 0.2685970 0.1944494 0.2742710 0.2291781 0.2265694 0.3086817 0.2508704 0.2210052 0.2685740 0.2899604 0.2815136 0.2765501 0.2912962 0.2155514 0.2253334 0.2310547 0.2720959 0.2290710 0.2770147 0.2686054 0.2791679 0.2966116 0.2664662 0.2151262 
HQ015410.1_Ritteriella_retracta          0.0318978 0.0307024 0.1017058 0.0302935 0.1008489 0.2694344 0.0258137 0.0329875 0.0636497 0.2861205 0.1252163 0.0167961 0.1015915 0.0340829 0.4263979 0.1034450 0.0935256 0.0256992 0.0291922 0.2630846 0.0225215 0.0254604 0.0256085 0.1732665 0.1613297 0.1176738 0.1657184 0.0768059 0.1040929 0.0285490 0.0594164 0.0597016 0.1030983 0.0594315 0.0308740 0.1075638 0.0005749 0.0259747 0.0596099 0.0302201 0.1006909 0.0329924 0.1202632 0.2685970 0.0000000 0.1122790 0.0307818 0.1032312 0.1313854 0.1682243 0.0274103 0.1131794 0.0168333 0.0714890 0.0337843 0.0987787 0.1010701 0.0944679 0.1146190 0.1048151 0.1272747 0.1014817 0.0258896 0.0339784 0.0253755 0.0994200 0.0269789 0.1171913 
AJ250778.1_Ciona_intestinalis            0.1185913 0.1183080 0.0603460 0.1183080 0.1522234 0.2053261 0.1232036 0.1155172 0.1328122 0.2358874 0.0314563 0.1165240 0.0603460 0.1068325 0.4071197 0.1443745 0.0623812 0.1232036 0.1183080 0.1626567 0.1108244 0.1149598 0.1149598 0.0899494 0.1361285 0.0478964 0.1361285 0.0935780 0.0577276 0.1088643 0.1323276 0.1305806 0.1439532 0.1309434 0.1183080 0.0638229 0.1139174 0.1149598 0.1323276 0.1087338 0.0603460 0.1055309 0.0338531 0.1944494 0.1122790 0.0000000 0.1183080 0.0604668 0.0495277 0.1361285 0.1055309 0.0314887 0.1165240 0.1562141 0.1244309 0.1537698 0.1507820 0.0577276 0.0365493 0.0577276 0.1236821 0.0577276 0.1141013 0.1055309 0.1141013 0.1477668 0.1125362 0.0453369 
HQ015398.1_Cyclosalpa_sewelli            0.0095131 0.0000010 0.1054851 0.0000010 0.0959249 0.2739538 0.0392637 0.0095131 0.0744633 0.3067634 0.1206606 0.0381771 0.1061356 0.0407444 0.4397403 0.1000923 0.0956950 0.0390819 0.0000010 0.2618800 0.0378978 0.0357835 0.0359516 0.1761635 0.1570678 0.1152504 0.1629745 0.0716045 0.1083397 0.0382766 0.0696313 0.0705804 0.1002407 0.0690427 0.0000010 0.1132854 0.0307652 0.0365076 0.0696313 0.0407458 0.1054851 0.0400008 0.1204870 0.2742710 0.0307818 0.1183080 0.0000000 0.1085602 0.1321905 0.1651919 0.0352383 0.1111725 0.0381771 0.0791978 0.0048169 0.1009119 0.0971031 0.0995956 0.1109619 0.1087789 0.1182794 0.1055009 0.0385756 0.0400211 0.0386249 0.0980520 0.0095139 0.1169434 
FM244863.1_Pyrosomella_verticillata      0.0986632 0.1076196 0.0011637 0.1061275 0.1371474 0.2498706 0.1144623 0.0987100 0.1258769 0.2817944 0.0720543 0.1075081 0.0011615 0.0946217 0.3989512 0.1472967 0.0316491 0.1142594 0.1046849 0.2199851 0.1022584 0.1117381 0.1113791 0.1352207 0.1339753 0.0694574 0.1430243 0.0972670 0.0023496 0.0937112 0.1233516 0.1231719 0.1459514 0.1233337 0.1083286 0.0070294 0.1032356 0.1109591 0.1249563 0.1122041 0.0011495 0.0934357 0.0656393 0.2291781 0.1032312 0.0604668 0.1085602 0.0000000 0.0908543 0.1441425 0.0881795 0.0700945 0.1087706 0.1415475 0.1119460 0.1431583 0.1328322 0.0031612 0.0747450 0.0017934 0.1275138 0.0023286 0.1096181 0.0958017 0.1096181 0.1319623 0.1026067 0.0684183 
L12378.2_Ascidia_ceratodes               0.1282253 0.1329590 0.0885546 0.1401464 0.1522941 0.2228622 0.1342753 0.1260942 0.1673116 0.2778391 0.0676698 0.1284952 0.0900630 0.1275685 0.4086072 0.1618765 0.0685605 0.1338124 0.1334334 0.1898141 0.1094805 0.1397167 0.1407797 0.1286575 0.1537204 0.0720580 0.1598162 0.1127654 0.0904670 0.1310847 0.1578170 0.1642009 0.1621395 0.1590135 0.1338698 0.1057010 0.1290241 0.1496159 0.1613801 0.1386777 0.0871635 0.1337729 0.0538692 0.2265694 0.1313854 0.0495277 0.1321905 0.0908543 0.0000000 0.1597398 0.1193301 0.0610613 0.1306410 0.1763150 0.1406968 0.1597357 0.1492790 0.0823219 0.0709132 0.0889013 0.1523129 0.0867098 0.1537796 0.1245111 0.1435516 0.1543133 0.1259555 0.0637524 
FM244861.1_Doliolum_denticulatum         0.1683935 0.1648428 0.1429414 0.1610503 0.1862808 0.2846226 0.1722284 0.1633502 0.1909974 0.3472579 0.1431057 0.1691666 0.1425818 0.1670942 0.4368521 0.1898530 0.1340755 0.1719191 0.1561264 0.2620751 0.1707120 0.1694701 0.1701104 0.2141394 0.0000010 0.1493857 0.0005687 0.1632669 0.1468393 0.1544215 0.1792354 0.1880527 0.1868182 0.1849903 0.1647912 0.1488622 0.1664716 0.1676282 0.1811087 0.1793177 0.1414889 0.1622863 0.1447912 0.3086817 0.1682243 0.1361285 0.1651919 0.1441425 0.1597398 0.0000000 0.1432991 0.1352804 0.1713477 0.1945171 0.1696372 0.2119862 0.1829337 0.1296194 0.1378225 0.1454725 0.1882778 0.1426150 0.1685530 0.1663168 0.1673603 0.1832132 0.1647761 0.1413776 
HQ015402.1_Iasis_cylindrica              0.0330640 0.0354256 0.0847533 0.0358144 0.0826481 0.2261819 0.0325040 0.0344155 0.0539739 0.2581152 0.1086579 0.0260890 0.0859417 0.0048283 0.4042939 0.0908851 0.0855673 0.0323517 0.0358865 0.2326079 0.0296262 0.0302787 0.0305431 0.1565125 0.1464357 0.1054755 0.1410776 0.0608561 0.0877164 0.0012678 0.0480583 0.0495277 0.0915742 0.0481331 0.0355559 0.0935240 0.0273391 0.0309959 0.0487628 0.0343466 0.0847533 0.0000010 0.1057311 0.2508704 0.0274103 0.1055309 0.0352383 0.0881795 0.1193301 0.1432991 0.0000000 0.1003982 0.0260890 0.0570755 0.0374087 0.0826483 0.0818003 0.0899168 0.1054214 0.0879863 0.1134940 0.0847652 0.0294366 0.0000010 0.0296736 0.0789132 0.0306850 0.1003868 
AF165821.2_Chelyosoma_siboja             0.1077329 0.1119213 0.0698119 0.1097446 0.1352751 0.2101674 0.1233939 0.1051623 0.1432208 0.2575291 0.0151656 0.1183610 0.0691977 0.1158372 0.3989982 0.1340896 0.0533297 0.1229794 0.1085695 0.1842425 0.1127139 0.1197791 0.1206468 0.1098952 0.1312110 0.0450750 0.1356519 0.0954256 0.0693277 0.1100278 0.1403167 0.1448855 0.1333867 0.1429211 0.1126717 0.0740533 0.1125129 0.1182977 0.1423953 0.1208385 0.0687620 0.1096570 0.0362191 0.2210052 0.1131794 0.0314887 0.1111725 0.0700945 0.0610613 0.1352804 0.1003982 0.0000000 0.1192384 0.1480079 0.1165153 0.1499086 0.1266995 0.0560516 0.0548263 0.0684239 0.1211632 0.0681236 0.1206408 0.1133572 0.1209139 0.1284881 0.1104928 0.0386651 
KR057222.1_Brooksia_lacromae             0.0387460 0.0380774 0.1063940 0.0378049 0.1034618 0.2772061 0.0149654 0.0399107 0.0606881 0.2939143 0.1314852 0.0000010 0.1067972 0.0346895 0.4317785 0.1007311 0.0990321 0.0149005 0.0368139 0.2539681 0.0225947 0.0248612 0.0249241 0.1784760 0.1639669 0.1241345 0.1689577 0.0759207 0.1085535 0.0277474 0.0561681 0.0568059 0.1009502 0.0560497 0.0382919 0.1143943 0.0174542 0.0254368 0.0562557 0.0296179 0.1056301 0.0311024 0.1247261 0.2685740 0.0168333 0.1165240 0.0381771 0.1087706 0.1306410 0.1713477 0.0260890 0.1192384 0.0000000 0.0718122 0.0393652 0.0928991 0.1036901 0.1009736 0.1183462 0.1102452 0.1261146 0.1061585 0.0240451 0.0319117 0.0240873 0.1002796 0.0329283 0.1218643 
HQ015412.1_Thalia_orientalis             0.0773919 0.0789666 0.1395495 0.0779325 0.1187226 0.2934801 0.0800334 0.0760918 0.0405643 0.3079280 0.1568630 0.0709390 0.1410613 0.0768612 0.4327043 0.1102194 0.1349699 0.0797845 0.0743848 0.2845989 0.0870126 0.0759119 0.0764066 0.2067756 0.1857282 0.1405756 0.1916696 0.0949235 0.1443877 0.0613595 0.0356712 0.0377334 0.1101370 0.0370489 0.0794549 0.1435877 0.0698537 0.0755190 0.0360967 0.0821363 0.1370314 0.0698683 0.1594369 0.2899604 0.0714890 0.1562141 0.0791978 0.1415475 0.1763150 0.1945171 0.0570755 0.1480079 0.0718122 0.0000000 0.0807714 0.1069326 0.1176416 0.1314137 0.1514172 0.1450784 0.1257857 0.1392251 0.0769388 0.0720984 0.0775395 0.1155148 0.0778275 0.1398118 
FM244864.1_Cyclosalpa_quadriluminis      0.0147013 0.0047817 0.1116315 0.0070847 0.0991841 0.2818462 0.0419088 0.0144343 0.0783419 0.3135316 0.1278515 0.0407352 0.1112814 0.0434693 0.4420982 0.1089396 0.0986932 0.0419795 0.0049023 0.2650740 0.0397881 0.0377489 0.0376478 0.1836962 0.1626156 0.1219235 0.1738160 0.0742921 0.1118597 0.0405012 0.0744631 0.0739514 0.1073907 0.0746035 0.0047911 0.1209920 0.0333551 0.0396798 0.0746610 0.0430004 0.1097027 0.0431581 0.1253893 0.2815136 0.0337843 0.1244309 0.0048169 0.1119460 0.1406968 0.1696372 0.0374087 0.1165153 0.0393652 0.0807714 0.0000000 0.1046209 0.0997143 0.1032108 0.1156324 0.1128363 0.1207175 0.1113790 0.0417206 0.0427219 0.0403784 0.1020629 0.0133872 0.1165312 
