68
AB013011.1_Pyrosoma_atlanticum           0.0000000 0.1651103 0.0803548 0.1521559 0.1679537 0.0071663 0.0065208 0.1203414 0.1584151 0.1059364 0.1202740 0.1655639 0.2574662 0.2457739 0.4674724 0.2821119 0.3064603 0.1551597 0.0804917 0.0717229 0.0729222 0.1108082 0.0618299 0.0695496 0.0719858 0.1295499 0.1500143 0.1426659 0.1408781 0.1590953 0.1149798 0.1158418 0.1231351 0.1226290 0.1288143 0.1233344 0.1290982 0.1286482 0.1013504 0.1087391 0.1107167 0.1073478 0.1195957 0.1162735 0.1192127 0.1200129 0.1205390 0.1097518 0.1097119 0.1089041 0.1049745 0.1457174 0.1410188 0.1453049 0.1417419 0.0042846 0.0066562 0.0041353 0.0052737 0.0053420 0.0053611 0.0339488 0.1677364 0.1597901 0.1214802 0.1246416 0.1136360 0.1433746 
AB013012.1_Doliolum_nationalis           0.1651103 0.0000000 0.1497489 0.2210680 0.0000010 0.1506189 0.1626015 0.1853446 0.2083381 0.1791116 0.1890974 0.2212505 0.2866423 0.3258395 0.4998594 0.3109990 0.3720235 0.2335224 0.1646263 0.1542156 0.1527602 0.1643146 0.1541727 0.1593420 0.1470297 0.1862170 0.2049855 0.1970495 0.2015832 0.2135082 0.1918000 0.1940532 0.1946668 0.1924524 0.1883348 0.2038556 0.2020238 0.2012616 0.1646701 0.1896547 0.1841275 0.1865055 0.1837760 0.1751943 0.1844436 0.1844663 0.1769137 0.1822420 0.1869206 0.1820827 0.1783551 0.2054218 0.2059012 0.2083484 0.2094922 0.1645784 0.1697917 0.1596916 0.1583088 0.1601051 0.1609195 0.1486321 0.2194590 0.0000010 0.1940545 0.1996510 0.1873931 0.2068623 
AB013017.1_Ciona_intestinalis            0.0803548 0.1497489 0.0000000 0.1622713 0.1495013 0.0678661 0.0773415 0.1211667 0.1536967 0.1297873 0.1291966 0.1676413 0.2065577 0.2288612 0.4707927 0.2633068 0.3046300 0.1336243 0.0660144 0.0599727 0.0620197 0.0782150 0.0348386 0.0547820 0.0560636 0.1287862 0.1605890 0.1531308 0.1534812 0.1657688 0.1309232 0.1319525 0.1267370 0.1275008 0.1258142 0.1316793 0.1387083 0.1382215 0.1189285 0.1248509 0.1219934 0.1263479 0.1216907 0.1207201 0.1212825 0.1221015 0.1191584 0.1186714 0.1266149 0.1217863 0.1141394 0.1340524 0.1445550 0.1478488 0.1464835 0.0737191 0.0792993 0.0751578 0.0758005 0.0770198 0.0763618 0.0685414 0.1640745 0.1443526 0.1329457 0.1354506 0.1165239 0.1547789 
D14366.1_Thalia_democratica              0.1521559 0.2210680 0.1622713 0.0000000 0.2208719 0.1386067 0.1467513 0.0837756 0.1311865 0.0678564 0.0804509 0.1274798 0.3072220 0.3310876 0.5223158 0.3858018 0.3459687 0.2307800 0.1573023 0.1530630 0.1704459 0.1899110 0.1487644 0.1639721 0.1625669 0.0804509 0.0074315 0.0074315 0.0055719 0.0453210 0.0747904 0.0739483 0.0806134 0.0806134 0.0816554 0.0846209 0.0792020 0.0792020 0.0635434 0.0728979 0.0728979 0.0786184 0.0840965 0.0795791 0.0837192 0.0837192 0.0837192 0.0776752 0.0805461 0.0805461 0.1125785 0.1555291 0.1455908 0.1478803 0.1408518 0.1449110 0.1449912 0.1449912 0.1449912 0.1451245 0.1449912 0.1369638 0.1314062 0.2052419 0.0708814 0.0708814 0.0761760 0.0055513 
FM244861.1_Doliolum_denticulatum         0.1679537 0.0000010 0.1495013 0.2208719 0.0000000 0.1504930 0.1624742 0.1837723 0.2089267 0.1796516 0.1895192 0.2212751 0.2902617 0.3276251 0.4967521 0.3138504 0.3756605 0.2336671 0.1644960 0.1540961 0.1553120 0.1671413 0.1541727 0.1593606 0.1478741 0.1895192 0.2066641 0.1986685 0.2032603 0.2152779 0.1933382 0.1956341 0.1946885 0.1940276 0.1916824 0.2055549 0.2020461 0.2016420 0.1659993 0.1907011 0.1873702 0.1878376 0.1849452 0.1750476 0.1844644 0.1844873 0.1800118 0.1837099 0.1884417 0.1835283 0.1797836 0.2091495 0.2075843 0.2100529 0.2110271 0.1644437 0.1696545 0.1609383 0.1595277 0.1613580 0.1609383 0.1486498 0.2212932 0.0000010 0.1966798 0.2011014 0.1873931 0.2066846 
FM244862.1_Pyrosoma_godeauxi             0.0071663 0.1506189 0.0678661 0.1386067 0.1504930 0.0000000 0.0051590 0.1077004 0.1372844 0.1097219 0.1125180 0.1420550 0.2326621 0.2324159 0.4556479 0.2658584 0.2734818 0.1400343 0.0586168 0.0507986 0.0601173 0.0937960 0.0570289 0.0532884 0.0572015 0.1125180 0.1384042 0.1384042 0.1352253 0.1483973 0.1107842 0.1097342 0.1140091 0.1140091 0.1153462 0.1141174 0.1220482 0.1220482 0.1067084 0.1067084 0.1067084 0.1050762 0.1118831 0.1085234 0.1118831 0.1118831 0.1118831 0.1040694 0.1037478 0.1057418 0.0845235 0.1234748 0.1222594 0.1271491 0.1207341 0.0000010 0.0000010 0.0025514 0.0038404 0.0038404 0.0038404 0.0226007 0.1375305 0.1461725 0.1197132 0.1197132 0.0942440 0.1306412 
FM244863.1_Pyrosomella_verticillata      0.0065208 0.1626015 0.0773415 0.1467513 0.1624742 0.0051590 0.0000000 0.1175280 0.1550709 0.1074936 0.1198604 0.1604288 0.2374346 0.2427770 0.4562802 0.2781955 0.3050532 0.1460600 0.0738519 0.0688285 0.0716535 0.0996332 0.0598908 0.0667557 0.0696287 0.1198604 0.1478054 0.1399836 0.1381808 0.1553187 0.1153673 0.1154491 0.1218605 0.1222567 0.1214079 0.1229631 0.1279025 0.1276633 0.1008966 0.1080731 0.1065275 0.1068359 0.1180641 0.1139194 0.1170202 0.1178033 0.1153250 0.1084173 0.1083691 0.1083831 0.1012503 0.1373778 0.1362536 0.1409529 0.1364697 0.0018133 0.0041843 0.0023549 0.0011620 0.0011764 0.0011742 0.0303293 0.1640987 0.1513796 0.1226472 0.1241705 0.1131433 0.1380742 
FM244864.1_Cyclosalpa_quadriluminis      0.1203414 0.1853446 0.1211667 0.0837756 0.1837723 0.1077004 0.1175280 0.0000000 0.1153915 0.0376105 0.0371468 0.1105320 0.2911552 0.3012907 0.5035764 0.3137712 0.3416492 0.2020768 0.1299135 0.1241357 0.1352683 0.1473720 0.1303771 0.1338676 0.1243373 0.0385447 0.0821429 0.0758802 0.0757257 0.0785032 0.0306630 0.0310644 0.0350299 0.0351223 0.0364494 0.0405734 0.0387091 0.0387748 0.0346602 0.0394341 0.0399938 0.0402479 0.0000010 0.0000010 0.0000010 0.0000010 0.0011700 0.0091654 0.0098032 0.0096261 0.0770344 0.1265898 0.0999291 0.0983188 0.1026040 0.1184002 0.1206598 0.1168337 0.1150359 0.1171255 0.1167472 0.1039988 0.1237849 0.1762913 0.0388565 0.0381598 0.0360505 0.0750554 
FM244865.1_Ihlea_racovitzai              0.1584151 0.2083381 0.1536967 0.1311865 0.2089267 0.1372844 0.1550709 0.1153915 0.0000000 0.1097714 0.1077765 0.0784616 0.2972245 0.3174697 0.5442832 0.3382428 0.3396359 0.2362071 0.1505574 0.1485433 0.1568832 0.1746749 0.1537827 0.1547473 0.1453717 0.1077765 0.1312612 0.1241936 0.1223758 0.1222672 0.1161036 0.1168252 0.1069330 0.1070098 0.1056919 0.1162050 0.1173841 0.1169817 0.1020225 0.1186489 0.1161493 0.1164163 0.1163206 0.1061822 0.1155818 0.1163516 0.1128852 0.1157548 0.1164245 0.1136925 0.1196234 0.1573364 0.1492033 0.1454448 0.1573153 0.1560968 0.1620081 0.1541457 0.1516490 0.1545475 0.1545475 0.1323447 0.0035208 0.2053556 0.1154243 0.1176333 0.1110029 0.1238626 
FM244866.1_Iasis_cylindrica              0.1059364 0.1791116 0.1297873 0.0678564 0.1796516 0.1097219 0.1074936 0.0376105 0.1097714 0.0000000 0.0323246 0.0982666 0.2898400 0.2971207 0.5097727 0.2929615 0.3099684 0.1950895 0.1323590 0.1232542 0.1336794 0.1509388 0.1348333 0.1289499 0.1247054 0.0323246 0.0573273 0.0573273 0.0574131 0.0632958 0.0300506 0.0293091 0.0332816 0.0332081 0.0340297 0.0377593 0.0346811 0.0345077 0.0012811 0.0012811 0.0012811 0.0065161 0.0369131 0.0375027 0.0370177 0.0371598 0.0369131 0.0330066 0.0347962 0.0362953 0.0670198 0.1312854 0.0927883 0.0937602 0.0888065 0.1072638 0.1068901 0.1043273 0.1043273 0.1043273 0.1046839 0.1050699 0.1099588 0.1838093 0.0276793 0.0276793 0.0328762 0.0585223 
FM244867.1_Salpa_thompsoni               0.1202740 0.1890974 0.1291966 0.0804509 0.1895192 0.1125180 0.1198604 0.0371468 0.1077765 0.0323246 0.0000000 0.1084483 0.2763140 0.2995306 0.4987098 0.3095954 0.3325998 0.2066831 0.1384395 0.1359914 0.1421030 0.1540295 0.1244018 0.1388950 0.1310811 0.0005753 0.0780854 0.0719736 0.0717932 0.0789906 0.0263317 0.0259854 0.0083975 0.0083917 0.0094355 0.0115471 0.0320732 0.0319801 0.0296873 0.0371799 0.0371195 0.0403060 0.0374899 0.0336093 0.0373433 0.0375523 0.0371576 0.0315003 0.0367148 0.0373605 0.0873784 0.1361154 0.1096138 0.1093235 0.1085524 0.1197060 0.1253227 0.1186001 0.1167900 0.1188937 0.1190850 0.1146326 0.1155302 0.1868375 0.0242079 0.0239510 0.0048005 0.0726713 
HQ015377.1_Salpidae_gen._nov._sp._nov._A 0.1655639 0.2212505 0.1676413 0.1274798 0.2212751 0.1420550 0.1604288 0.1105320 0.0784616 0.0982666 0.1084483 0.0000000 0.3022901 0.2975786 0.5742722 0.3523086 0.3470776 0.2289158 0.1599471 0.1542897 0.1745659 0.1882143 0.1699486 0.1606847 0.1663922 0.1084483 0.1210641 0.1212758 0.1214887 0.1168536 0.1106016 0.1095041 0.1131666 0.1135277 0.1141916 0.1186746 0.1115319 0.1115319 0.0905768 0.1040390 0.1037874 0.1019142 0.1107385 0.1040031 0.1096896 0.1099575 0.1095017 0.1115488 0.1128358 0.1132208 0.1062784 0.1546574 0.1391499 0.1386422 0.1417040 0.1576404 0.1576036 0.1577919 0.1569549 0.1582135 0.1576646 0.1351506 0.0785784 0.2053890 0.1068941 0.1068941 0.1091505 0.1213656 
L12426.2_Molgula_manhattensis            0.2574662 0.2866423 0.2065577 0.3072220 0.2902617 0.2326621 0.2374346 0.2911552 0.2972245 0.2898400 0.2763140 0.3022901 0.0000000 0.3114681 0.5928577 0.3229532 0.3780375 0.1529500 0.2028117 0.1976503 0.1854520 0.2033553 0.1676937 0.2054243 0.1944691 0.2713795 0.3116539 0.3043833 0.3014961 0.3158244 0.2894656 0.2992196 0.2832579 0.2828424 0.2739942 0.2854784 0.2989349 0.2992449 0.2666875 0.2872130 0.2768687 0.2877712 0.2956759 0.2902978 0.2923163 0.2931679 0.2807430 0.2849521 0.2864040 0.2772231 0.2252349 0.2549832 0.2916764 0.2982720 0.2879465 0.2397844 0.2452386 0.2337818 0.2296336 0.2344446 0.2376947 0.2120904 0.3125268 0.2827735 0.2813518 0.2904347 0.2617768 0.3094690 
M91181.1_Echinorhinus_cookei             0.2457739 0.3258395 0.2288612 0.3310876 0.3276251 0.2324159 0.2427770 0.3012907 0.3174697 0.2971207 0.2995306 0.2975786 0.3114681 0.0000000 0.3641047 0.2132838 0.4186540 0.2533570 0.2292206 0.2308562 0.2324810 0.2349833 0.1970989 0.2119102 0.2319484 0.2986018 0.3275746 0.3168946 0.3156289 0.3179451 0.2897376 0.2941178 0.3030730 0.3011673 0.2971745 0.3151092 0.3071658 0.3058731 0.2801105 0.2990885 0.2909042 0.2952774 0.2966780 0.2973757 0.2982199 0.2975291 0.2901336 0.2920343 0.3031535 0.2969778 0.2566588 0.2938753 0.3113120 0.3114113 0.3205625 0.2439995 0.2518303 0.2392421 0.2388904 0.2399307 0.2390342 0.2269551 0.3362101 0.3230461 0.2857080 0.2943440 0.2449947 0.3245819 
M97574.1_Myxine_glutinosa                0.4674724 0.4998594 0.4707927 0.5223158 0.4967521 0.4556479 0.4562802 0.5035764 0.5442832 0.5097727 0.4987098 0.5742722 0.5928577 0.3641047 0.0000000 0.4756999 0.8053657 0.4841370 0.4566660 0.4507820 0.4614983 0.4579088 0.4998268 0.4710373 0.4685541 0.5029034 0.5135364 0.5031553 0.4930512 0.5059430 0.4972579 0.5114349 0.5081740 0.5015639 0.5002207 0.5177891 0.5077643 0.5052849 0.4778714 0.5034482 0.4980399 0.5175342 0.4971311 0.5000103 0.5015929 0.4989687 0.4927288 0.4790932 0.4817945 0.4831575 0.4641613 0.5258355 0.5473855 0.5532366 0.5683542 0.4612433 0.4762618 0.4468072 0.4459112 0.4483255 0.4528016 0.4244521 0.5658778 0.4999080 0.4942874 0.5049339 0.5050261 0.5150443 
M97571.1_Branchiostoma_floridae          0.2821119 0.3109990 0.2633068 0.3858018 0.3138504 0.2658584 0.2781955 0.3137712 0.3382428 0.2929615 0.3095954 0.3523086 0.3229532 0.2132838 0.4756999 0.0000000 0.4128158 0.2775287 0.2444674 0.2490276 0.2383451 0.2552408 0.2389558 0.2501635 0.2374549 0.3103113 0.3611372 0.3534554 0.3543143 0.3303724 0.3098229 0.3172477 0.3207758 0.3162021 0.3123115 0.3321160 0.3417797 0.3402978 0.2696106 0.3050176 0.2968583 0.3079507 0.3105224 0.3039909 0.3126957 0.3136755 0.3039559 0.2989191 0.3101250 0.3050882 0.2700240 0.3346330 0.3198853 0.3273935 0.3346591 0.2826187 0.2888785 0.2716411 0.2680495 0.2724402 0.2774383 0.2566818 0.3486253 0.3028957 0.3234482 0.3295580 0.3133526 0.3693096 
AB013014.1_Oikopleura_dioica             0.3064603 0.3720235 0.3046300 0.3459687 0.3756605 0.2734818 0.3050532 0.3416492 0.3396359 0.3099684 0.3325998 0.3470776 0.3780375 0.4186540 0.8053657 0.4128158 0.0000000 0.3231268 0.2975408 0.2993191 0.2893147 0.3036948 0.2671749 0.2913477 0.2785981 0.3312466 0.3320428 0.3210205 0.3266679 0.3338100 0.3242248 0.3254202 0.3476229 0.3438411 0.3412423 0.3514934 0.3472100 0.3456934 0.2972213 0.3379474 0.3312704 0.3350490 0.3361982 0.3236794 0.3386504 0.3415689 0.3298728 0.3290287 0.3284846 0.3238584 0.2979404 0.3164255 0.3612664 0.3611034 0.3621458 0.3089530 0.3160990 0.3006499 0.2965998 0.3015730 0.3051956 0.2832248 0.3524220 0.3591389 0.3392895 0.3440176 0.3074817 0.3357939 
AY903925.1_Halocynthia_igaboja           0.1551597 0.2335224 0.1336243 0.2307800 0.2336671 0.1400343 0.1460600 0.2020768 0.2362071 0.1950895 0.2066831 0.2289158 0.1529500 0.2533570 0.4841370 0.2775287 0.3231268 0.0000000 0.1272893 0.1252856 0.1174940 0.1406364 0.0929410 0.1288424 0.1222211 0.2091637 0.2360829 0.2291870 0.2263587 0.2276749 0.1986354 0.2019691 0.2073951 0.2074114 0.2052370 0.2048210 0.2128243 0.2120077 0.1820999 0.1946599 0.1906785 0.1963445 0.2018040 0.2012230 0.2007658 0.2022755 0.1984281 0.1937756 0.2020389 0.1979920 0.1694826 0.2096464 0.2121892 0.2192014 0.2148515 0.1506007 0.1536067 0.1467505 0.1423400 0.1449569 0.1454729 0.1355383 0.2470578 0.2257350 0.2074315 0.2102201 0.1720444 0.2315785 
FM244840.1_Clavelina_meridionalis        0.0804917 0.1646263 0.0660144 0.1573023 0.1644960 0.0586168 0.0738519 0.1299135 0.1505574 0.1323590 0.1384395 0.1599471 0.2028117 0.2292206 0.4566660 0.2444674 0.2975408 0.1272893 0.0000000 0.0167858 0.0534600 0.0780553 0.0466835 0.0461313 0.0458588 0.1384395 0.1619436 0.1528686 0.1510757 0.1524471 0.1376370 0.1346241 0.1362097 0.1366679 0.1388562 0.1382386 0.1439767 0.1443119 0.1205700 0.1318819 0.1330997 0.1286860 0.1284325 0.1232838 0.1284618 0.1287905 0.1298153 0.1224506 0.1267106 0.1266790 0.1014750 0.1228374 0.1348536 0.1397934 0.1369102 0.0707737 0.0753389 0.0721812 0.0728633 0.0740470 0.0738314 0.0577176 0.1558664 0.1541164 0.1457813 0.1443112 0.1301035 0.1492613 
FM244841.1_Pycnoclavella_aff._detorta    0.0717229 0.1542156 0.0599727 0.1530630 0.1540961 0.0507986 0.0688285 0.1241357 0.1485433 0.1232542 0.1359914 0.1542897 0.1976503 0.2308562 0.4507820 0.2490276 0.2993191 0.1252856 0.0167858 0.0000000 0.0470562 0.0681940 0.0439231 0.0439032 0.0398542 0.1359914 0.1586168 0.1506894 0.1489003 0.1501704 0.1322127 0.1325408 0.1371385 0.1375968 0.1363976 0.1371106 0.1365978 0.1369103 0.1134982 0.1245257 0.1225881 0.1241557 0.1292566 0.1218194 0.1279835 0.1283078 0.1260735 0.1210662 0.1245110 0.1212933 0.0961869 0.1196844 0.1340782 0.1387594 0.1382509 0.0641094 0.0677426 0.0661926 0.0669320 0.0680062 0.0678104 0.0516965 0.1572919 0.1456593 0.1381740 0.1400540 0.1300823 0.1452029 
AB075543.1_Megalodicopia_hians           0.0729222 0.1527602 0.0620197 0.1704459 0.1553120 0.0601173 0.0716535 0.1352683 0.1568832 0.1336794 0.1421030 0.1745659 0.1854520 0.2324810 0.4614983 0.2383451 0.2893147 0.1174940 0.0534600 0.0470562 0.0000000 0.0704089 0.0296707 0.0422908 0.0154399 0.1414095 0.1672426 0.1608659 0.1602135 0.1691597 0.1378029 0.1416288 0.1425093 0.1414481 0.1378927 0.1441649 0.1547822 0.1542318 0.1224907 0.1358670 0.1309568 0.1389019 0.1334951 0.1306962 0.1341843 0.1351037 0.1297201 0.1279093 0.1303782 0.1270143 0.1094330 0.1381744 0.1397723 0.1456638 0.1415840 0.0681859 0.0725487 0.0677714 0.0684656 0.0695212 0.0706639 0.0587552 0.1651398 0.1498512 0.1470743 0.1510211 0.1315195 0.1655137 
L12378.2_Ascidia_ceratodes               0.1108082 0.1643146 0.0782150 0.1899110 0.1671413 0.0937960 0.0996332 0.1473720 0.1746749 0.1509388 0.1540295 0.1882143 0.2033553 0.2349833 0.4579088 0.2552408 0.3036948 0.1406364 0.0780553 0.0681940 0.0704089 0.0000000 0.0495133 0.0583234 0.0660836 0.1531807 0.1832938 0.1767829 0.1740003 0.1939789 0.1462025 0.1503373 0.1559879 0.1547903 0.1518823 0.1519344 0.1540763 0.1535220 0.1370343 0.1412883 0.1383201 0.1449665 0.1454361 0.1468679 0.1463251 0.1473465 0.1414899 0.1393843 0.1409586 0.1372474 0.1225402 0.1494007 0.1631952 0.1666014 0.1659789 0.0975892 0.1022449 0.0950681 0.0955019 0.0970750 0.0987686 0.0738120 0.1836019 0.1616273 0.1458894 0.1498432 0.1200188 0.1798752 
AJ250778.1_Ciona_intestinalis            0.0618299 0.1541727 0.0348386 0.1487644 0.1541727 0.0570289 0.0598908 0.1303771 0.1537827 0.1348333 0.1244018 0.1699486 0.1676937 0.1970989 0.4998268 0.2389558 0.2671749 0.0929410 0.0466835 0.0439231 0.0296707 0.0495133 0.0000000 0.0320922 0.0297241 0.1244018 0.1531316 0.1531316 0.1514705 0.1763961 0.1310894 0.1293058 0.1252377 0.1252377 0.1252377 0.1189734 0.1417902 0.1417902 0.1308050 0.1308050 0.1308050 0.1325394 0.1303771 0.1303771 0.1303771 0.1303771 0.1303771 0.1213937 0.1307196 0.1272441 0.0987312 0.1351007 0.1541348 0.1557803 0.1533873 0.0570289 0.0570289 0.0570289 0.0597631 0.0597631 0.0597631 0.0616419 0.1542373 0.1541727 0.1389514 0.1389514 0.1208142 0.1510210 
AB104873.1_Perophora_sagamiensis         0.0695496 0.1593420 0.0547820 0.1639721 0.1593606 0.0532884 0.0667557 0.1338676 0.1547473 0.1289499 0.1388950 0.1606847 0.2054243 0.2119102 0.4710373 0.2501635 0.2913477 0.1288424 0.0461313 0.0439032 0.0422908 0.0583234 0.0320922 0.0000000 0.0372813 0.1388950 0.1638606 0.1586776 0.1569183 0.1717825 0.1362859 0.1355609 0.1402616 0.1407323 0.1406066 0.1399766 0.1475390 0.1475390 0.1194391 0.1289774 0.1279610 0.1327167 0.1332247 0.1275149 0.1332225 0.1335613 0.1322661 0.1266918 0.1282340 0.1259252 0.1020616 0.1371945 0.1491619 0.1512735 0.1493174 0.0619532 0.0674439 0.0636509 0.0646969 0.0654220 0.0652366 0.0529863 0.1613178 0.1499831 0.1413100 0.1420899 0.1231253 0.1571310 
AF165821.2_Chelyosoma_siboja             0.0719858 0.1470297 0.0560636 0.1625669 0.1478741 0.0572015 0.0696287 0.1243373 0.1453717 0.1247054 0.1310811 0.1663922 0.1944691 0.2319484 0.4685541 0.2374549 0.2785981 0.1222211 0.0458588 0.0398542 0.0154399 0.0660836 0.0297241 0.0372813 0.0000000 0.1343609 0.1620873 0.1557276 0.1562426 0.1595237 0.1272781 0.1282113 0.1320021 0.1310287 0.1293812 0.1325142 0.1408292 0.1403336 0.1133931 0.1264587 0.1234292 0.1294258 0.1230284 0.1203057 0.1238906 0.1247327 0.1213601 0.1193985 0.1173137 0.1143338 0.1010825 0.1324468 0.1339000 0.1423332 0.1355616 0.0676816 0.0713495 0.0675959 0.0682974 0.0693589 0.0686245 0.0545134 0.1533114 0.1434649 0.1347659 0.1372131 0.1241356 0.1584503 
HQ015406.1_Salpa_thompsoni               0.1295499 0.1862170 0.1287862 0.0804509 0.1895192 0.1125180 0.1198604 0.0385447 0.1077765 0.0323246 0.0005753 0.1084483 0.2713795 0.2986018 0.5029034 0.3103113 0.3312466 0.2091637 0.1384395 0.1359914 0.1414095 0.1531807 0.1244018 0.1388950 0.1343609 0.0000000 0.0795759 0.0742988 0.0733435 0.0811441 0.0280094 0.0271869 0.0083975 0.0083517 0.0092957 0.0114913 0.0320732 0.0319801 0.0316386 0.0371526 0.0372690 0.0402302 0.0374409 0.0336093 0.0373433 0.0375523 0.0365627 0.0331578 0.0386462 0.0399018 0.0868641 0.1325961 0.1115508 0.1127900 0.1083075 0.1197060 0.1253227 0.1198954 0.1180837 0.1201892 0.1190850 0.1146326 0.1170324 0.1868375 0.0234422 0.0239082 0.0048005 0.0726713 
HQ015415.1_Thalia_democratica            0.1500143 0.2049855 0.1605890 0.0074315 0.2066641 0.1384042 0.1478054 0.0821429 0.1312612 0.0573273 0.0780854 0.1210641 0.3116539 0.3275746 0.5135364 0.3611372 0.3320428 0.2360829 0.1619436 0.1586168 0.1672426 0.1832938 0.1531316 0.1638606 0.1620873 0.0795759 0.0000000 0.0005788 0.0017535 0.0427889 0.0708578 0.0688063 0.0723763 0.0719088 0.0787706 0.0757188 0.0770464 0.0768036 0.0532612 0.0623628 0.0679726 0.0675255 0.0747945 0.0718107 0.0745810 0.0750319 0.0808542 0.0676240 0.0709350 0.0774430 0.1011342 0.1479417 0.1387405 0.1423698 0.1282276 0.1410303 0.1392864 0.1342941 0.1416741 0.1346285 0.1373272 0.1379468 0.1222833 0.1879976 0.0681095 0.0621045 0.0763320 0.0017949 
HQ015414.1_Thalia_democratica            0.1426659 0.1970495 0.1531308 0.0074315 0.1986685 0.1384042 0.1399836 0.0758802 0.1241936 0.0573273 0.0719736 0.1212758 0.3043833 0.3168946 0.5031553 0.3534554 0.3210205 0.2291870 0.1528686 0.1506894 0.1608659 0.1767829 0.1531316 0.1586776 0.1557276 0.0742988 0.0005788 0.0000000 0.0023404 0.0373115 0.0657584 0.0656748 0.0723763 0.0719088 0.0726615 0.0757188 0.0705583 0.0702037 0.0540174 0.0623628 0.0620764 0.0675255 0.0747945 0.0718107 0.0745810 0.0750319 0.0747469 0.0683886 0.0717156 0.0722178 0.1011342 0.1406883 0.1325113 0.1362350 0.1284500 0.1410303 0.1399702 0.1352774 0.1348415 0.1356144 0.1373272 0.1300743 0.1232074 0.1879976 0.0622002 0.0622002 0.0763320 0.0017975 
HQ015413.1_Thalia_democratica            0.1408781 0.2015832 0.1534812 0.0055719 0.2032603 0.1352253 0.1381808 0.0757257 0.1223758 0.0574131 0.0717932 0.1214887 0.3014961 0.3156289 0.4930512 0.3543143 0.3266679 0.2263587 0.1510757 0.1489003 0.1602135 0.1740003 0.1514705 0.1569183 0.1562426 0.0733435 0.0017535 0.0023404 0.0000000 0.0383039 0.0647783 0.0654535 0.0721980 0.0715237 0.0724864 0.0750226 0.0703672 0.0700109 0.0533353 0.0628468 0.0625945 0.0680456 0.0740997 0.0710934 0.0744193 0.0747049 0.0745877 0.0674175 0.0705505 0.0712579 0.1011741 0.1409318 0.1318350 0.1355836 0.1287216 0.1379858 0.1381443 0.1320810 0.1320810 0.1320810 0.1351759 0.1282550 0.1213985 0.1921696 0.0619533 0.0619533 0.0764796 0.0000010 
HQ015412.1_Thalia_orientalis             0.1590953 0.2135082 0.1657688 0.0453210 0.2152779 0.1483973 0.1553187 0.0785032 0.1222672 0.0632958 0.0789906 0.1168536 0.3158244 0.3179451 0.5059430 0.3303724 0.3338100 0.2276749 0.1524471 0.1501704 0.1691597 0.1939789 0.1763961 0.1717825 0.1595237 0.0811441 0.0427889 0.0373115 0.0383039 0.0000000 0.0725321 0.0743206 0.0777085 0.0771966 0.0768393 0.0839410 0.0838415 0.0835734 0.0587641 0.0738286 0.0724235 0.0790861 0.0785191 0.0732831 0.0782908 0.0787725 0.0773011 0.0783836 0.0767713 0.0754528 0.1016204 0.1363170 0.1258551 0.1269506 0.1237571 0.1593485 0.1622918 0.1526932 0.1502347 0.1530889 0.1547953 0.1445095 0.1289697 0.2057367 0.0754874 0.0764652 0.0880394 0.0390217 
HQ015411.1_Ritteriella_retracta          0.1149798 0.1918000 0.1309232 0.0747904 0.1933382 0.1107842 0.1153673 0.0306630 0.1161036 0.0300506 0.0263317 0.1106016 0.2894656 0.2897376 0.4972579 0.3098229 0.3242248 0.1986354 0.1376370 0.1322127 0.1378029 0.1462025 0.1310894 0.1362859 0.1272781 0.0280094 0.0708578 0.0657584 0.0647783 0.0725321 0.0000000 0.0005811 0.0269238 0.0267674 0.0269834 0.0317484 0.0262820 0.0262072 0.0280496 0.0349088 0.0342029 0.0351146 0.0307697 0.0291097 0.0306914 0.0308596 0.0306328 0.0267127 0.0311705 0.0325374 0.0826594 0.1373771 0.1079042 0.1087491 0.1089952 0.1183718 0.1206423 0.1121107 0.1104431 0.1123817 0.1145643 0.1057885 0.1232050 0.1897411 0.0169053 0.0171429 0.0239249 0.0665810 
HQ015410.1_Ritteriella_retracta          0.1158418 0.1940532 0.1319525 0.0739483 0.1956341 0.1097342 0.1154491 0.0310644 0.1168252 0.0293091 0.0259854 0.1095041 0.2992196 0.2941178 0.5114349 0.3172477 0.3254202 0.2019691 0.1346241 0.1325408 0.1416288 0.1503373 0.1293058 0.1355609 0.1282113 0.0271869 0.0688063 0.0656748 0.0654535 0.0743206 0.0005811 0.0000000 0.0262471 0.0260948 0.0266441 0.0310584 0.0257254 0.0256109 0.0281359 0.0342167 0.0339421 0.0344181 0.0307866 0.0291261 0.0307082 0.0308766 0.0303000 0.0269631 0.0319619 0.0330953 0.0818118 0.1385994 0.1097324 0.1093601 0.1080581 0.1173554 0.1196410 0.1134336 0.1125442 0.1137108 0.1135904 0.1056121 0.1215150 0.1885205 0.0164717 0.0165088 0.0230284 0.0657758 
HQ015409.1_Salpa_fusiformis              0.1231351 0.1946668 0.1267370 0.0806134 0.1946885 0.1140091 0.1218605 0.0350299 0.1069330 0.0332816 0.0083975 0.1131666 0.2832579 0.3030730 0.5081740 0.3207758 0.3476229 0.2073951 0.1362097 0.1371385 0.1425093 0.1559879 0.1252377 0.1402616 0.1320021 0.0083975 0.0723763 0.0723763 0.0721980 0.0777085 0.0269238 0.0262471 0.0000000 0.0000010 0.0005884 0.0091026 0.0331431 0.0330332 0.0306073 0.0374175 0.0373964 0.0405668 0.0347360 0.0314357 0.0344855 0.0346774 0.0344662 0.0329999 0.0368832 0.0381773 0.0847663 0.1373200 0.1074799 0.1075107 0.1048846 0.1222997 0.1216258 0.1193809 0.1189973 0.1196781 0.1193809 0.1163208 0.1071014 0.1892543 0.0248388 0.0248388 0.0048082 0.0729322 
HQ015408.1_Salpa_maxima                  0.1226290 0.1924524 0.1275008 0.0806134 0.1940276 0.1140091 0.1222567 0.0351223 0.1070098 0.0332081 0.0083917 0.1135277 0.2828424 0.3011673 0.5015639 0.3162021 0.3438411 0.2074114 0.1366679 0.1375968 0.1414481 0.1547903 0.1252377 0.1407323 0.1310287 0.0083517 0.0719088 0.0719088 0.0715237 0.0771966 0.0267674 0.0260948 0.0000010 0.0000000 0.0005853 0.0090306 0.0332291 0.0330759 0.0303430 0.0373411 0.0372021 0.0404597 0.0345750 0.0314357 0.0345750 0.0346969 0.0342636 0.0328068 0.0365684 0.0379503 0.0842014 0.1364259 0.1067282 0.1067588 0.1045611 0.1222997 0.1220260 0.1181350 0.1181350 0.1184263 0.1194692 0.1166936 0.1063400 0.1892543 0.0247759 0.0247759 0.0048082 0.0731447 
HQ015407.1_Salpa_maxima                  0.1288143 0.1883348 0.1258142 0.0816554 0.1916824 0.1153462 0.1214079 0.0364494 0.1056919 0.0340297 0.0094355 0.1141916 0.2739942 0.2971745 0.5002207 0.3123115 0.3412423 0.2052370 0.1388562 0.1363976 0.1378927 0.1518823 0.1252377 0.1406066 0.1293812 0.0092957 0.0787706 0.0726615 0.0724864 0.0768393 0.0269834 0.0266441 0.0005884 0.0005853 0.0000000 0.0096611 0.0335925 0.0334944 0.0311012 0.0380374 0.0381268 0.0411443 0.0353376 0.0322079 0.0352458 0.0354425 0.0339102 0.0334675 0.0373379 0.0379720 0.0849839 0.1321249 0.1058961 0.1056201 0.1052151 0.1236172 0.1269445 0.1193785 0.1175588 0.1196737 0.1206409 0.1161327 0.1126949 0.1909406 0.0248888 0.0253880 0.0048082 0.0737992 
HQ015405.1_Salpa_aspera                  0.1233344 0.2038556 0.1316793 0.0846209 0.2055549 0.1141174 0.1229631 0.0405734 0.1162050 0.0377593 0.0115471 0.1186746 0.2854784 0.3151092 0.5177891 0.3321160 0.3514934 0.2048210 0.1382386 0.1371106 0.1441649 0.1519344 0.1189734 0.1399766 0.1325142 0.0114913 0.0757188 0.0757188 0.0750226 0.0839410 0.0317484 0.0310584 0.0091026 0.0090306 0.0096611 0.0000000 0.0349368 0.0347740 0.0345709 0.0417529 0.0415957 0.0449277 0.0397712 0.0367159 0.0399291 0.0400722 0.0395626 0.0351738 0.0389830 0.0403856 0.0905547 0.1369907 0.1123165 0.1123476 0.1101135 0.1224096 0.1227399 0.1188063 0.1188063 0.1188063 0.1201550 0.1183173 0.1154635 0.1999002 0.0297091 0.0297091 0.0097372 0.0770744 
HQ015404.1_Brooksia_rostrata             0.1290982 0.2020238 0.1387083 0.0792020 0.2020461 0.1220482 0.1279025 0.0387091 0.1173841 0.0346811 0.0320732 0.1115319 0.2989349 0.3071658 0.5077643 0.3417797 0.3472100 0.2128243 0.1439767 0.1365978 0.1547822 0.1540763 0.1417902 0.1475390 0.1408292 0.0320732 0.0770464 0.0705583 0.0703672 0.0838415 0.0262820 0.0257254 0.0331431 0.0332291 0.0335925 0.0349368 0.0000000 0.0000010 0.0326539 0.0393950 0.0390146 0.0440683 0.0388697 0.0356332 0.0385665 0.0386738 0.0382171 0.0369573 0.0408786 0.0417850 0.0894900 0.1409401 0.1182856 0.1192402 0.1198280 0.1294482 0.1326985 0.1267653 0.1248911 0.1270836 0.1266705 0.1150899 0.1246646 0.1985512 0.0151295 0.0152363 0.0286369 0.0707050 
HQ015403.1_Brooksia_rostrata             0.1286482 0.2012616 0.1382215 0.0792020 0.2016420 0.1220482 0.1276633 0.0387748 0.1169817 0.0345077 0.0319801 0.1115319 0.2992449 0.3058731 0.5052849 0.3402978 0.3456934 0.2120077 0.1443119 0.1369103 0.1542318 0.1535220 0.1417902 0.1475390 0.1403336 0.0319801 0.0768036 0.0702037 0.0700109 0.0835734 0.0262072 0.0256109 0.0330332 0.0330759 0.0334944 0.0347740 0.0000010 0.0000000 0.0324999 0.0392124 0.0389006 0.0438610 0.0386889 0.0356332 0.0384599 0.0386738 0.0381058 0.0367880 0.0406885 0.0416628 0.0890197 0.1404479 0.1178892 0.1188404 0.1191648 0.1294482 0.1326985 0.1260394 0.1244598 0.1263542 0.1262436 0.1153403 0.1239571 0.1985512 0.0150873 0.0151702 0.0286369 0.0707050 
HQ015402.1_Iasis_cylindrica              0.1013504 0.1646701 0.1189285 0.0635434 0.1659993 0.1067084 0.1008966 0.0346602 0.1020225 0.0012811 0.0296873 0.0905768 0.2666875 0.2801105 0.4778714 0.2696106 0.2972213 0.1820999 0.1205700 0.1134982 0.1224907 0.1370343 0.1308050 0.1194391 0.1133931 0.0316386 0.0532612 0.0540174 0.0533353 0.0587641 0.0280496 0.0281359 0.0306073 0.0303430 0.0311012 0.0345709 0.0326539 0.0324999 0.0000000 0.0000010 0.0000010 0.0048958 0.0339257 0.0345465 0.0341064 0.0342297 0.0345377 0.0300870 0.0317233 0.0331133 0.0646721 0.1239270 0.0867317 0.0876278 0.0836624 0.1007424 0.1004140 0.0969205 0.0969205 0.0969205 0.0983292 0.0966867 0.1012171 0.1698479 0.0260092 0.0260092 0.0293797 0.0549153 
HQ015401.1_Iasis_cylindrica              0.1087391 0.1896547 0.1248509 0.0728979 0.1907011 0.1067084 0.1080731 0.0394341 0.1186489 0.0012811 0.0371799 0.1040390 0.2872130 0.2990885 0.5034482 0.3050176 0.3379474 0.1946599 0.1318819 0.1245257 0.1358670 0.1412883 0.1308050 0.1289774 0.1264587 0.0371526 0.0623628 0.0623628 0.0628468 0.0738286 0.0349088 0.0342167 0.0374175 0.0373411 0.0380374 0.0417529 0.0393950 0.0392124 0.0000010 0.0000000 0.0000010 0.0053604 0.0389168 0.0373268 0.0388149 0.0390105 0.0386346 0.0349373 0.0373720 0.0386817 0.0783566 0.1394483 0.0990986 0.1000118 0.0953420 0.1090585 0.1076834 0.1051636 0.1049107 0.1054177 0.1056730 0.1021785 0.1185467 0.1812837 0.0313269 0.0313269 0.0381778 0.0637871 
HQ015400.1_Iasis_cylindrica              0.1107167 0.1841275 0.1219934 0.0728979 0.1873702 0.1067084 0.1065275 0.0399938 0.1161493 0.0012811 0.0371195 0.1037874 0.2768687 0.2909042 0.4980399 0.2968583 0.3312704 0.1906785 0.1330997 0.1225881 0.1309568 0.1383201 0.1308050 0.1279610 0.1234292 0.0372690 0.0679726 0.0620764 0.0625945 0.0724235 0.0342029 0.0339421 0.0373964 0.0372021 0.0381268 0.0415957 0.0390146 0.0389006 0.0000010 0.0000010 0.0000000 0.0053525 0.0388947 0.0373268 0.0387929 0.0390105 0.0373394 0.0347896 0.0372328 0.0378670 0.0779769 0.1345534 0.0970949 0.0977089 0.0949889 0.1090585 0.1114414 0.1046878 0.1031416 0.1049397 0.1056730 0.1008997 0.1235526 0.1812837 0.0306135 0.0312303 0.0381778 0.0636467 
HQ015399.1_Iasis_cylindrica              0.1073478 0.1865055 0.1263479 0.0786184 0.1878376 0.1050762 0.1068359 0.0402479 0.1164163 0.0065161 0.0403060 0.1019142 0.2877712 0.2952774 0.5175342 0.3079507 0.3350490 0.1963445 0.1286860 0.1241557 0.1389019 0.1449665 0.1325394 0.1327167 0.1294258 0.0402302 0.0675255 0.0675255 0.0680456 0.0790861 0.0351146 0.0344181 0.0405668 0.0404597 0.0411443 0.0449277 0.0440683 0.0438610 0.0048958 0.0053604 0.0053525 0.0000000 0.0396886 0.0381390 0.0396139 0.0398369 0.0393846 0.0365020 0.0376001 0.0388956 0.0794797 0.1401561 0.0990439 0.0999564 0.0952900 0.1077628 0.1064332 0.1038772 0.1035552 0.1040390 0.1045271 0.1041974 0.1161475 0.1770403 0.0342794 0.0342794 0.0413569 0.0691760 
HQ015398.1_Cyclosalpa_sewelli            0.1195957 0.1837760 0.1216907 0.0840965 0.1849452 0.1118831 0.1180641 0.0000010 0.1163206 0.0369131 0.0374899 0.1107385 0.2956759 0.2966780 0.4971311 0.3105224 0.3361982 0.2018040 0.1284325 0.1292566 0.1334951 0.1454361 0.1303771 0.1332247 0.1230284 0.0374409 0.0747945 0.0747945 0.0740997 0.0785191 0.0307697 0.0307866 0.0347360 0.0345750 0.0353376 0.0397712 0.0388697 0.0386889 0.0339257 0.0389168 0.0388947 0.0396886 0.0000000 0.0000010 0.0000010 0.0000010 0.0000010 0.0090548 0.0096613 0.0096613 0.0759156 0.1258920 0.0999569 0.0986324 0.1011949 0.1183107 0.1177854 0.1146094 0.1146094 0.1146094 0.1153416 0.1047913 0.1161350 0.1761428 0.0377221 0.0377221 0.0360232 0.0757869 
HQ015397.1_Cyclosalpa_quadriluminis      0.1162735 0.1751943 0.1207201 0.0795791 0.1750476 0.1085234 0.1139194 0.0000010 0.1061822 0.0375027 0.0336093 0.1040031 0.2902978 0.2973757 0.5000103 0.3039909 0.3236794 0.2012230 0.1232838 0.1218194 0.1306962 0.1468679 0.1303771 0.1275149 0.1203057 0.0336093 0.0718107 0.0718107 0.0710934 0.0732831 0.0291097 0.0291261 0.0314357 0.0314357 0.0322079 0.0367159 0.0356332 0.0356332 0.0345465 0.0373268 0.0373268 0.0381390 0.0000010 0.0000000 0.0000010 0.0000010 0.0000010 0.0093724 0.0093654 0.0093654 0.0709321 0.1217066 0.0958069 0.0944728 0.0970578 0.1121867 0.1118179 0.1111859 0.1111859 0.1111859 0.1111859 0.1043397 0.1063539 0.1761428 0.0362655 0.0362655 0.0317575 0.0713039 
HQ015396.1_Cyclosalpa_polae              0.1192127 0.1844436 0.1212825 0.0837192 0.1844644 0.1118831 0.1170202 0.0000010 0.1155818 0.0370177 0.0373433 0.1096896 0.2923163 0.2982199 0.5015929 0.3126957 0.3386504 0.2007658 0.1284618 0.1279835 0.1341843 0.1463251 0.1303771 0.1332225 0.1238906 0.0373433 0.0745810 0.0745810 0.0744193 0.0782908 0.0306914 0.0307082 0.0344855 0.0345750 0.0352458 0.0399291 0.0385665 0.0384599 0.0341064 0.0388149 0.0387929 0.0396139 0.0000010 0.0000010 0.0000000 0.0000010 0.0000010 0.0090330 0.0096613 0.0096380 0.0756957 0.1254880 0.0996508 0.0983318 0.1008838 0.1183107 0.1166451 0.1146094 0.1142467 0.1148906 0.1145262 0.1038069 0.1157657 0.1761428 0.0376248 0.0376248 0.0360232 0.0751271 
HQ015395.1_Cyclosalpa_sewelli            0.1200129 0.1844663 0.1221015 0.0837192 0.1844873 0.1118831 0.1178033 0.0000010 0.1163516 0.0371598 0.0375523 0.1099575 0.2931679 0.2975291 0.4989687 0.3136755 0.3415689 0.2022755 0.1287905 0.1283078 0.1351037 0.1473465 0.1303771 0.1335613 0.1247327 0.0375523 0.0750319 0.0750319 0.0747049 0.0787725 0.0308596 0.0308766 0.0346774 0.0346969 0.0354425 0.0400722 0.0386738 0.0386738 0.0342297 0.0390105 0.0390105 0.0398369 0.0000010 0.0000010 0.0000010 0.0000000 0.0000010 0.0090803 0.0096933 0.0096884 0.0761600 0.1263309 0.1002931 0.0989627 0.1015362 0.1183107 0.1169360 0.1150891 0.1150052 0.1153725 0.1150052 0.1040586 0.1165378 0.1761428 0.0378331 0.0378331 0.0360232 0.0752968 
HQ015394.1_Cyclosalpa_polae              0.1205390 0.1769137 0.1191584 0.0837192 0.1800118 0.1118831 0.1153250 0.0011700 0.1128852 0.0369131 0.0371576 0.1095017 0.2807430 0.2901336 0.4927288 0.3039559 0.3298728 0.1984281 0.1298153 0.1260735 0.1297201 0.1414899 0.1303771 0.1322661 0.1213601 0.0365627 0.0808542 0.0747469 0.0745877 0.0773011 0.0306328 0.0303000 0.0344662 0.0342636 0.0339102 0.0395626 0.0382171 0.0381058 0.0345377 0.0386346 0.0373394 0.0393846 0.0000010 0.0000010 0.0000010 0.0000010 0.0000000 0.0095760 0.0102018 0.0100212 0.0749358 0.1197089 0.0981103 0.0965550 0.1000309 0.1183107 0.1205701 0.1144597 0.1127448 0.1147382 0.1145262 0.1025791 0.1212087 0.1761428 0.0366109 0.0373564 0.0360232 0.0750068 
HQ015393.1_Cyclosalpa_floridana          0.1097518 0.1822420 0.1186714 0.0776752 0.1837099 0.1040694 0.1084173 0.0091654 0.1157548 0.0330066 0.0315003 0.1115488 0.2849521 0.2920343 0.4790932 0.2989191 0.3290287 0.1937756 0.1224506 0.1210662 0.1279093 0.1393843 0.1213937 0.1266918 0.1193985 0.0331578 0.0676240 0.0683886 0.0674175 0.0783836 0.0267127 0.0269631 0.0329999 0.0328068 0.0334675 0.0351738 0.0369573 0.0367880 0.0300870 0.0349373 0.0347896 0.0365020 0.0090548 0.0093724 0.0090330 0.0090803 0.0095760 0.0000000 0.0102066 0.0120045 0.0705531 0.1253204 0.0942730 0.0945171 0.0963409 0.1094917 0.1080329 0.1038676 0.1035501 0.1041141 0.1060980 0.0974581 0.1148469 0.1755373 0.0331130 0.0331130 0.0302162 0.0694174 
HQ015392.1_Cyclosalpa_affinis            0.1097119 0.1869206 0.1266149 0.0805461 0.1884417 0.1037478 0.1083691 0.0098032 0.1164245 0.0347962 0.0367148 0.1128358 0.2864040 0.3031535 0.4817945 0.3101250 0.3284846 0.2020389 0.1267106 0.1245110 0.1303782 0.1409586 0.1307196 0.1282340 0.1173137 0.0386462 0.0709350 0.0717156 0.0705505 0.0767713 0.0311705 0.0319619 0.0368832 0.0365684 0.0373379 0.0389830 0.0408786 0.0406885 0.0317233 0.0373720 0.0372328 0.0376001 0.0096613 0.0093654 0.0096613 0.0096933 0.0102018 0.0102066 0.0000000 0.0011654 0.0745191 0.1283935 0.0969654 0.0956746 0.0971028 0.1090921 0.1079817 0.1042899 0.1042899 0.1045401 0.1057788 0.1001498 0.1155019 0.1798099 0.0383059 0.0383059 0.0361703 0.0723469 
HQ015391.1_Cyclosalpa_affinis            0.1089041 0.1820827 0.1217863 0.0805461 0.1835283 0.1057418 0.1083831 0.0096261 0.1136925 0.0362953 0.0373605 0.1132208 0.2772231 0.2969778 0.4831575 0.3050882 0.3238584 0.1979920 0.1266790 0.1212933 0.1270143 0.1372474 0.1272441 0.1259252 0.1143338 0.0399018 0.0774430 0.0722178 0.0712579 0.0754528 0.0325374 0.0330953 0.0381773 0.0379503 0.0379720 0.0403856 0.0417850 0.0416628 0.0331133 0.0386817 0.0378670 0.0388956 0.0096613 0.0093654 0.0096380 0.0096884 0.0100212 0.0120045 0.0011654 0.0000000 0.0735020 0.1243261 0.0968114 0.0953924 0.0975248 0.1110088 0.1133658 0.1068734 0.1052976 0.1071298 0.1075403 0.0977759 0.1207492 0.1786293 0.0389172 0.0395223 0.0380378 0.0720243 
HQ015390.1_Thetys_vagina                 0.1049745 0.1783551 0.1141394 0.1125785 0.1797836 0.0845235 0.1012503 0.0770344 0.1196234 0.0670198 0.0873784 0.1062784 0.2252349 0.2566588 0.4641613 0.2700240 0.2979404 0.1694826 0.1014750 0.0961869 0.1094330 0.1225402 0.0987312 0.1020616 0.1010825 0.0868641 0.1011342 0.1011342 0.1011741 0.1016204 0.0826594 0.0818118 0.0847663 0.0842014 0.0849839 0.0905547 0.0894900 0.0890197 0.0646721 0.0783566 0.0779769 0.0794797 0.0759156 0.0709321 0.0756957 0.0761600 0.0749358 0.0705531 0.0745191 0.0735020 0.0000000 0.0642456 0.0894400 0.0890571 0.0922846 0.1000155 0.1007917 0.0980325 0.0977350 0.0982636 0.0990185 0.0788324 0.1188668 0.1681143 0.0826991 0.0826991 0.0991818 0.1033036 
HQ015389.1_Soestia_zonaria               0.1457174 0.2054218 0.1340524 0.1555291 0.2091495 0.1234748 0.1373778 0.1265898 0.1573364 0.1312854 0.1361154 0.1546574 0.2549832 0.2938753 0.5258355 0.3346330 0.3164255 0.2096464 0.1228374 0.1196844 0.1381744 0.1494007 0.1351007 0.1371945 0.1324468 0.1325961 0.1479417 0.1406883 0.1409318 0.1363170 0.1373771 0.1385994 0.1373200 0.1364259 0.1321249 0.1369907 0.1409401 0.1404479 0.1239270 0.1394483 0.1345534 0.1401561 0.1258920 0.1217066 0.1254880 0.1263309 0.1197089 0.1253204 0.1283935 0.1243261 0.0642456 0.0000000 0.1354080 0.1335638 0.1331718 0.1391898 0.1434639 0.1354093 0.1333250 0.1357459 0.1367318 0.1120099 0.1660959 0.2028445 0.1370800 0.1406748 0.1468126 0.1437543 
HQ015388.1_Pegea_bicaudata               0.1410188 0.2059012 0.1445550 0.1455908 0.2075843 0.1222594 0.1362536 0.0999291 0.1492033 0.0927883 0.1096138 0.1391499 0.2916764 0.3113120 0.5473855 0.3198853 0.3612664 0.2121892 0.1348536 0.1340782 0.1397723 0.1631952 0.1541348 0.1491619 0.1339000 0.1115508 0.1387405 0.1325113 0.1318350 0.1258551 0.1079042 0.1097324 0.1074799 0.1067282 0.1058961 0.1123165 0.1182856 0.1178892 0.0867317 0.0990986 0.0970949 0.0990439 0.0999569 0.0958069 0.0996508 0.1002931 0.0981103 0.0942730 0.0969654 0.0968114 0.0894400 0.1354080 0.0000000 0.0034606 0.0089939 0.1392190 0.1423713 0.1333778 0.1313143 0.1337112 0.1355912 0.1118191 0.1565752 0.2064621 0.1119492 0.1135254 0.1167630 0.1353336 
HQ015387.1_Pegea_confoederata            0.1453049 0.2083484 0.1478488 0.1478803 0.2100529 0.1271491 0.1409529 0.0983188 0.1454448 0.0937602 0.1093235 0.1386422 0.2982720 0.3114113 0.5532366 0.3273935 0.3611034 0.2192014 0.1397934 0.1387594 0.1456638 0.1666014 0.1557803 0.1512735 0.1423332 0.1127900 0.1423698 0.1362350 0.1355836 0.1269506 0.1087491 0.1093601 0.1075107 0.1067588 0.1056201 0.1123476 0.1192402 0.1188404 0.0876278 0.1000118 0.0977089 0.0999564 0.0986324 0.0944728 0.0983318 0.0989627 0.0965550 0.0945171 0.0956746 0.0953924 0.0890571 0.1335638 0.0034606 0.0000000 0.0102547 0.1441677 0.1472653 0.1396522 0.1374782 0.1400030 0.1403244 0.1160953 0.1531964 0.2098211 0.1112491 0.1131382 0.1166489 0.1375222 
HQ015386.1_Pegea_confoederata            0.1417419 0.2094922 0.1464835 0.1408518 0.2110271 0.1207341 0.1364697 0.1026040 0.1573153 0.0888065 0.1085524 0.1417040 0.2879465 0.3205625 0.5683542 0.3346591 0.3621458 0.2148515 0.1369102 0.1382509 0.1415840 0.1659789 0.1533873 0.1493174 0.1355616 0.1083075 0.1282276 0.1284500 0.1287216 0.1237571 0.1089952 0.1080581 0.1048846 0.1045611 0.1052151 0.1101135 0.1198280 0.1191648 0.0836624 0.0953420 0.0949889 0.0952900 0.1011949 0.0970578 0.1008838 0.1015362 0.1000309 0.0963409 0.0971028 0.0975248 0.0922846 0.1331718 0.0089939 0.0102547 0.0000000 0.1376450 0.1364123 0.1332169 0.1325521 0.1335517 0.1340908 0.1160662 0.1569279 0.2064508 0.1109218 0.1109218 0.1156739 0.1308248 
