64
HQ015413.1_Thalia_democratica            0.0000000 0.1379068 0.0638669 0.0030246 0.1843851 0.1172318 0.0664833 0.0749345 0.0693490 0.0660363 0.0023143 0.0635533 0.0697729 0.0576354 0.1224360 0.1083407 0.0929754 0.0578569 0.0603162 0.3125427 0.1075161 0.2730952 0.1292343 0.1225010 0.1745615 0.2011025 0.0526015 0.1272356 0.1172500 0.1082642 0.0663706 0.0667325 0.0625470 0.1159765 0.0017343 0.1429752 0.1206763 0.1221791 0.1172318 0.0667068 0.1154125 0.0661195 0.0669774 0.1198739 0.0489734 0.1458834 0.2900594 0.1816355 0.1258456 0.1354517 0.4361408 0.0653448 0.0698940 0.1172787 0.2920390 0.0696276 0.0364643 0.0597386 0.1420397 0.0638614 0.1173042 0.1360988 0.1581394 0.0693336 
AB013017.1_Ciona_intestinalis            0.1379068 0.0000000 0.1247118 0.1416458 0.1356158 0.0734176 0.1101840 0.1158798 0.1221280 0.1163611 0.1376602 0.1242874 0.1099347 0.1099451 0.0741461 0.1392816 0.1077774 0.1125832 0.1151657 0.2323745 0.1407906 0.1930584 0.0365864 0.0748406 0.1297577 0.1265876 0.1152895 0.0785977 0.0728117 0.1482231 0.1211840 0.1178574 0.1137453 0.0634241 0.1354616 0.0528136 0.1389160 0.0715145 0.0745695 0.1130633 0.1380419 0.1185733 0.1180264 0.0739557 0.1059269 0.0605579 0.2243755 0.1359446 0.1228087 0.0577734 0.4027045 0.1197777 0.1115248 0.0659926 0.2843656 0.1107836 0.1532335 0.1154145 0.0548875 0.1110768 0.1359001 0.0633949 0.0710240 0.1111953 
HQ015404.1_Brooksia_rostrata             0.0638669 0.1247118 0.0000000 0.0682735 0.1714638 0.1131988 0.0361122 0.0418595 0.0353635 0.0404803 0.0640124 0.0000010 0.0385639 0.0386127 0.1170795 0.1030396 0.0829096 0.0397347 0.0258244 0.2906840 0.1035888 0.2637661 0.1240909 0.1158645 0.1675991 0.1836572 0.0345158 0.1197945 0.1148531 0.0976851 0.0326269 0.0336238 0.0441384 0.1068649 0.0634539 0.1320572 0.1097800 0.1171321 0.1151149 0.0413459 0.1090951 0.0337119 0.0340355 0.1147522 0.0325218 0.1364616 0.2756467 0.1702182 0.1293082 0.1212325 0.4292161 0.0326269 0.0390190 0.1023987 0.3062517 0.0389081 0.0793665 0.0263523 0.1239947 0.0359141 0.1088904 0.1254238 0.1358717 0.0392132 
D14366.1_Thalia_democratica              0.0030246 0.1416458 0.0682735 0.0000000 0.1903637 0.1235796 0.0705758 0.0786988 0.0743176 0.0715906 0.0048370 0.0682735 0.0744689 0.0635246 0.1235998 0.1114504 0.0989452 0.0635246 0.0645858 0.3373663 0.1116303 0.2797086 0.1310882 0.1250166 0.1768479 0.2061610 0.0584349 0.1321421 0.1235998 0.1089545 0.0705854 0.0707166 0.0685360 0.1173851 0.0048370 0.1440218 0.1264998 0.1233712 0.1236914 0.0715906 0.1213033 0.0707166 0.0716184 0.1235796 0.0548805 0.1495497 0.2991264 0.1891868 0.1335368 0.1340843 0.4575504 0.0705854 0.0744689 0.1202907 0.3026194 0.0744689 0.0399646 0.0653626 0.1422956 0.0697580 0.1244587 0.1365514 0.1663907 0.0747938 
FM244861.1_Doliolum_denticulatum         0.1843851 0.1356158 0.1714638 0.1903637 0.0000000 0.1391546 0.1551209 0.1686966 0.1798170 0.1683801 0.1805103 0.1711536 0.1601291 0.1627421 0.1443983 0.1879748 0.1594920 0.1667895 0.1686954 0.2843784 0.1910427 0.2617788 0.1318747 0.1417848 0.0000010 0.2111406 0.1548253 0.1478454 0.1402367 0.2091420 0.1666416 0.1705879 0.1675528 0.1271615 0.1786497 0.1423838 0.1851809 0.1429829 0.1405573 0.1633506 0.1847174 0.1699430 0.1680975 0.1402051 0.1436592 0.1407913 0.3050632 0.0005688 0.1855722 0.1401947 0.4350101 0.1678368 0.1638343 0.1317901 0.3453780 0.1638927 0.1951130 0.1669381 0.1330080 0.1647669 0.1818274 0.1469561 0.1572532 0.1642302 
HQ015382.1_Pyrosomella_verticillata      0.1172318 0.0734176 0.1131988 0.1235796 0.1391546 0.0000000 0.1016609 0.1091576 0.1087296 0.0944920 0.1196979 0.1128186 0.1032792 0.0916867 0.0017564 0.1431752 0.0941718 0.0942438 0.1019423 0.2421383 0.1427058 0.2135917 0.0604007 0.0011495 0.1300853 0.1321500 0.0922601 0.0052044 0.0011379 0.1411561 0.1071226 0.1090602 0.0929522 0.0018852 0.1175689 0.0637837 0.1341449 0.0011907 0.0000010 0.0954769 0.1297996 0.1082874 0.1077590 0.0000010 0.0859186 0.0690508 0.2259902 0.1370680 0.1249819 0.0667324 0.3902604 0.1053109 0.1052849 0.0301694 0.2736761 0.1045990 0.1368297 0.1001646 0.0688281 0.0975244 0.1284887 0.0686655 0.0875131 0.1049259 
HQ015397.1_Cyclosalpa_quadriluminis      0.0664833 0.1101840 0.0361122 0.0705758 0.1551209 0.1016609 0.0000000 0.0049030 0.0371749 0.0092226 0.0670963 0.0361122 0.0000010 0.0385032 0.1022382 0.0924915 0.0671690 0.0385032 0.0292358 0.2651908 0.0926363 0.2538703 0.1206583 0.1040925 0.1560536 0.1743480 0.0388387 0.1085907 0.1016765 0.0940278 0.0342474 0.0321259 0.0392654 0.0992845 0.0670963 0.1168485 0.0923172 0.1025587 0.1016609 0.0092226 0.0931726 0.0321259 0.0328606 0.1016609 0.0358404 0.1191415 0.2706553 0.1540366 0.1147611 0.1102996 0.4385029 0.0342474 0.0000010 0.0946279 0.2989905 0.0000010 0.0728671 0.0292196 0.1097130 0.0098462 0.0922365 0.1108210 0.1333771 0.0000010 
FM244864.1_Cyclosalpa_quadriluminis      0.0749345 0.1158798 0.0418595 0.0786988 0.1686966 0.1091576 0.0049030 0.0000000 0.0423264 0.0147046 0.0749886 0.0419294 0.0070893 0.0438681 0.1113114 0.1065605 0.0745820 0.0426785 0.0338388 0.2806996 0.1080939 0.2645638 0.1268807 0.1114086 0.1616016 0.1818437 0.0404489 0.1194260 0.1108269 0.1039580 0.0389906 0.0369881 0.0434237 0.1025933 0.0747881 0.1272256 0.0994078 0.1122750 0.1110795 0.0144379 0.1009530 0.0370872 0.0390297 0.1107300 0.0373634 0.1291465 0.2829820 0.1717153 0.1211665 0.1167712 0.4477847 0.0418077 0.0047918 0.0981359 0.3177287 0.0047824 0.0793022 0.0334091 0.1176699 0.0133899 0.0986553 0.1223286 0.1418135 0.0048177 
HQ015405.1_Salpa_aspera                  0.0693490 0.1221280 0.0353635 0.0743176 0.1798170 0.1087296 0.0371749 0.0423264 0.0000000 0.0400061 0.0699391 0.0351994 0.0398765 0.0418675 0.1123114 0.1041931 0.0839627 0.0420216 0.0309500 0.2910262 0.1035552 0.2578007 0.1089242 0.1124556 0.1743339 0.1808578 0.0382882 0.1171456 0.1087866 0.1094394 0.0113559 0.0089519 0.0449961 0.1010606 0.0699391 0.1283197 0.1020915 0.1119372 0.1087296 0.0413602 0.1009141 0.0088804 0.0094931 0.1099334 0.0351089 0.1317747 0.2917267 0.1771213 0.1247201 0.1253325 0.4620485 0.0113011 0.0403906 0.1087300 0.3086419 0.0402441 0.0808066 0.0316195 0.1210862 0.0355184 0.1020013 0.1248506 0.1390184 0.0400847 
HQ015392.1_Cyclosalpa_affinis            0.0660363 0.1163611 0.0404803 0.0715906 0.1683801 0.0944920 0.0092226 0.0147046 0.0400061 0.0000000 0.0670704 0.0402930 0.0100399 0.0376473 0.0977545 0.1011188 0.0720728 0.0377846 0.0319258 0.2770177 0.1003611 0.2551173 0.1209492 0.0981019 0.1603660 0.1755887 0.0354304 0.1015265 0.0945055 0.1020345 0.0378948 0.0380317 0.0387038 0.0904426 0.0663461 0.1195023 0.0949108 0.0986798 0.0947117 0.0011538 0.0939908 0.0377056 0.0384351 0.0958005 0.0323509 0.1199710 0.2797714 0.1658437 0.1216964 0.1137665 0.4362016 0.0375938 0.0095464 0.0917575 0.3079934 0.0095140 0.0758881 0.0311672 0.1079730 0.0106399 0.0940483 0.1151382 0.1290511 0.0095139 
HQ015414.1_Thalia_democratica            0.0023143 0.1376602 0.0640124 0.0048370 0.1805103 0.1196979 0.0670963 0.0749886 0.0699391 0.0670704 0.0000000 0.0637007 0.0698691 0.0571570 0.1240853 0.1091576 0.0929349 0.0582532 0.0604873 0.3111709 0.1083325 0.2750406 0.1306117 0.1241300 0.1709714 0.2033475 0.0525149 0.1288415 0.1200940 0.1080841 0.0664958 0.0668554 0.0628971 0.1187730 0.0005730 0.1445276 0.1211508 0.1248768 0.1203623 0.0675497 0.1150847 0.0664327 0.0670974 0.1218089 0.0496054 0.1464803 0.2907289 0.1778264 0.1256958 0.1370396 0.4409095 0.0661989 0.0701465 0.1189261 0.2871942 0.0697258 0.0355155 0.0606135 0.1415264 0.0647157 0.1178082 0.1376888 0.1605105 0.0699233 
HQ015403.1_Brooksia_rostrata             0.0635533 0.1242874 0.0000010 0.0682735 0.1711536 0.1128186 0.0361122 0.0419294 0.0351994 0.0402930 0.0637007 0.0000000 0.0384508 0.0384993 0.1170795 0.1027007 0.0824886 0.0395513 0.0257096 0.2895175 0.1030340 0.2638943 0.1240909 0.1156567 0.1675991 0.1829936 0.0343440 0.1193880 0.1142153 0.0976851 0.0325313 0.0335136 0.0439322 0.1068649 0.0632600 0.1320572 0.1094213 0.1171321 0.1144743 0.0412242 0.1085109 0.0335572 0.0339355 0.1143735 0.0323691 0.1359979 0.2745631 0.1696201 0.1288768 0.1214987 0.4272226 0.0325313 0.0390190 0.1026115 0.3050069 0.0387996 0.0791181 0.0262765 0.1235747 0.0357510 0.1085358 0.1257017 0.1353995 0.0390316 
HQ015394.1_Cyclosalpa_polae              0.0697729 0.1099347 0.0385639 0.0744689 0.1601291 0.1032792 0.0000010 0.0070893 0.0398765 0.0100399 0.0698691 0.0384508 0.0000000 0.0399982 0.1073394 0.0966448 0.0709632 0.0404459 0.0303375 0.2670403 0.0981954 0.2628782 0.1206583 0.1055827 0.1560536 0.1720940 0.0382257 0.1139359 0.1048049 0.0991475 0.0397381 0.0350226 0.0411260 0.0989740 0.0697355 0.1214035 0.0950083 0.1082037 0.1050367 0.0098645 0.0958623 0.0348164 0.0359748 0.1048530 0.0357690 0.1205078 0.2707187 0.1589786 0.1169368 0.1144033 0.4373660 0.0441629 0.0000010 0.0931878 0.3050065 0.0000010 0.0764976 0.0306501 0.1108352 0.0100163 0.0942773 0.1179788 0.1390299 0.0000010 
HQ015400.1_Iasis_cylindrica              0.0576354 0.1099451 0.0386127 0.0635246 0.1627421 0.0916867 0.0385032 0.0438681 0.0418675 0.0376473 0.0571570 0.0384993 0.0399982 0.0000000 0.0961111 0.1036635 0.0733542 0.0005801 0.0330116 0.2530128 0.1044193 0.2628488 0.1062092 0.0946411 0.1567183 0.1679108 0.0012678 0.1048177 0.0930132 0.0938105 0.0396581 0.0378320 0.0058795 0.0912072 0.0571732 0.1150759 0.0920875 0.0967049 0.0932165 0.0382408 0.0885608 0.0376365 0.0428074 0.0938431 0.0000010 0.1182609 0.2625831 0.1613704 0.1247993 0.1102552 0.4228640 0.0438958 0.0400794 0.0907313 0.2909334 0.0398516 0.0692148 0.0332738 0.1101606 0.0344863 0.0905975 0.1186111 0.1330126 0.0399570 
HQ015384.1_Pyrosoma_godeauxi             0.1224360 0.0741461 0.1170795 0.1235998 0.1443983 0.0017564 0.1022382 0.1113114 0.1123114 0.0977545 0.1240853 0.1170795 0.1073394 0.0961111 0.0000000 0.1493071 0.0970685 0.0966846 0.1054050 0.2559838 0.1483902 0.2233992 0.0577780 0.0023496 0.1301069 0.1389889 0.0944782 0.0047496 0.0000010 0.1416853 0.1117731 0.1114318 0.0954723 0.0000010 0.1236034 0.0639321 0.1401929 0.0000010 0.0011777 0.0997167 0.1335713 0.1117956 0.1131475 0.0011749 0.0889360 0.0705584 0.2310266 0.1433836 0.1309692 0.0650253 0.4084808 0.1117731 0.1070186 0.0314360 0.2864492 0.1067543 0.1442089 0.1062658 0.0693970 0.1016597 0.1357332 0.0684395 0.0908452 0.1077702 
FM244865.1_Ihlea_racovitzai              0.1083407 0.1392816 0.1030396 0.1114504 0.1879748 0.1431752 0.0924915 0.1065605 0.1041931 0.1011188 0.1091576 0.1027007 0.0966448 0.1036635 0.1493071 0.0000000 0.1083032 0.1069051 0.1033569 0.3013610 0.0000010 0.2746918 0.1440660 0.1463243 0.1861368 0.2073338 0.0984069 0.1508173 0.1455147 0.0698897 0.0969455 0.0961064 0.1070305 0.1278250 0.1084852 0.1415454 0.1277570 0.1474018 0.1458608 0.0988846 0.1371423 0.0961717 0.0950467 0.1458608 0.0917546 0.1430857 0.2932183 0.1876406 0.1446341 0.1398670 0.4973851 0.0978696 0.0994416 0.1225821 0.3063470 0.0988041 0.1087301 0.1027212 0.1327105 0.1036024 0.1298946 0.1376145 0.1615070 0.0994069 
HQ015390.1_Thetys_vagina                 0.0929754 0.1077774 0.0829096 0.0989452 0.1594920 0.0941718 0.0671690 0.0745820 0.0839627 0.0720728 0.0929349 0.0824886 0.0709632 0.0733542 0.0970685 0.1083032 0.0000000 0.0746346 0.0769354 0.2397419 0.1076509 0.2071874 0.0936951 0.0974184 0.1489059 0.1568149 0.0630398 0.1008708 0.0944695 0.0931422 0.0812076 0.0788407 0.0756108 0.0791583 0.0929349 0.0965307 0.0843068 0.0963318 0.0946737 0.0711614 0.0876696 0.0783291 0.0790098 0.0953842 0.0609433 0.1033706 0.2344677 0.1571212 0.0569097 0.0909862 0.4048114 0.0807456 0.0721078 0.0760596 0.2747022 0.0716679 0.0953894 0.0777329 0.0955605 0.0681969 0.0845786 0.0956369 0.1129852 0.0718746 
HQ015401.1_Iasis_cylindrica              0.0578569 0.1125832 0.0397347 0.0635246 0.1667895 0.0942438 0.0385032 0.0426785 0.0420216 0.0377846 0.0582532 0.0395513 0.0404459 0.0005801 0.0966846 0.1069051 0.0746346 0.0000000 0.0339999 0.2619034 0.1068129 0.2569776 0.1062092 0.0970438 0.1567183 0.1723929 0.0012678 0.1016329 0.0934136 0.0951151 0.0383947 0.0386082 0.0064944 0.0912072 0.0582532 0.1171642 0.0943156 0.0967049 0.0936187 0.0398007 0.0899183 0.0377736 0.0391797 0.0938431 0.0000010 0.1226000 0.2675290 0.1647029 0.1290188 0.1131151 0.4288921 0.0383651 0.0400794 0.0929001 0.2990049 0.0406367 0.0714343 0.0346707 0.1139002 0.0353599 0.0934525 0.1175816 0.1260030 0.0399773 
HQ015410.1_Ritteriella_retracta          0.0603162 0.1151657 0.0258244 0.0645858 0.1686954 0.1019423 0.0292358 0.0338388 0.0309500 0.0319258 0.0604873 0.0257096 0.0303375 0.0330116 0.1054050 0.1033569 0.0769354 0.0339999 0.0000000 0.2713064 0.1037024 0.2657567 0.1130179 0.1045250 0.1617521 0.1752138 0.0285648 0.1078776 0.1027465 0.0978839 0.0260772 0.0263170 0.0341028 0.0958024 0.0602902 0.1217082 0.1000150 0.1061584 0.1029750 0.0330162 0.0985672 0.0261642 0.0266777 0.1028691 0.0274248 0.1257965 0.2675346 0.1661762 0.1274998 0.1186024 0.4324132 0.0265899 0.0309202 0.0947304 0.2884927 0.0307478 0.0708259 0.0005750 0.1136922 0.0270005 0.1002368 0.1182296 0.1329049 0.0308272 
M97571.1_Branchiostoma_floridae          0.3125427 0.2323745 0.2906840 0.3373663 0.2843784 0.2421383 0.2651908 0.2806996 0.2910262 0.2770177 0.3111709 0.2895175 0.2670403 0.2530128 0.2559838 0.3013610 0.2397419 0.2619034 0.2713064 0.0000000 0.2999060 0.2762011 0.2088190 0.2514005 0.2731875 0.2437144 0.2460997 0.2551971 0.2455583 0.3128064 0.2722031 0.2829233 0.2634835 0.2343371 0.3037768 0.2279789 0.3096300 0.2553457 0.2461968 0.2723672 0.3029357 0.2791733 0.2755780 0.2507469 0.2276428 0.2134829 0.2076825 0.2817930 0.2878273 0.2207358 0.4170335 0.2675988 0.2755835 0.2320583 0.3632237 0.2745428 0.2933255 0.2649234 0.2124849 0.2645276 0.3007814 0.2214762 0.2241589 0.2727737 
HQ015378.1_Ihlea_racovitzai              0.1075161 0.1407906 0.1035888 0.1116303 0.1910427 0.1427058 0.0926363 0.1080939 0.1035552 0.1003611 0.1083325 0.1030340 0.0981954 0.1044193 0.1483902 0.0000010 0.1076509 0.1068129 0.1037024 0.2999060 0.0000000 0.2770232 0.1444868 0.1476744 0.1864791 0.2081493 0.0985706 0.1510660 0.1443177 0.0699910 0.0981419 0.0962544 0.1067950 0.1280532 0.1075774 0.1419099 0.1271989 0.1476616 0.1446584 0.0993680 0.1368239 0.0955935 0.0956506 0.1461094 0.0910626 0.1438476 0.3005841 0.1882356 0.1457575 0.1411182 0.5052256 0.0974170 0.0995948 0.1233468 0.3069888 0.0989555 0.1088110 0.1032245 0.1334082 0.1028315 0.1299963 0.1345855 0.1612352 0.0992595 
L12426.2_Molgula_manhattensis            0.2730952 0.1930584 0.2637661 0.2797086 0.2617788 0.2135917 0.2538703 0.2645638 0.2578007 0.2551173 0.2750406 0.2638943 0.2628782 0.2628488 0.2233992 0.2746918 0.2071874 0.2569776 0.2657567 0.2762011 0.2770232 0.0000000 0.1630046 0.2205578 0.2538726 0.1454059 0.2541527 0.2421151 0.2173764 0.2765073 0.2559064 0.2557694 0.2575214 0.2119736 0.2685198 0.1910514 0.2699154 0.2224909 0.2179176 0.2489591 0.2601606 0.2555592 0.2642637 0.2207258 0.2350436 0.1780400 0.2908172 0.2609541 0.2454173 0.1858623 0.5344837 0.2661364 0.2575662 0.1975800 0.3489784 0.2566850 0.2875307 0.2589089 0.1846178 0.2545861 0.2638253 0.1917368 0.1902222 0.2597349 
AJ250778.1_Ciona_intestinalis            0.1292343 0.0365864 0.1240909 0.1310882 0.1318747 0.0604007 0.1206583 0.1268807 0.1089242 0.1209492 0.1306117 0.1240909 0.1206583 0.1062092 0.0577780 0.1440660 0.0936951 0.1062092 0.1130179 0.2088190 0.1444868 0.1630046 0.0000000 0.0605213 0.1318747 0.0901119 0.1095640 0.0623857 0.0577780 0.1516336 0.1143520 0.1151991 0.1075047 0.0577780 0.1306117 0.0338730 0.1524803 0.0577780 0.0604007 0.1178505 0.1487849 0.1151991 0.1151991 0.0604007 0.1062092 0.0314707 0.1905142 0.1318747 0.1223832 0.0453726 0.4128320 0.1143520 0.1206583 0.0624313 0.2346452 0.1206583 0.1574727 0.1146732 0.0315015 0.1147980 0.1510397 0.0479331 0.0495793 0.1206583 
FM244863.1_Pyrosomella_verticillata      0.1225010 0.0748406 0.1158645 0.1250166 0.1417848 0.0011495 0.1040925 0.1114086 0.1124556 0.0981019 0.1241300 0.1156567 0.1055827 0.0946411 0.0023496 0.1463243 0.0974184 0.0970438 0.1045250 0.2514005 0.1476744 0.2205578 0.0605213 0.0000000 0.1315601 0.1354992 0.0950395 0.0064296 0.0023287 0.1442683 0.1098757 0.1116271 0.0958439 0.0031615 0.1225384 0.0657066 0.1374987 0.0017933 0.0011637 0.0981580 0.1335006 0.1119872 0.1112071 0.0011615 0.0893934 0.0721255 0.2270561 0.1406739 0.1286131 0.0685023 0.3979521 0.1098757 0.1077768 0.0316666 0.2815304 0.1070691 0.1413714 0.1045231 0.0701690 0.1019618 0.1331688 0.0695345 0.0912343 0.1080062 
HQ015376.1_Doliolum_denticulatum         0.1745615 0.1297577 0.1675991 0.1768479 0.0000010 0.1300853 0.1560536 0.1616016 0.1743339 0.1603660 0.1709714 0.1675991 0.1560536 0.1567183 0.1301069 0.1861368 0.1489059 0.1567183 0.1617521 0.2731875 0.1864791 0.2538726 0.1318747 0.1315601 0.0000000 0.2030001 0.1582014 0.1389348 0.1301069 0.1943803 0.1633570 0.1652457 0.1562823 0.1268928 0.1709714 0.1337586 0.1833316 0.1305231 0.1300853 0.1584049 0.1805542 0.1652457 0.1666510 0.1300853 0.1468077 0.1355662 0.2994243 0.0000010 0.1794611 0.1326186 0.4386403 0.1633570 0.1560536 0.1244049 0.3303592 0.1560536 0.1862516 0.1628619 0.1288150 0.1570633 0.1804803 0.1366350 0.1511201 0.1560536 
AY903925.1_Halocynthia_igaboja           0.2011025 0.1265876 0.1836572 0.2061610 0.2111406 0.1321500 0.1743480 0.1818437 0.1808578 0.1755887 0.2033475 0.1829936 0.1720940 0.1679108 0.1389889 0.2073338 0.1568149 0.1723929 0.1752138 0.2437144 0.2081493 0.1454059 0.0901119 0.1354992 0.2030001 0.0000000 0.1687767 0.1438141 0.1361336 0.2032181 0.1830009 0.1836682 0.1737745 0.1265178 0.2002401 0.1165073 0.1998857 0.1395332 0.1345002 0.1728000 0.1978797 0.1837818 0.1823353 0.1349671 0.1583080 0.1059570 0.2325554 0.2094679 0.1904587 0.1149800 0.4282389 0.1812632 0.1747125 0.1233141 0.2914188 0.1734355 0.2070007 0.1728953 0.1100656 0.1712420 0.1931480 0.1145990 0.1289328 0.1743268 
FM244866.1_Iasis_cylindrica              0.0526015 0.1152895 0.0345158 0.0584349 0.1548253 0.0922601 0.0388387 0.0404489 0.0382882 0.0354304 0.0525149 0.0343440 0.0382257 0.0012678 0.0944782 0.0984069 0.0630398 0.0012678 0.0285648 0.2460997 0.0985706 0.2541527 0.1095640 0.0950395 0.1582014 0.1687767 0.0000000 0.0979338 0.0922745 0.0884498 0.0330667 0.0339751 0.0064232 0.0937058 0.0525149 0.1154159 0.0873560 0.0947914 0.0922601 0.0368813 0.0827226 0.0338980 0.0346778 0.0925647 0.0012678 0.1187540 0.2604820 0.1531294 0.1200925 0.1101219 0.4299088 0.0330667 0.0384838 0.0940410 0.2696950 0.0383338 0.0606204 0.0292825 0.1105667 0.0328449 0.0864426 0.1159748 0.1327345 0.0382257 
AB013011.1_Pyrosoma_atlanticum           0.1272356 0.0785977 0.1197945 0.1321421 0.1478454 0.0052044 0.1085907 0.1194260 0.1171456 0.1015265 0.1288415 0.1193880 0.1139359 0.1048177 0.0047496 0.1508173 0.1008708 0.1016329 0.1078776 0.2551971 0.1510660 0.2421151 0.0623857 0.0064296 0.1389348 0.1438141 0.0979338 0.0000000 0.0040829 0.1460737 0.1183687 0.1170857 0.1002696 0.0051044 0.1280243 0.0683527 0.1429237 0.0042304 0.0052716 0.1018831 0.1385002 0.1166089 0.1227568 0.0052906 0.0937933 0.0741658 0.2325177 0.1452035 0.1361029 0.0712626 0.4108396 0.1238015 0.1121008 0.0351958 0.2857307 0.1113585 0.1422678 0.1083851 0.0732494 0.1063609 0.1376861 0.0766150 0.1030369 0.1117133 
HQ015383.1_Pyrosomella_verticillata      0.1172500 0.0728117 0.1148531 0.1235998 0.1402367 0.0011379 0.1016765 0.1108269 0.1087866 0.0945055 0.1200940 0.1142153 0.1048049 0.0930132 0.0000010 0.1455147 0.0944695 0.0934136 0.1027465 0.2455583 0.1443177 0.2173764 0.0577780 0.0023287 0.1301069 0.1361336 0.0922745 0.0040829 0.0000000 0.1419339 0.1087445 0.1094257 0.0932498 0.0006268 0.1192398 0.0627983 0.1362575 0.0000010 0.0011398 0.0968592 0.1304776 0.1083039 0.1093894 0.0011574 0.0859309 0.0684175 0.2269160 0.1381115 0.1268734 0.0660481 0.3923114 0.1068781 0.1053746 0.0305361 0.2773889 0.1049419 0.1390275 0.1016337 0.0681876 0.0978342 0.1304967 0.0680056 0.0870588 0.1049416 
HQ015377.1_Salpidae_gen._nov._sp._nov._A 0.1082642 0.1482231 0.0976851 0.1089545 0.2091420 0.1411561 0.0940278 0.1039580 0.1094394 0.1020345 0.1080841 0.0976851 0.0991475 0.0938105 0.1416853 0.0698897 0.0931422 0.0951151 0.0978839 0.3128064 0.0699910 0.2765073 0.1516336 0.1442683 0.1943803 0.2032181 0.0884498 0.1460737 0.1419339 0.0000000 0.0993921 0.1044972 0.0931693 0.1238293 0.1078958 0.1436317 0.1245179 0.1415888 0.1422789 0.1024432 0.1273751 0.1048269 0.1053805 0.1417962 0.0817589 0.1555623 0.2712581 0.2077081 0.1428329 0.1382980 0.5053681 0.0993921 0.0995590 0.1208196 0.3089523 0.0993188 0.1058610 0.0988174 0.1484205 0.1009342 0.1248261 0.1409349 0.1627926 0.1002403 
FM244867.1_Salpa_thompsoni               0.0663706 0.1211840 0.0326269 0.0705854 0.1666416 0.1071226 0.0342474 0.0389906 0.0113559 0.0378948 0.0664958 0.0325313 0.0397381 0.0396581 0.1117731 0.0969455 0.0812076 0.0383947 0.0260772 0.2722031 0.0981419 0.2559064 0.1143520 0.1098757 0.1633570 0.1830009 0.0330667 0.1183687 0.1087445 0.0993921 0.0000000 0.0082770 0.0413330 0.0998065 0.0664021 0.1277711 0.1005607 0.1096264 0.1089903 0.0384877 0.0996967 0.0082709 0.0104824 0.1091639 0.0304168 0.1324682 0.2763814 0.1688799 0.1261329 0.1248267 0.4411390 0.0022866 0.0380372 0.1055482 0.2937255 0.0378214 0.0762387 0.0264139 0.1201103 0.0320264 0.0998220 0.1267203 0.1437744 0.0379697 
HQ015409.1_Salpa_fusiformis              0.0667325 0.1178574 0.0336238 0.0707166 0.1705879 0.1090602 0.0321259 0.0369881 0.0089519 0.0380317 0.0668554 0.0335136 0.0350226 0.0378320 0.1114318 0.0961064 0.0788407 0.0386082 0.0263170 0.2829233 0.0962544 0.2557694 0.1151991 0.1116271 0.1652457 0.1836682 0.0339751 0.1170857 0.1094257 0.1044972 0.0082770 0.0000000 0.0415657 0.1010922 0.0668554 0.1289794 0.0970453 0.1119652 0.1096746 0.0392771 0.0954954 0.0000010 0.0005820 0.1094024 0.0312946 0.1305369 0.2774911 0.1693381 0.1243200 0.1256255 0.4500747 0.0082770 0.0352392 0.1070185 0.3063305 0.0350401 0.0750761 0.0269758 0.1209056 0.0334508 0.0969623 0.1233508 0.1411545 0.0352971 
HQ015399.1_Iasis_cylindrica              0.0625470 0.1137453 0.0441384 0.0685360 0.1675528 0.0929522 0.0392654 0.0434237 0.0449961 0.0387038 0.0628971 0.0439322 0.0411260 0.0058795 0.0954723 0.1070305 0.0756108 0.0064944 0.0341028 0.2634835 0.1067950 0.2575214 0.1075047 0.0958439 0.1562823 0.1737745 0.0064232 0.1002696 0.0932498 0.0931693 0.0413330 0.0415657 0.0000000 0.0897977 0.0628971 0.1203697 0.0934007 0.0955199 0.0923736 0.0399498 0.0890166 0.0414565 0.0420923 0.0938000 0.0048286 0.1251214 0.2669606 0.1651978 0.1294563 0.1125829 0.4489417 0.0412569 0.0416019 0.0946199 0.2963655 0.0413643 0.0761913 0.0347760 0.1163857 0.0368126 0.0925400 0.1145663 0.1290794 0.0407005 
FM244862.1_Pyrosoma_godeauxi             0.1159765 0.0634241 0.1068649 0.1173851 0.1271615 0.0018852 0.0992845 0.1025933 0.1010606 0.0904426 0.1187730 0.1068649 0.0989740 0.0912072 0.0000010 0.1278250 0.0791583 0.0912072 0.0958024 0.2343371 0.1280532 0.2119736 0.0577780 0.0031615 0.1268928 0.1265178 0.0937058 0.0051044 0.0006268 0.1238293 0.0998065 0.1010922 0.0897977 0.0000000 0.1187730 0.0505800 0.1216934 0.0000010 0.0018852 0.0922208 0.1159264 0.1010922 0.1022429 0.0018852 0.0912072 0.0589045 0.2132530 0.1260167 0.1128006 0.0516884 0.3954423 0.0998065 0.0989740 0.0221652 0.2465132 0.0989740 0.1311309 0.0967746 0.0561063 0.0947691 0.1172253 0.0554654 0.0826796 0.0989740 
HQ015415.1_Thalia_democratica            0.0017343 0.1354616 0.0634539 0.0048370 0.1786497 0.1175689 0.0670963 0.0747881 0.0699391 0.0663461 0.0005730 0.0632600 0.0697355 0.0571732 0.1236034 0.1084852 0.0929349 0.0582532 0.0602902 0.3037768 0.1075774 0.2685198 0.1306117 0.1225384 0.1709714 0.2002401 0.0525149 0.1280243 0.1192398 0.1078958 0.0664021 0.0668554 0.0628971 0.1187730 0.0000000 0.1436282 0.1184667 0.1248768 0.1195062 0.0667312 0.1148855 0.0664327 0.0669967 0.1218089 0.0488981 0.1443383 0.2882158 0.1761578 0.1247821 0.1351348 0.4307313 0.0646117 0.0701465 0.1176217 0.2830166 0.0697258 0.0350966 0.0598977 0.1394674 0.0640038 0.1152634 0.1366606 0.1569677 0.0699233 
AB104873.1_Perophora_sagamiensis         0.1429752 0.0528136 0.1320572 0.1440218 0.1423838 0.0637837 0.1168485 0.1272256 0.1283197 0.1195023 0.1445276 0.1320572 0.1214035 0.1150759 0.0639321 0.1415454 0.0965307 0.1171642 0.1217082 0.2279789 0.1419099 0.1910514 0.0338730 0.0657066 0.1337586 0.1165073 0.1154159 0.0683527 0.0627983 0.1436317 0.1277711 0.1289794 0.1203697 0.0505800 0.1436282 0.0000000 0.1418504 0.0612319 0.0644854 0.1174540 0.1417125 0.1294122 0.1292688 0.0643052 0.1070712 0.0410398 0.1963913 0.1423564 0.1270099 0.0424735 0.4009685 0.1277711 0.1225587 0.0518876 0.2647656 0.1222482 0.1593181 0.1224241 0.0362366 0.1189747 0.1399504 0.0453535 0.0539184 0.1222698 
HQ015387.1_Pegea_confoederata            0.1206763 0.1389160 0.1097800 0.1264998 0.1851809 0.1341449 0.0923172 0.0994078 0.1020915 0.0949108 0.1211508 0.1094213 0.0950083 0.0920875 0.1401929 0.1277570 0.0843068 0.0943156 0.1000150 0.3096300 0.1271989 0.2699154 0.1524803 0.1374987 0.1833316 0.1998857 0.0873560 0.1429237 0.1362575 0.1245179 0.1005607 0.0970453 0.0934007 0.1216934 0.1184667 0.1418504 0.0000000 0.1407738 0.1365718 0.0953751 0.0100694 0.0963851 0.0963113 0.1369741 0.0818107 0.1386469 0.2886980 0.1838813 0.1289354 0.1313559 0.4745597 0.0998872 0.0964533 0.1113299 0.3318998 0.0958335 0.1188683 0.1004790 0.1355164 0.0915239 0.0034143 0.1330930 0.1526506 0.0961278 
HQ015385.1_Pyrosoma_atlanticum           0.1221791 0.0715145 0.1171321 0.1233712 0.1429829 0.0011907 0.1025587 0.1122750 0.1119372 0.0986798 0.1248768 0.1171321 0.1082037 0.0967049 0.0000010 0.1474018 0.0963318 0.0967049 0.1061584 0.2553457 0.1476616 0.2224909 0.0577780 0.0017933 0.1305231 0.1395332 0.0947914 0.0042304 0.0000010 0.1415888 0.1096264 0.1119652 0.0955199 0.0000010 0.1248768 0.0612319 0.1407738 0.0000000 0.0011907 0.1003962 0.1348275 0.1119652 0.1131148 0.0011907 0.0892116 0.0689637 0.2287953 0.1419497 0.1302282 0.0640876 0.4029189 0.1096264 0.1082037 0.0307118 0.2845659 0.1082037 0.1448923 0.1071109 0.0684931 0.1029849 0.1362087 0.0666854 0.0892762 0.1082037 
HQ015381.1_Pyrosoma_atlanticum           0.1172318 0.0745695 0.1151149 0.1236914 0.1405573 0.0000010 0.1016609 0.1110795 0.1087296 0.0947117 0.1203623 0.1144743 0.1050367 0.0932165 0.0011777 0.1458608 0.0946737 0.0936187 0.1029750 0.2461968 0.1446584 0.2179176 0.0604007 0.0011637 0.1300853 0.1345002 0.0922601 0.0052716 0.0011398 0.1422789 0.1089903 0.1096746 0.0923736 0.0018852 0.1195062 0.0644854 0.1365718 0.0011907 0.0000000 0.0970705 0.1307790 0.1085479 0.1096363 0.0000010 0.0859186 0.0700973 0.2275031 0.1384248 0.1271563 0.0677833 0.3935191 0.1071159 0.1056105 0.0305954 0.2781430 0.1051760 0.1393540 0.1018574 0.0698792 0.0980464 0.1307965 0.0697428 0.0889147 0.1049259 
HQ015391.1_Cyclosalpa_affinis            0.0667068 0.1130633 0.0413459 0.0715906 0.1633506 0.0954769 0.0092226 0.0144379 0.0413602 0.0011538 0.0675497 0.0412242 0.0098645 0.0382408 0.0997167 0.0988846 0.0711614 0.0398007 0.0330162 0.2723672 0.0993680 0.2489591 0.1178505 0.0981580 0.1584049 0.1728000 0.0368813 0.1018831 0.0968592 0.1024432 0.0384877 0.0392771 0.0399498 0.0922208 0.0667312 0.1174540 0.0953751 0.1003962 0.0970705 0.0000000 0.0942951 0.0390435 0.0390168 0.0973829 0.0336985 0.1170698 0.2756992 0.1622449 0.1180774 0.1109486 0.4336218 0.0395010 0.0095416 0.0896675 0.3036106 0.0094907 0.0746156 0.0324850 0.1054000 0.0124011 0.0938293 0.1162730 0.1269010 0.0095139 
HQ015386.1_Pegea_confoederata            0.1154125 0.1380419 0.1090951 0.1213033 0.1847174 0.1297996 0.0931726 0.1009530 0.1009141 0.0939908 0.1150847 0.1085109 0.0958623 0.0885608 0.1335713 0.1371423 0.0876696 0.0899183 0.0985672 0.3029357 0.1368239 0.2601606 0.1487849 0.1335006 0.1805542 0.1978797 0.0827226 0.1385002 0.1304776 0.1273751 0.0996967 0.0954954 0.0890166 0.1159264 0.1148855 0.1417125 0.0100694 0.1348275 0.1307790 0.0942951 0.0000000 0.0952095 0.0957610 0.1313002 0.0780701 0.1346582 0.2953549 0.1834354 0.1264949 0.1324303 0.4914444 0.0994817 0.0972951 0.1126804 0.3327525 0.0966696 0.1156173 0.0994483 0.1290695 0.0910097 0.0088435 0.1310484 0.1559693 0.0969668 
HQ015408.1_Salpa_maxima                  0.0661195 0.1185733 0.0337119 0.0707166 0.1699430 0.1082874 0.0321259 0.0370872 0.0088804 0.0377056 0.0664327 0.0335572 0.0348164 0.0376365 0.1117956 0.0961717 0.0783291 0.0377736 0.0261642 0.2791733 0.0955935 0.2555592 0.1151991 0.1119872 0.1652457 0.1837818 0.0338980 0.1166089 0.1083039 0.1048269 0.0082709 0.0000010 0.0414565 0.1010922 0.0664327 0.1294122 0.0963851 0.1119652 0.1085479 0.0390435 0.0952095 0.0000000 0.0005779 0.1094808 0.0310230 0.1295881 0.2792114 0.1673937 0.1235444 0.1260412 0.4479606 0.0082315 0.0352586 0.1073587 0.3029600 0.0351323 0.0745890 0.0268190 0.1200343 0.0332556 0.0963034 0.1237598 0.1400863 0.0351320 
HQ015407.1_Salpa_maxima                  0.0669774 0.1180264 0.0340355 0.0716184 0.1680975 0.1077590 0.0328606 0.0390297 0.0094931 0.0384351 0.0670974 0.0339355 0.0359748 0.0428074 0.1131475 0.0950467 0.0790098 0.0391797 0.0266777 0.2755780 0.0956506 0.2642637 0.1151991 0.1112071 0.1666510 0.1823353 0.0346778 0.1227568 0.1093894 0.1053805 0.0104824 0.0005820 0.0420923 0.1022429 0.0669967 0.1292688 0.0963113 0.1131148 0.1096363 0.0390168 0.0957610 0.0005779 0.0000000 0.1105018 0.0317447 0.1286963 0.2768544 0.1666327 0.1284021 0.1249516 0.4454456 0.0145887 0.0359645 0.1068394 0.3008117 0.0357609 0.0742169 0.0270077 0.1185474 0.0338733 0.0955819 0.1268487 0.1487791 0.0358549 
HQ015380.1_Pyrosomella_verticillata      0.1198739 0.0739557 0.1147522 0.1235796 0.1402051 0.0000010 0.1016609 0.1107300 0.1099334 0.0958005 0.1218089 0.1143735 0.1048530 0.0938431 0.0011749 0.1458608 0.0953842 0.0938431 0.1028691 0.2507469 0.1461094 0.2207258 0.0604007 0.0011615 0.1300853 0.1349671 0.0925647 0.0052906 0.0011574 0.1417962 0.1091639 0.1094024 0.0938000 0.0018852 0.1218089 0.0643052 0.1369741 0.0011907 0.0000010 0.0973829 0.1313002 0.1094808 0.1105018 0.0000000 0.0871290 0.0712391 0.2240369 0.1390907 0.1280438 0.0675902 0.3949955 0.1091639 0.1052849 0.0305163 0.2815041 0.1048530 0.1408701 0.1037807 0.0692671 0.0998674 0.1326136 0.0695450 0.0904360 0.1055746 
HQ015402.1_Iasis_cylindrica              0.0489734 0.1059269 0.0325218 0.0548805 0.1436592 0.0859186 0.0358404 0.0373634 0.0351089 0.0323509 0.0496054 0.0323691 0.0357690 0.0000010 0.0889360 0.0917546 0.0609433 0.0000010 0.0274248 0.2276428 0.0910626 0.2350436 0.1062092 0.0893934 0.1468077 0.1583080 0.0012678 0.0937933 0.0859309 0.0817589 0.0304168 0.0312946 0.0048286 0.0912072 0.0488981 0.1070712 0.0818107 0.0892116 0.0859186 0.0336985 0.0780701 0.0310230 0.0317447 0.0871290 0.0000000 0.1091572 0.2497449 0.1414266 0.1136841 0.1016920 0.4069294 0.0301729 0.0355121 0.0867533 0.2602245 0.0353818 0.0563889 0.0273543 0.1008546 0.0299847 0.0809685 0.1059552 0.1207922 0.0351949 
AB075543.1_Megalodicopia_hians           0.1458834 0.0605579 0.1364616 0.1495497 0.1407913 0.0690508 0.1191415 0.1291465 0.1317747 0.1199710 0.1464803 0.1359979 0.1205078 0.1182609 0.0705584 0.1430857 0.1033706 0.1226000 0.1257965 0.2134829 0.1438476 0.1780400 0.0314707 0.0721255 0.1355662 0.1059570 0.1187540 0.0741658 0.0684175 0.1555623 0.1324682 0.1305369 0.1251214 0.0589045 0.1443383 0.0410398 0.1386469 0.0689637 0.0700973 0.1170698 0.1346582 0.1295881 0.1286963 0.0712391 0.1091572 0.0000000 0.2193889 0.1409262 0.1262457 0.0456388 0.3990994 0.1286279 0.1233160 0.0574464 0.2683377 0.1224870 0.1577203 0.1226095 0.0151689 0.1186605 0.1323290 0.0531423 0.0660134 0.1218350 
M91181.1_Echinorhinus_cookei             0.2900594 0.2243755 0.2756467 0.2991264 0.3050632 0.2259902 0.2706553 0.2829820 0.2917267 0.2797714 0.2907289 0.2745631 0.2707187 0.2625831 0.2310266 0.2932183 0.2344677 0.2675290 0.2675346 0.2076825 0.3005841 0.2908172 0.1905142 0.2270561 0.2994243 0.2325554 0.2604820 0.2325177 0.2269160 0.2712581 0.2763814 0.2774911 0.2669606 0.2132530 0.2882158 0.1963913 0.2886980 0.2287953 0.2275031 0.2756992 0.2953549 0.2792114 0.2768544 0.2240369 0.2497449 0.2193889 0.0000000 0.3054720 0.2710992 0.2130453 0.3300516 0.2760677 0.2732461 0.2098412 0.3790651 0.2734286 0.2899315 0.2656308 0.2189519 0.2674570 0.2867353 0.2131623 0.2245441 0.2754071 
AB013012.1_Doliolum_nationalis           0.1816355 0.1359446 0.1702182 0.1891868 0.0005688 0.1370680 0.1540366 0.1717153 0.1771213 0.1658437 0.1778264 0.1696201 0.1589786 0.1613704 0.1433836 0.1876406 0.1571212 0.1647029 0.1661762 0.2817930 0.1882356 0.2609541 0.1318747 0.1406739 0.0000010 0.2094679 0.1531294 0.1452035 0.1381115 0.2077081 0.1688799 0.1693381 0.1651978 0.1260167 0.1761578 0.1423564 0.1838813 0.1419497 0.1384248 0.1622449 0.1834354 0.1673937 0.1666327 0.1390907 0.1414266 0.1409262 0.3054720 0.0000000 0.1838669 0.1402910 0.4387963 0.1651546 0.1626031 0.1317641 0.3401389 0.1626669 0.1922510 0.1658097 0.1333928 0.1622908 0.1804169 0.1471576 0.1560473 0.1620189 
HQ015389.1_Soestia_zonaria               0.1258456 0.1228087 0.1293082 0.1335368 0.1855722 0.1249819 0.1147611 0.1211665 0.1247201 0.1216964 0.1256958 0.1288768 0.1169368 0.1247993 0.1309692 0.1446341 0.0569097 0.1290188 0.1274998 0.2878273 0.1457575 0.2454173 0.1223832 0.1286131 0.1794611 0.1904587 0.1200925 0.1361029 0.1268734 0.1428329 0.1261329 0.1243200 0.1294563 0.1128006 0.1247821 0.1270099 0.1289354 0.1302282 0.1271563 0.1180774 0.1264949 0.1235444 0.1284021 0.1280438 0.1136841 0.1262457 0.2710992 0.1838669 0.0000000 0.1132326 0.4532417 0.1311732 0.1190456 0.1047026 0.2933882 0.1182618 0.1281751 0.1264944 0.1205652 0.1165753 0.1294081 0.1144490 0.1519675 0.1186375 
FM244841.1_Pycnoclavella_aff._detorta    0.1354517 0.0577734 0.1212325 0.1340843 0.1401947 0.0667324 0.1102996 0.1167712 0.1253325 0.1137665 0.1370396 0.1214987 0.1144033 0.1102552 0.0650253 0.1398670 0.0909862 0.1131151 0.1186024 0.2207358 0.1411182 0.1858623 0.0453726 0.0685023 0.1326186 0.1149800 0.1101219 0.0712626 0.0660481 0.1382980 0.1248267 0.1256255 0.1125829 0.0516884 0.1351348 0.0424735 0.1313559 0.0640876 0.0677833 0.1109486 0.1324303 0.1260412 0.1249516 0.0675902 0.1016920 0.0456388 0.2130453 0.1402910 0.1132326 0.0000000 0.3792192 0.1248267 0.1163592 0.0506268 0.2740496 0.1160669 0.1396135 0.1184087 0.0386954 0.1116206 0.1271450 0.0170935 0.0638227 0.1171928 
M97574.1_Myxine_glutinosa                0.4361408 0.4027045 0.4292161 0.4575504 0.4350101 0.3902604 0.4385029 0.4477847 0.4620485 0.4362016 0.4409095 0.4272226 0.4373660 0.4228640 0.4084808 0.4973851 0.4048114 0.4288921 0.4324132 0.4170335 0.5052256 0.5344837 0.4128320 0.3979521 0.4386403 0.4282389 0.4299088 0.4108396 0.3923114 0.5053681 0.4411390 0.4500747 0.4489417 0.3954423 0.4307313 0.4009685 0.4745597 0.4029189 0.3935191 0.4336218 0.4914444 0.4479606 0.4454456 0.3949955 0.4069294 0.3990994 0.3300516 0.4387963 0.4532417 0.3792192 0.0000000 0.4399429 0.4410189 0.3741905 0.7848340 0.4426913 0.4381950 0.4196870 0.4044583 0.4318493 0.4716597 0.3922153 0.4124130 0.4453809 
HQ015406.1_Salpa_thompsoni               0.0653448 0.1197777 0.0326269 0.0705854 0.1678368 0.1053109 0.0342474 0.0418077 0.0113011 0.0375938 0.0661989 0.0325313 0.0441629 0.0438958 0.1117731 0.0978696 0.0807456 0.0383651 0.0265899 0.2675988 0.0974170 0.2661364 0.1143520 0.1098757 0.1633570 0.1812632 0.0330667 0.1238015 0.1068781 0.0993921 0.0022866 0.0082770 0.0412569 0.0998065 0.0646117 0.1277711 0.0998872 0.1096264 0.1071159 0.0395010 0.0994817 0.0082315 0.0145887 0.1091639 0.0301729 0.1286279 0.2760677 0.1651546 0.1311732 0.1248267 0.4399429 0.0000000 0.0380372 0.1055482 0.2925634 0.0378214 0.0756468 0.0266953 0.1209050 0.0315479 0.0987166 0.1256439 0.1530820 0.0379211 
HQ015395.1_Cyclosalpa_sewelli            0.0698940 0.1115248 0.0390190 0.0744689 0.1638343 0.1052849 0.0000010 0.0047918 0.0403906 0.0095464 0.0701465 0.0390190 0.0000010 0.0400794 0.1070186 0.0994416 0.0721078 0.0400794 0.0309202 0.2755835 0.0995948 0.2575662 0.1206583 0.1077768 0.1560536 0.1747125 0.0384838 0.1121008 0.1053746 0.0995590 0.0380372 0.0352392 0.0416019 0.0989740 0.0701465 0.1225587 0.0964533 0.1082037 0.1056105 0.0095416 0.0972951 0.0352586 0.0359645 0.1052849 0.0355121 0.1233160 0.2732461 0.1626031 0.1190456 0.1163592 0.4410189 0.0380372 0.0000000 0.0944790 0.3158208 0.0000010 0.0779794 0.0309035 0.1138157 0.0095424 0.0963701 0.1159297 0.1338201 0.0000010 
HQ015379.1_Pyrostremma_spinosum          0.1172787 0.0659926 0.1023987 0.1202907 0.1317901 0.0301694 0.0946279 0.0981359 0.1087300 0.0917575 0.1189261 0.1026115 0.0931878 0.0907313 0.0314360 0.1225821 0.0760596 0.0929001 0.0947304 0.2320583 0.1233468 0.1975800 0.0624313 0.0316666 0.1244049 0.1233141 0.0940410 0.0351958 0.0305361 0.1208196 0.1055482 0.1070185 0.0946199 0.0221652 0.1176217 0.0518876 0.1113299 0.0307118 0.0305954 0.0896675 0.1126804 0.1073587 0.1068394 0.0305163 0.0867533 0.0574464 0.2098412 0.1317641 0.1047026 0.0506268 0.3741905 0.1055482 0.0944790 0.0000000 0.2631318 0.0942518 0.1347414 0.0949638 0.0533700 0.0909889 0.1074569 0.0562816 0.0686371 0.0951222 
AB013014.1_Oikopleura_dioica             0.2920390 0.2843656 0.3062517 0.3026194 0.3453780 0.2736761 0.2989905 0.3177287 0.3086419 0.3079934 0.2871942 0.3050069 0.3050065 0.2909334 0.2864492 0.3063470 0.2747022 0.2990049 0.2884927 0.3632237 0.3069888 0.3489784 0.2346452 0.2815304 0.3303592 0.2914188 0.2696950 0.2857307 0.2773889 0.3089523 0.2937255 0.3063305 0.2963655 0.2465132 0.2830166 0.2647656 0.3318998 0.2845659 0.2781430 0.3036106 0.3327525 0.3029600 0.3008117 0.2815041 0.2602245 0.2683377 0.3790651 0.3401389 0.2933882 0.2740496 0.7848340 0.2925634 0.3158208 0.2631318 0.0000000 0.3131619 0.3112472 0.2871473 0.2571569 0.3016112 0.3304806 0.2697055 0.2773031 0.3108012 
HQ015396.1_Cyclosalpa_polae              0.0696276 0.1107836 0.0389081 0.0744689 0.1638927 0.1045990 0.0000010 0.0047824 0.0402441 0.0095140 0.0697258 0.0387996 0.0000010 0.0398516 0.1067543 0.0988041 0.0716679 0.0406367 0.0307478 0.2745428 0.0989555 0.2566850 0.1206583 0.1070691 0.1560536 0.1734355 0.0383338 0.1113585 0.1049419 0.0993188 0.0378214 0.0350401 0.0413643 0.0989740 0.0697258 0.1222482 0.0958335 0.1082037 0.1051760 0.0094907 0.0966696 0.0351323 0.0357609 0.1048530 0.0353818 0.1224870 0.2734286 0.1626669 0.1182618 0.1160669 0.4426913 0.0378214 0.0000010 0.0942518 0.3131619 0.0000000 0.0774994 0.0307313 0.1130553 0.0094915 0.0957515 0.1156376 0.1329036 0.0000010 
HQ015412.1_Thalia_orientalis             0.0364643 0.1532335 0.0793665 0.0399646 0.1951130 0.1368297 0.0728671 0.0793022 0.0808066 0.0758881 0.0355155 0.0791181 0.0764976 0.0692148 0.1442089 0.1087301 0.0953894 0.0714343 0.0708259 0.2933255 0.1088110 0.2875307 0.1574727 0.1413714 0.1862516 0.2070007 0.0606204 0.1422678 0.1390275 0.1058610 0.0762387 0.0750761 0.0761913 0.1311309 0.0350966 0.1593181 0.1188683 0.1448923 0.1393540 0.0746156 0.1156173 0.0745890 0.0742169 0.1408701 0.0563889 0.1577203 0.2899315 0.1922510 0.1281751 0.1396135 0.4381950 0.0756468 0.0779794 0.1347414 0.3112472 0.0774994 0.0000000 0.0692007 0.1487959 0.0763349 0.1177811 0.1413365 0.1763411 0.0777255 
HQ015411.1_Ritteriella_retracta          0.0597386 0.1154145 0.0263523 0.0653626 0.1669381 0.1001646 0.0292196 0.0334091 0.0316195 0.0311672 0.0606135 0.0262765 0.0306501 0.0332738 0.1062658 0.1027212 0.0777329 0.0346707 0.0005750 0.2649234 0.1032245 0.2589089 0.1146732 0.1045231 0.1628619 0.1728953 0.0292825 0.1083851 0.1016337 0.0988174 0.0264139 0.0269758 0.0347760 0.0967746 0.0598977 0.1224241 0.1004790 0.1071109 0.1018574 0.0324850 0.0994483 0.0268190 0.0270077 0.1037807 0.0273543 0.1226095 0.2656308 0.1658097 0.1264944 0.1184087 0.4196870 0.0266953 0.0309035 0.0949638 0.2871473 0.0307313 0.0692007 0.0000000 0.1130155 0.0267622 0.0986847 0.1221034 0.1305038 0.0308106 
