52
HQ015414.1_Thalia_democratica            0.0000000 0.0808691 0.0220043 0.1363550 0.1300910 0.0616005 0.0333135 0.1342254 0.0266443 0.0332536 0.0000010 0.0055506 0.0332536 0.0281758 0.0615811 0.2098241 0.0903923 0.0281758 0.0267207 0.0440962 0.0462347 0.1300910 0.0810565 0.0616005 0.1647264 0.0220043 0.0636976 0.0615811 0.0786544 0.0267207 0.0316473 0.0400313 0.0830918 0.0951973 0.0554648 0.0315939 0.0266443 0.0783462 0.0439431 0.0511974 0.0489994 0.3393184 0.0332536 0.0575183 0.1647579 0.0000010 0.0783462 0.0333135 0.0553926 0.0807352 0.0236611 0.0300344 
FM244841.1_Pycnoclavella_aff._detorta    0.0808691 0.0000000 0.0749176 0.1012645 0.1007052 0.0417807 0.0800278 0.0993225 0.0712426 0.0756780 0.0808691 0.0824217 0.0756780 0.0767288 0.0384178 0.1699513 0.0215943 0.0767288 0.0710234 0.0902444 0.0900038 0.1007052 0.0284042 0.0417807 0.1269046 0.0749176 0.0402120 0.0384178 0.0633861 0.0710234 0.0696367 0.0820811 0.0156640 0.0439086 0.0819046 0.0735768 0.0712426 0.0141417 0.0899074 0.0879860 0.0453462 0.2984668 0.0738640 0.0344239 0.1696987 0.0811702 0.0141417 0.0800278 0.0817905 0.0098404 0.0773288 0.0736326 
FM244866.1_Iasis_cylindrica              0.0220043 0.0749176 0.0000000 0.1187512 0.1121950 0.0532545 0.0217861 0.1166858 0.0156305 0.0186772 0.0220043 0.0236838 0.0186772 0.0141774 0.0532383 0.1795498 0.0689250 0.0141774 0.0156723 0.0460980 0.0492684 0.1121950 0.0638183 0.0532545 0.1442858 0.0000010 0.0552283 0.0532383 0.0765971 0.0156723 0.0232244 0.0248608 0.0733471 0.0823205 0.0457305 0.0171635 0.0156305 0.0689133 0.0459365 0.0438781 0.0377577 0.3488012 0.0186772 0.0533495 0.1569654 0.0220743 0.0689133 0.0217861 0.0456737 0.0748010 0.0013715 0.0157037 
L12426.2_Molgula_manhattensis            0.1363550 0.1012645 0.1187512 0.0000000 0.1435567 0.1140804 0.1352165 0.0013655 0.1219699 0.1307598 0.1363550 0.1325989 0.1307598 0.1282904 0.1140398 0.1763968 0.1013238 0.1282904 0.1309934 0.1454461 0.1454376 0.1435567 0.1027363 0.1140804 0.1546663 0.1187512 0.1168259 0.1140398 0.1225821 0.1309934 0.1295044 0.1321118 0.0964151 0.0752190 0.1381242 0.1306970 0.1219699 0.0924458 0.1448324 0.1323183 0.0965296 0.3858423 0.1286776 0.0974961 0.1894326 0.1369056 0.0924458 0.1352165 0.1378941 0.0973033 0.1218801 0.1308028 
HQ015376.1_Doliolum_denticulatum         0.1300910 0.1007052 0.1121950 0.1435567 0.0000000 0.0937473 0.1187573 0.1414734 0.1125913 0.1162983 0.1300910 0.1326314 0.1162983 0.1183847 0.0937171 0.2053868 0.0997903 0.1183847 0.1122084 0.1292326 0.1310148 0.0000010 0.0926649 0.0937473 0.1920749 0.1121950 0.0960979 0.0937171 0.1292726 0.1122084 0.1169592 0.1237911 0.1052812 0.1117136 0.1284187 0.1162451 0.1125913 0.1004502 0.1287160 0.1333929 0.1014908 0.3022167 0.1162983 0.0896532 0.2190199 0.1305844 0.1004502 0.1187573 0.1282217 0.1059409 0.1150269 0.1182370 
HQ015382.1_Pyrosomella_verticillata      0.0616005 0.0417807 0.0532545 0.1140804 0.0937473 0.0000000 0.0595037 0.1120659 0.0516055 0.0590175 0.0616005 0.0675850 0.0590175 0.0567646 0.0027353 0.1988198 0.0481943 0.0567646 0.0514614 0.0730055 0.0738866 0.0937473 0.0430437 0.0000010 0.1411079 0.0532545 0.0041255 0.0027353 0.0603452 0.0514614 0.0520590 0.0648955 0.0452547 0.0556567 0.0687478 0.0570908 0.0516055 0.0397146 0.0727356 0.0707532 0.0461235 0.3105223 0.0555213 0.0144074 0.1690098 0.0618198 0.0414235 0.0595037 0.0686546 0.0449956 0.0512080 0.0553625 
HQ015403.1_Brooksia_rostrata             0.0333135 0.0800278 0.0217861 0.1352165 0.1187573 0.0595037 0.0000000 0.1330740 0.0097873 0.0201279 0.0333135 0.0383691 0.0201279 0.0112065 0.0594851 0.2076683 0.0817885 0.0112065 0.0112528 0.0498228 0.0568465 0.1187573 0.0704735 0.0595037 0.1570426 0.0217861 0.0615692 0.0594851 0.0797682 0.0112528 0.0156959 0.0279436 0.0783661 0.0900744 0.0532545 0.0216643 0.0097873 0.0737610 0.0496467 0.0513087 0.0522842 0.3372681 0.0201279 0.0595566 0.1662495 0.0334223 0.0737610 0.0000010 0.0531861 0.0756296 0.0234240 0.0201831 
AB921975.1_Molgula_manhattensis          0.1342254 0.0993225 0.1166858 0.0013655 0.1414734 0.1120659 0.1330740 0.0000000 0.1198824 0.1286222 0.1342254 0.1304984 0.1286222 0.1261975 0.1120261 0.1741772 0.0993784 0.1261975 0.1288891 0.1432671 0.1432938 0.1414734 0.1007628 0.1120659 0.1524775 0.1166858 0.1147944 0.1120261 0.1205932 0.1288891 0.1273907 0.1299492 0.0944980 0.0734379 0.1359969 0.1285601 0.1198824 0.0905382 0.1426623 0.1302231 0.0946137 0.3825214 0.1265405 0.0955943 0.1871643 0.1347678 0.0905382 0.1330740 0.1357707 0.0954079 0.1197935 0.1286644 
HQ015406.1_Salpa_thompsoni               0.0266443 0.0712426 0.0156305 0.1219699 0.1125913 0.0516055 0.0097873 0.1198824 0.0000000 0.0141297 0.0266443 0.0314993 0.0141297 0.0041113 0.0515899 0.1915157 0.0729600 0.0041113 0.0055077 0.0441738 0.0530742 0.1125913 0.0622245 0.0516055 0.1432145 0.0156305 0.0535675 0.0515899 0.0710405 0.0055077 0.0097758 0.0201291 0.0696005 0.0807393 0.0510871 0.0156128 0.0000010 0.0652383 0.0440202 0.0491772 0.0447221 0.3291146 0.0112570 0.0516504 0.1539947 0.0267295 0.0652383 0.0097873 0.0510224 0.0670524 0.0171847 0.0141670 
HQ015395.1_Cyclosalpa_sewelli            0.0332536 0.0756780 0.0186772 0.1307598 0.1162983 0.0590175 0.0201279 0.1286222 0.0141297 0.0000000 0.0332536 0.0382999 0.0000010 0.0155714 0.0589993 0.1966227 0.0774195 0.0155714 0.0140993 0.0475752 0.0590153 0.1162983 0.0646381 0.0590175 0.1505680 0.0186772 0.0610615 0.0589993 0.0713126 0.0140993 0.0185928 0.0084313 0.0740236 0.0854641 0.0497718 0.0013671 0.0141297 0.0695343 0.0474092 0.0478575 0.0395684 0.3476910 0.0027338 0.0572866 0.1654592 0.0333621 0.0695343 0.0201279 0.0497085 0.0713782 0.0202729 0.0027405 
D14366.1_Thalia_democratica              0.0000010 0.0808691 0.0220043 0.1363550 0.1300910 0.0616005 0.0333135 0.1342254 0.0266443 0.0332536 0.0000000 0.0055506 0.0332536 0.0281758 0.0615811 0.2098241 0.0903923 0.0281758 0.0267207 0.0440962 0.0462347 0.1300910 0.0810565 0.0616005 0.1647264 0.0220043 0.0636976 0.0615811 0.0786544 0.0267207 0.0316473 0.0400313 0.0830918 0.0951973 0.0554648 0.0315939 0.0266443 0.0783462 0.0439431 0.0511974 0.0489994 0.3393184 0.0332536 0.0575183 0.1647579 0.0000010 0.0783462 0.0333135 0.0553926 0.0807352 0.0236611 0.0300344 
HQ015412.1_Thalia_orientalis             0.0055506 0.0824217 0.0236838 0.1325989 0.1326314 0.0675850 0.0383691 0.1304984 0.0314993 0.0382999 0.0055506 0.0000000 0.0382999 0.0299327 0.0675634 0.2020001 0.0910140 0.0299327 0.0284663 0.0495114 0.0517468 0.1326314 0.0825731 0.0675850 0.1632153 0.0236838 0.0697559 0.0675634 0.0801645 0.0284663 0.0349812 0.0452624 0.0846453 0.0968496 0.0531855 0.0365945 0.0314993 0.0798909 0.0493374 0.0490156 0.0470822 0.3454222 0.0382999 0.0633635 0.1735611 0.0055674 0.0798909 0.0383691 0.0531173 0.0822847 0.0253711 0.0350064 
HQ015397.1_Cyclosalpa_quadriluminis      0.0332536 0.0756780 0.0186772 0.1307598 0.1162983 0.0590175 0.0201279 0.1286222 0.0141297 0.0000010 0.0332536 0.0382999 0.0000000 0.0155714 0.0589993 0.1966227 0.0774195 0.0155714 0.0140993 0.0475752 0.0590153 0.1162983 0.0646381 0.0590175 0.1505680 0.0186772 0.0610615 0.0589993 0.0713126 0.0140993 0.0185928 0.0084313 0.0740236 0.0854641 0.0497718 0.0013671 0.0141297 0.0695343 0.0474092 0.0478575 0.0395684 0.3476910 0.0027338 0.0572866 0.1654592 0.0333621 0.0695343 0.0201279 0.0497085 0.0713782 0.0202729 0.0027405 
HQ015410.1_Ritteriella_retracta          0.0281758 0.0767288 0.0141774 0.1282904 0.1183847 0.0567646 0.0112065 0.1261975 0.0041113 0.0155714 0.0281758 0.0299327 0.0155714 0.0000000 0.0567472 0.1934201 0.0747772 0.0000010 0.0041214 0.0458341 0.0547763 0.1183847 0.0674846 0.0567646 0.1410554 0.0141774 0.0587701 0.0567472 0.0764945 0.0041214 0.0111932 0.0216061 0.0714181 0.0864442 0.0527759 0.0170635 0.0041113 0.0706334 0.0456746 0.0508522 0.0447040 0.3286559 0.0155714 0.0568141 0.1604633 0.0282661 0.0706334 0.0112065 0.0527089 0.0688419 0.0157169 0.0156128 
HQ015384.1_Pyrosoma_godeauxi             0.0615811 0.0384178 0.0532383 0.1140398 0.0937171 0.0027353 0.0594851 0.1120261 0.0515899 0.0589993 0.0615811 0.0675634 0.0589993 0.0567472 0.0000000 0.1987406 0.0447784 0.0567472 0.0514458 0.0729821 0.0738626 0.0937171 0.0396973 0.0027353 0.1410553 0.0532383 0.0013661 0.0000010 0.0603267 0.0514458 0.0519951 0.0648751 0.0418407 0.0593430 0.0687260 0.0570733 0.0515899 0.0364097 0.0727123 0.0707306 0.0461097 0.3103856 0.0555042 0.0144036 0.1689444 0.0618002 0.0380933 0.0594851 0.0686328 0.0416066 0.0511926 0.0553456 
M97571.1_Branchiostoma_floridae          0.2098241 0.1699513 0.1795498 0.1763968 0.2053868 0.1988198 0.2076683 0.1741772 0.1915157 0.1966227 0.2098241 0.2020001 0.1966227 0.1934201 0.1987406 0.0000000 0.1633962 0.1934201 0.1991403 0.2183430 0.2390151 0.2053868 0.1768980 0.1988198 0.1760428 0.1795498 0.2026226 0.1987406 0.2025610 0.1991403 0.2052426 0.2034966 0.1759376 0.1736547 0.2116507 0.1966983 0.1915157 0.1720643 0.2207865 0.2065698 0.1740681 0.3396409 0.1918909 0.1883390 0.2503746 0.2107357 0.1720643 0.2076683 0.2112487 0.1568838 0.1835461 0.1943633 
L12378.2_Ascidia_ceratodes               0.0903923 0.0215943 0.0689250 0.1013238 0.0997903 0.0481943 0.0817885 0.0993784 0.0729600 0.0774195 0.0903923 0.0910140 0.0774195 0.0747772 0.0447784 0.1633962 0.0000000 0.0747772 0.0690971 0.0902455 0.0974882 0.0997903 0.0285481 0.0481943 0.1307308 0.0689250 0.0466219 0.0447784 0.0689028 0.0690971 0.0673437 0.0838483 0.0216747 0.0455860 0.0875310 0.0753095 0.0729600 0.0156645 0.0899084 0.0919567 0.0506869 0.2978716 0.0756042 0.0374482 0.1679511 0.0907291 0.0156645 0.0817885 0.0874079 0.0263001 0.0712550 0.0753665 
HQ015411.1_Ritteriella_retracta          0.0281758 0.0767288 0.0141774 0.1282904 0.1183847 0.0567646 0.0112065 0.1261975 0.0041113 0.0155714 0.0281758 0.0299327 0.0155714 0.0000010 0.0567472 0.1934201 0.0747772 0.0000000 0.0041214 0.0458341 0.0547763 0.1183847 0.0674846 0.0567646 0.1410554 0.0141774 0.0587701 0.0567472 0.0764945 0.0041214 0.0111932 0.0216061 0.0714181 0.0864442 0.0527759 0.0170635 0.0041113 0.0706334 0.0456746 0.0508522 0.0447040 0.3286559 0.0155714 0.0568141 0.1604633 0.0282661 0.0706334 0.0112065 0.0527089 0.0688419 0.0157169 0.0156128 
HQ015407.1_Salpa_maxima                  0.0267207 0.0710234 0.0156723 0.1309934 0.1122084 0.0514614 0.0112528 0.1288891 0.0055077 0.0140993 0.0267207 0.0284663 0.0140993 0.0041214 0.0514458 0.1991403 0.0690971 0.0041214 0.0000000 0.0443152 0.0550492 0.1122084 0.0620437 0.0514614 0.1481237 0.0156723 0.0534160 0.0514458 0.0728388 0.0000010 0.0069393 0.0200840 0.0693868 0.0804776 0.0528192 0.0155789 0.0055077 0.0650429 0.0441606 0.0508938 0.0447413 0.3243910 0.0140993 0.0515060 0.1590130 0.0268065 0.0650429 0.0112528 0.0527520 0.0668505 0.0172312 0.0141365 
HQ015378.1_Ihlea_racovitzai              0.0440962 0.0902444 0.0460980 0.1454461 0.1292326 0.0730055 0.0498228 0.1432671 0.0441738 0.0475752 0.0440962 0.0495114 0.0475752 0.0458341 0.0729821 0.2183430 0.0902455 0.0458341 0.0443152 0.0000000 0.0318899 0.1292326 0.0919324 0.0730055 0.1807533 0.0460980 0.0752214 0.0729821 0.0816524 0.0443152 0.0498510 0.0592203 0.0868683 0.1060159 0.0700622 0.0494087 0.0441738 0.0821617 0.0000010 0.0748895 0.0573508 0.3584452 0.0475752 0.0598242 0.1902797 0.0442455 0.0821617 0.0498228 0.0699677 0.0857560 0.0481066 0.0477294 
HQ015377.1_Salpidae_gen._nov._sp._nov._A 0.0462347 0.0900038 0.0492684 0.1454376 0.1310148 0.0738866 0.0568465 0.1432938 0.0530742 0.0590153 0.0462347 0.0517468 0.0590153 0.0547763 0.0738626 0.2390151 0.0974882 0.0547763 0.0550492 0.0318899 0.0000000 0.1310148 0.0917053 0.0738866 0.1728342 0.0492684 0.0761383 0.0738626 0.0773401 0.0550492 0.0573608 0.0668708 0.0940635 0.1023503 0.0691750 0.0609669 0.0530742 0.0891485 0.0317827 0.0694723 0.0520371 0.3702916 0.0608581 0.0606809 0.2144944 0.0463931 0.0891485 0.0568465 0.0690806 0.0911607 0.0513012 0.0610679 
AB013012.1_Doliolum_nationalis           0.1300910 0.1007052 0.1121950 0.1435567 0.0000010 0.0937473 0.1187573 0.1414734 0.1125913 0.1162983 0.1300910 0.1326314 0.1162983 0.1183847 0.0937171 0.2053868 0.0997903 0.1183847 0.1122084 0.1292326 0.1310148 0.0000000 0.0926649 0.0937473 0.1920749 0.1121950 0.0960979 0.0937171 0.1292726 0.1122084 0.1169592 0.1237911 0.1052812 0.1117136 0.1284187 0.1162451 0.1125913 0.1004502 0.1287160 0.1333929 0.1014908 0.3022167 0.1162983 0.0896532 0.2190199 0.1305844 0.1004502 0.1187573 0.1282217 0.1059409 0.1150269 0.1182370 
AB013017.1_Ciona_intestinalis            0.0810565 0.0284042 0.0638183 0.1027363 0.0926649 0.0430437 0.0704735 0.1007628 0.0622245 0.0646381 0.0810565 0.0825731 0.0646381 0.0674846 0.0396973 0.1768980 0.0285481 0.0674846 0.0620437 0.0919324 0.0917053 0.0926649 0.0000000 0.0430437 0.1439451 0.0638183 0.0414868 0.0396973 0.0734696 0.0620437 0.0608004 0.0706482 0.0268038 0.0461136 0.0846973 0.0626667 0.0622245 0.0174372 0.0915827 0.0853003 0.0526741 0.3154694 0.0646381 0.0453294 0.1643980 0.0813514 0.0174372 0.0704735 0.0845775 0.0334029 0.0660351 0.0644468 
FM244863.1_Pyrosomella_verticillata      0.0616005 0.0417807 0.0532545 0.1140804 0.0937473 0.0000010 0.0595037 0.1120659 0.0516055 0.0590175 0.0616005 0.0675850 0.0590175 0.0567646 0.0027353 0.1988198 0.0481943 0.0567646 0.0514614 0.0730055 0.0738866 0.0937473 0.0430437 0.0000000 0.1411079 0.0532545 0.0041255 0.0027353 0.0603452 0.0514614 0.0520590 0.0648955 0.0452547 0.0556567 0.0687478 0.0570908 0.0516055 0.0397146 0.0727356 0.0707532 0.0461235 0.3105223 0.0555213 0.0144074 0.1690098 0.0618198 0.0414235 0.0595037 0.0686546 0.0449956 0.0512080 0.0553625 
M91181.1_Echinorhinus_cookei             0.1647264 0.1269046 0.1442858 0.1546663 0.1920749 0.1411079 0.1570426 0.1524775 0.1432145 0.1505680 0.1647264 0.1632153 0.1505680 0.1410554 0.1410553 0.1760428 0.1307308 0.1410554 0.1481237 0.1807533 0.1728342 0.1920749 0.1439451 0.1411079 0.0000000 0.1442858 0.1441922 0.1410553 0.1605014 0.1481237 0.1537377 0.1564448 0.1251244 0.1339911 0.1689996 0.1534002 0.1432145 0.1306027 0.1799880 0.1741930 0.1312792 0.2567700 0.1484745 0.1289133 0.2393375 0.1654062 0.1306027 0.1570426 0.1687037 0.1192430 0.1409228 0.1535217 
HQ015401.1_Iasis_cylindrica              0.0220043 0.0749176 0.0000010 0.1187512 0.1121950 0.0532545 0.0217861 0.1166858 0.0156305 0.0186772 0.0220043 0.0236838 0.0186772 0.0141774 0.0532383 0.1795498 0.0689250 0.0141774 0.0156723 0.0460980 0.0492684 0.1121950 0.0638183 0.0532545 0.1442858 0.0000000 0.0552283 0.0532383 0.0765971 0.0156723 0.0232244 0.0248608 0.0733471 0.0823205 0.0457305 0.0171635 0.0156305 0.0689133 0.0459365 0.0438781 0.0377577 0.3488012 0.0186772 0.0533495 0.1569654 0.0220743 0.0689133 0.0217861 0.0456737 0.0748010 0.0013715 0.0157037 
AB013011.1_Pyrosoma_atlanticum           0.0636976 0.0402120 0.0552283 0.1168259 0.0960979 0.0041255 0.0615692 0.1147944 0.0535675 0.0610615 0.0636976 0.0697559 0.0610615 0.0587701 0.0013661 0.2026226 0.0466219 0.0587701 0.0534160 0.0752214 0.0761383 0.0960979 0.0414868 0.0041255 0.1441922 0.0552283 0.0000000 0.0013661 0.0623833 0.0534160 0.0539924 0.0670103 0.0436734 0.0614216 0.0709077 0.0591114 0.0535675 0.0381666 0.0749414 0.0729360 0.0480194 0.3159891 0.0575352 0.0159386 0.1724435 0.0639258 0.0398690 0.0615692 0.0708106 0.0434252 0.0531511 0.0573686 
HQ015383.1_Pyrosomella_verticillata      0.0615811 0.0384178 0.0532383 0.1140398 0.0937171 0.0027353 0.0594851 0.1120261 0.0515899 0.0589993 0.0615811 0.0675634 0.0589993 0.0567472 0.0000010 0.1987406 0.0447784 0.0567472 0.0514458 0.0729821 0.0738626 0.0937171 0.0396973 0.0027353 0.1410553 0.0532383 0.0013661 0.0000000 0.0603267 0.0514458 0.0519951 0.0648751 0.0418407 0.0593430 0.0687260 0.0570733 0.0515899 0.0364097 0.0727123 0.0707306 0.0461097 0.3103856 0.0555042 0.0144036 0.1689444 0.0618002 0.0380933 0.0594851 0.0686328 0.0416066 0.0511926 0.0553456 
HQ015389.1_Soestia_zonaria               0.0786544 0.0633861 0.0765971 0.1225821 0.1292726 0.0603452 0.0797682 0.1205932 0.0710405 0.0713126 0.0786544 0.0801645 0.0713126 0.0764945 0.0603267 0.2025610 0.0689028 0.0764945 0.0728388 0.0816524 0.0773401 0.1292726 0.0734696 0.0603452 0.1605014 0.0765971 0.0623833 0.0603267 0.0000000 0.0728388 0.0713183 0.0755924 0.0631291 0.0850168 0.0798909 0.0733915 0.0710405 0.0664722 0.0813524 0.0828036 0.0281374 0.3512954 0.0695912 0.0477877 0.1853354 0.0789381 0.0664722 0.0797682 0.0797805 0.0610987 0.0790155 0.0735144 
HQ015408.1_Salpa_maxima                  0.0267207 0.0710234 0.0156723 0.1309934 0.1122084 0.0514614 0.0112528 0.1288891 0.0055077 0.0140993 0.0267207 0.0284663 0.0140993 0.0041214 0.0514458 0.1991403 0.0690971 0.0041214 0.0000010 0.0443152 0.0550492 0.1122084 0.0620437 0.0514614 0.1481237 0.0156723 0.0534160 0.0514458 0.0728388 0.0000000 0.0069393 0.0200840 0.0693868 0.0804776 0.0528192 0.0155789 0.0055077 0.0650429 0.0441606 0.0508938 0.0447413 0.3243910 0.0140993 0.0515060 0.1590130 0.0268065 0.0650429 0.0112528 0.0527520 0.0668505 0.0172312 0.0141365 
HQ015405.1_Salpa_aspera                  0.0316473 0.0696367 0.0232244 0.1295044 0.1169592 0.0520590 0.0156959 0.1273907 0.0097758 0.0185928 0.0316473 0.0349812 0.0185928 0.0111932 0.0519951 0.2052426 0.0673437 0.0111932 0.0069393 0.0498510 0.0573608 0.1169592 0.0608004 0.0520590 0.1537377 0.0232244 0.0539924 0.0519951 0.0713183 0.0069393 0.0000000 0.0247427 0.0697178 0.0771482 0.0532181 0.0201140 0.0097758 0.0637935 0.0496746 0.0512746 0.0498843 0.3372058 0.0185928 0.0537628 0.1656638 0.0317503 0.0637935 0.0156959 0.0531499 0.0654594 0.0248724 0.0186432 
FM244864.1_Cyclosalpa_quadriluminis      0.0400313 0.0820811 0.0248608 0.1321118 0.1237911 0.0648955 0.0279436 0.1299492 0.0201291 0.0084313 0.0400313 0.0452624 0.0084313 0.0216061 0.0648751 0.2034966 0.0838483 0.0216061 0.0200840 0.0592203 0.0668708 0.1237911 0.0706482 0.0648955 0.1564448 0.0248608 0.0670103 0.0648751 0.0755924 0.0200840 0.0247427 0.0000000 0.0804188 0.0922363 0.0592821 0.0098812 0.0201291 0.0757655 0.0590068 0.0572541 0.0429745 0.3581513 0.0112896 0.0631337 0.1697052 0.0401639 0.0757655 0.0279436 0.0592039 0.0776429 0.0265347 0.0113192 
AB104873.1_Perophora_sagamiensis         0.0830918 0.0156640 0.0733471 0.0964151 0.1052812 0.0452547 0.0783661 0.0944980 0.0696005 0.0740236 0.0830918 0.0846453 0.0740236 0.0714181 0.0418407 0.1759376 0.0216747 0.0714181 0.0693868 0.0868683 0.0940635 0.1052812 0.0268038 0.0452547 0.1251244 0.0733471 0.0436734 0.0418407 0.0631291 0.0693868 0.0697178 0.0804188 0.0000000 0.0438520 0.0839830 0.0719257 0.0696005 0.0141231 0.0865425 0.0901597 0.0420398 0.3000729 0.0722064 0.0345669 0.1738906 0.0834025 0.0141231 0.0783661 0.0838653 0.0172720 0.0757514 0.0719805 
AY903925.1_Halocynthia_igaboja           0.0951973 0.0439086 0.0823205 0.0752190 0.1117136 0.0556567 0.0900744 0.0734379 0.0807393 0.0854641 0.0951973 0.0968496 0.0854641 0.0864442 0.0593430 0.1736547 0.0455860 0.0864442 0.0804776 0.1060159 0.1023503 0.1117136 0.0461136 0.0556567 0.1339911 0.0823205 0.0614216 0.0593430 0.0850168 0.0804776 0.0771482 0.0922363 0.0438520 0.0000000 0.0976755 0.0854220 0.0807393 0.0402570 0.1056021 0.0971631 0.0606302 0.3144748 0.0835815 0.0549595 0.1591840 0.0955638 0.0402570 0.0900744 0.0975291 0.0415802 0.0848708 0.0854885 
HQ015388.1_Pegea_bicaudata               0.0554648 0.0819046 0.0457305 0.1381242 0.1284187 0.0687478 0.0532545 0.1359969 0.0510871 0.0497718 0.0554648 0.0531855 0.0497718 0.0527759 0.0687260 0.2116507 0.0875310 0.0527759 0.0528192 0.0700622 0.0691750 0.1284187 0.0846973 0.0687478 0.1689996 0.0457305 0.0709077 0.0687260 0.0798909 0.0528192 0.0532181 0.0592821 0.0839830 0.0976755 0.0000000 0.0479258 0.0510871 0.0810887 0.0698077 0.0070066 0.0427293 0.3723279 0.0497718 0.0636749 0.1918684 0.0556587 0.0810887 0.0532545 0.0000010 0.0817728 0.0477198 0.0462423 
HQ015391.1_Cyclosalpa_affinis            0.0315939 0.0735768 0.0171635 0.1306970 0.1162451 0.0570908 0.0216643 0.1285601 0.0156128 0.0013671 0.0315939 0.0365945 0.0013671 0.0170635 0.0570733 0.1966983 0.0753095 0.0170635 0.0155789 0.0494087 0.0609669 0.1162451 0.0626667 0.0570908 0.1534002 0.0171635 0.0591114 0.0570733 0.0733915 0.0155789 0.0201140 0.0098812 0.0719257 0.0854220 0.0479258 0.0000000 0.0156128 0.0674905 0.0492355 0.0460333 0.0395684 0.3475721 0.0041186 0.0553703 0.1683790 0.0316965 0.0674905 0.0216643 0.0478653 0.0734623 0.0187401 0.0013644 
FM244867.1_Salpa_thompsoni               0.0266443 0.0712426 0.0156305 0.1219699 0.1125913 0.0516055 0.0097873 0.1198824 0.0000010 0.0141297 0.0266443 0.0314993 0.0141297 0.0041113 0.0515899 0.1915157 0.0729600 0.0041113 0.0055077 0.0441738 0.0530742 0.1125913 0.0622245 0.0516055 0.1432145 0.0156305 0.0535675 0.0515899 0.0710405 0.0055077 0.0097758 0.0201291 0.0696005 0.0807393 0.0510871 0.0156128 0.0000000 0.0652383 0.0440202 0.0491772 0.0447221 0.3291146 0.0112570 0.0516504 0.1539947 0.0267295 0.0652383 0.0097873 0.0510224 0.0670524 0.0171847 0.0141670 
AB075543.1_Megalodicopia_hians           0.0783462 0.0141417 0.0689133 0.0924458 0.1004502 0.0397146 0.0737610 0.0905382 0.0652383 0.0695343 0.0783462 0.0798909 0.0695343 0.0706334 0.0364097 0.1720643 0.0156645 0.0706334 0.0650429 0.0821617 0.0891485 0.1004502 0.0174372 0.0397146 0.1306027 0.0689133 0.0381666 0.0364097 0.0664722 0.0650429 0.0637935 0.0757655 0.0141231 0.0402570 0.0810887 0.0674905 0.0652383 0.0000000 0.0818577 0.0852397 0.0467684 0.3014773 0.0677480 0.0310533 0.1574175 0.0786351 0.0027480 0.0737610 0.0809771 0.0186567 0.0712408 0.0675413 
FM244865.1_Ihlea_racovitzai              0.0439431 0.0899074 0.0459365 0.1448324 0.1287160 0.0727356 0.0496467 0.1426623 0.0440202 0.0474092 0.0439431 0.0493374 0.0474092 0.0456746 0.0727123 0.2207865 0.0899084 0.0456746 0.0441606 0.0000010 0.0317827 0.1287160 0.0915827 0.0727356 0.1799880 0.0459365 0.0749414 0.0727123 0.0813524 0.0441606 0.0496746 0.0590068 0.0865425 0.1056021 0.0698077 0.0492355 0.0440202 0.0818577 0.0000000 0.0746124 0.0571450 0.3613458 0.0474092 0.0596126 0.1894587 0.0440915 0.0818577 0.0496467 0.0697139 0.0854389 0.0479367 0.0475623 
HQ015386.1_Pegea_confoederata            0.0511974 0.0879860 0.0438781 0.1323183 0.1333929 0.0707532 0.0513087 0.1302231 0.0491772 0.0478575 0.0511974 0.0490156 0.0478575 0.0508522 0.0707306 0.2065698 0.0919567 0.0508522 0.0508938 0.0748895 0.0694723 0.1333929 0.0853003 0.0707532 0.1741930 0.0438781 0.0729360 0.0707306 0.0828036 0.0508938 0.0512746 0.0572541 0.0901597 0.0971631 0.0070066 0.0460333 0.0491772 0.0852397 0.0746124 0.0000000 0.0489180 0.3848999 0.0478575 0.0707119 0.1871483 0.0513729 0.0852397 0.0513087 0.0069993 0.0878358 0.0458380 0.0443638 
HQ015390.1_Thetys_vagina                 0.0489994 0.0453462 0.0377577 0.0965296 0.1014908 0.0461235 0.0522842 0.0946137 0.0447221 0.0395684 0.0489994 0.0470822 0.0395684 0.0447040 0.0461097 0.1740681 0.0506869 0.0447040 0.0447413 0.0573508 0.0520371 0.1014908 0.0526741 0.0461235 0.1312792 0.0377577 0.0480194 0.0461097 0.0281374 0.0447413 0.0498843 0.0429745 0.0420398 0.0606302 0.0427293 0.0395684 0.0447221 0.0467684 0.0571450 0.0489180 0.0000000 0.3058752 0.0396337 0.0315139 0.1651124 0.0491712 0.0467684 0.0522842 0.0426762 0.0435225 0.0396736 0.0396337 
M97574.1_Myxine_glutinosa                0.3393184 0.2984668 0.3488012 0.3858423 0.3022167 0.3105223 0.3372681 0.3825214 0.3291146 0.3476910 0.3393184 0.3454222 0.3476910 0.3286559 0.3103856 0.3396409 0.2978716 0.3286559 0.3243910 0.3584452 0.3702916 0.3022167 0.3154694 0.3105223 0.2567700 0.3488012 0.3159891 0.3103856 0.3512954 0.3243910 0.3372058 0.3581513 0.3000729 0.3144748 0.3723279 0.3475721 0.3291146 0.3014773 0.3613458 0.3848999 0.3058752 0.0000000 0.3447843 0.2953431 0.4850073 0.3410245 0.3014773 0.3372681 0.3714478 0.2967820 0.3519956 0.3478302 
HQ015393.1_Cyclosalpa_floridana          0.0332536 0.0738640 0.0186772 0.1286776 0.1162983 0.0555213 0.0201279 0.1265405 0.0112570 0.0027338 0.0332536 0.0382999 0.0027338 0.0155714 0.0555042 0.1918909 0.0756042 0.0155714 0.0140993 0.0475752 0.0608581 0.1162983 0.0646381 0.0555213 0.1484745 0.0186772 0.0575352 0.0555042 0.0695912 0.0140993 0.0185928 0.0112896 0.0722064 0.0835815 0.0497718 0.0041186 0.0112570 0.0677480 0.0474092 0.0478575 0.0396337 0.3447843 0.0000000 0.0555701 0.1610464 0.0333621 0.0677480 0.0201279 0.0497085 0.0695886 0.0202729 0.0027405 
HQ015379.1_Pyrostremma_spinosum          0.0575183 0.0344239 0.0533495 0.0974961 0.0896532 0.0144074 0.0595566 0.0955943 0.0516504 0.0572866 0.0575183 0.0633635 0.0572866 0.0568141 0.0144036 0.1883390 0.0374482 0.0568141 0.0515060 0.0598242 0.0606809 0.0896532 0.0453294 0.0144074 0.1289133 0.0533495 0.0159386 0.0144036 0.0477877 0.0515060 0.0537628 0.0631337 0.0345669 0.0549595 0.0636749 0.0553703 0.0516504 0.0310533 0.0596126 0.0707119 0.0315139 0.2953431 0.0555701 0.0000000 0.1619300 0.0577206 0.0310533 0.0595566 0.0635914 0.0375191 0.0554559 0.0554111 
AB013014.1_Oikopleura_dioica             0.1647579 0.1696987 0.1569654 0.1894326 0.2190199 0.1690098 0.1662495 0.1871643 0.1539947 0.1654592 0.1647579 0.1735611 0.1654592 0.1604633 0.1689444 0.2503746 0.1679511 0.1604633 0.1590130 0.1902797 0.2144944 0.2190199 0.1643980 0.1690098 0.2393375 0.1569654 0.1724435 0.1689444 0.1853354 0.1590130 0.1656638 0.1697052 0.1738906 0.1591840 0.1918684 0.1683790 0.1539947 0.1574175 0.1894587 0.1871483 0.1651124 0.4850073 0.1610464 0.1619300 0.0000000 0.1654250 0.1517115 0.1662495 0.1915139 0.1562168 0.1605185 0.1661901 
HQ015413.1_Thalia_democratica            0.0000010 0.0811702 0.0220743 0.1369056 0.1305844 0.0618198 0.0334223 0.1347678 0.0267295 0.0333621 0.0000010 0.0055674 0.0333621 0.0282661 0.0618002 0.2107357 0.0907291 0.0282661 0.0268065 0.0442455 0.0463931 0.1305844 0.0813514 0.0618198 0.1654062 0.0220743 0.0639258 0.0618002 0.0789381 0.0268065 0.0317503 0.0401639 0.0834025 0.0955638 0.0556587 0.0316965 0.0267295 0.0786351 0.0440915 0.0513729 0.0491712 0.3410245 0.0333621 0.0577206 0.1654250 0.0000000 0.0786351 0.0334223 0.0555859 0.0810351 0.0237369 0.0301318 
AF165821.2_Chelyosoma_siboja             0.0783462 0.0141417 0.0689133 0.0924458 0.1004502 0.0414235 0.0737610 0.0905382 0.0652383 0.0695343 0.0783462 0.0798909 0.0695343 0.0706334 0.0380933 0.1720643 0.0156645 0.0706334 0.0650429 0.0821617 0.0891485 0.1004502 0.0174372 0.0414235 0.1306027 0.0689133 0.0398690 0.0380933 0.0664722 0.0650429 0.0637935 0.0757655 0.0141231 0.0402570 0.0810887 0.0674905 0.0652383 0.0027480 0.0818577 0.0852397 0.0467684 0.3014773 0.0677480 0.0310533 0.1517115 0.0786351 0.0000000 0.0737610 0.0809771 0.0186567 0.0712408 0.0675413 
HQ015404.1_Brooksia_rostrata             0.0333135 0.0800278 0.0217861 0.1352165 0.1187573 0.0595037 0.0000010 0.1330740 0.0097873 0.0201279 0.0333135 0.0383691 0.0201279 0.0112065 0.0594851 0.2076683 0.0817885 0.0112065 0.0112528 0.0498228 0.0568465 0.1187573 0.0704735 0.0595037 0.1570426 0.0217861 0.0615692 0.0594851 0.0797682 0.0112528 0.0156959 0.0279436 0.0783661 0.0900744 0.0532545 0.0216643 0.0097873 0.0737610 0.0496467 0.0513087 0.0522842 0.3372681 0.0201279 0.0595566 0.1662495 0.0334223 0.0737610 0.0000000 0.0531861 0.0756296 0.0234240 0.0201831 
HQ015387.1_Pegea_confoederata            0.0553926 0.0817905 0.0456737 0.1378941 0.1282217 0.0686546 0.0531861 0.1357707 0.0510224 0.0497085 0.0553926 0.0531173 0.0497085 0.0527089 0.0686328 0.2112487 0.0874079 0.0527089 0.0527520 0.0699677 0.0690806 0.1282217 0.0845775 0.0686546 0.1687037 0.0456737 0.0708106 0.0686328 0.0797805 0.0527520 0.0531499 0.0592039 0.0838653 0.0975291 0.0000010 0.0478653 0.0510224 0.0809771 0.0697139 0.0069993 0.0426762 0.3714478 0.0497085 0.0635914 0.1915139 0.0555859 0.0809771 0.0531861 0.0000000 0.0816592 0.0476598 0.0461841 
FM244840.1_Clavelina_meridionalis        0.0807352 0.0098404 0.0748010 0.0973033 0.1059409 0.0449956 0.0756296 0.0954079 0.0670524 0.0713782 0.0807352 0.0822847 0.0713782 0.0688419 0.0416066 0.1568838 0.0263001 0.0688419 0.0668505 0.0857560 0.0911607 0.1059409 0.0334029 0.0449956 0.1192430 0.0748010 0.0434252 0.0416066 0.0610987 0.0668505 0.0654594 0.0776429 0.0172720 0.0415802 0.0817728 0.0734623 0.0670524 0.0186567 0.0854389 0.0878358 0.0435225 0.2967820 0.0695886 0.0375191 0.1562168 0.0810351 0.0186567 0.0756296 0.0816592 0.0000000 0.0772059 0.0735179 
HQ015399.1_Iasis_cylindrica              0.0236611 0.0773288 0.0013715 0.1218801 0.1150269 0.0512080 0.0234240 0.1197935 0.0171847 0.0202729 0.0236611 0.0253711 0.0202729 0.0157169 0.0511926 0.1835461 0.0712550 0.0157169 0.0172312 0.0481066 0.0513012 0.1150269 0.0660351 0.0512080 0.1409228 0.0013715 0.0531511 0.0511926 0.0790155 0.0172312 0.0248724 0.0265347 0.0757514 0.0848708 0.0477198 0.0187401 0.0171847 0.0712408 0.0479367 0.0458380 0.0396736 0.3519956 0.0202729 0.0554559 0.1605185 0.0237369 0.0712408 0.0234240 0.0476598 0.0772059 0.0000000 0.0172660 
HQ015392.1_Cyclosalpa_affinis            0.0300344 0.0736326 0.0157037 0.1308028 0.1182370 0.0553625 0.0201831 0.1286644 0.0141670 0.0027405 0.0300344 0.0350064 0.0027405 0.0156128 0.0553456 0.1943633 0.0753665 0.0156128 0.0141365 0.0477294 0.0610679 0.1182370 0.0644468 0.0553625 0.1535217 0.0157037 0.0573686 0.0553456 0.0735144 0.0141365 0.0186432 0.0113192 0.0719805 0.0854885 0.0462423 0.0013644 0.0141670 0.0675413 0.0475623 0.0443638 0.0396337 0.3478302 0.0027405 0.0554111 0.1661901 0.0301318 0.0675413 0.0201831 0.0461841 0.0735179 0.0172660 0.0000000 
