39
HQ015406.1_Salpa_thompsoni          0.0000000 0.0795824 0.0737953 0.0729035 0.0825261 0.0264271 0.0270042 0.0084213 0.0083749 0.0093246 0.0115320 0.0325903 0.0324913 0.0299588 0.0379878 0.0381093 0.0411831 0.0381973 0.0341718 0.0380979 0.0383186 0.0373536 0.0315706 0.0372075 0.0385209 0.0913557 0.1421822 0.1163165 0.1179258 0.1164936 0.1345582 0.1413769 0.1302289 0.1278308 0.1304367 0.1333145 0.1268387 0.1216998 0.2210540 
HQ015415.1_Thalia_democratica       0.0795824 0.0000000 0.0005785 0.0017533 0.0444688 0.0712899 0.0690675 0.0746760 0.0741705 0.0817125 0.0782838 0.0780481 0.0777921 0.0528290 0.0624836 0.0684800 0.0678699 0.0771369 0.0740729 0.0769138 0.0773944 0.0837306 0.0695496 0.0728976 0.0799113 0.1087136 0.1591386 0.1496795 0.1539850 0.1367267 0.1627859 0.1600890 0.1536240 0.1628769 0.1538759 0.1573535 0.1573150 0.1312324 0.2249417 
HQ015414.1_Thalia_democratica       0.0737953 0.0005785 0.0000000 0.0023402 0.0387377 0.0658229 0.0657428 0.0746760 0.0741705 0.0749916 0.0782838 0.0710616 0.0706906 0.0535944 0.0624836 0.0621888 0.0678699 0.0771369 0.0740729 0.0769138 0.0773944 0.0770982 0.0703239 0.0736858 0.0742301 0.1087136 0.1502771 0.1418873 0.1462552 0.1369800 0.1627859 0.1610066 0.1546518 0.1539098 0.1549054 0.1573535 0.1474068 0.1323661 0.2249417 
HQ015413.1_Thalia_democratica       0.0729035 0.0017533 0.0023402 0.0000000 0.0398017 0.0649038 0.0655903 0.0745989 0.0738680 0.0749179 0.0776497 0.0709525 0.0705787 0.0529054 0.0629848 0.0627250 0.0684098 0.0765121 0.0734217 0.0768586 0.0771651 0.0770451 0.0694306 0.0725968 0.0733586 0.1089832 0.1505324 0.1415686 0.1459857 0.1376009 0.1593747 0.1592031 0.1512769 0.1511003 0.1511003 0.1551143 0.1455762 0.1316275 0.2287221 
HQ015412.1_Thalia_orientalis        0.0825261 0.0444688 0.0387377 0.0398017 0.0000000 0.0756970 0.0776614 0.0818486 0.0812764 0.0808610 0.0886296 0.0879777 0.0876823 0.0607941 0.0777330 0.0761517 0.0833349 0.0824921 0.0765568 0.0822433 0.0827773 0.0811300 0.0824120 0.0803872 0.0789219 0.1079651 0.1477113 0.1369895 0.1384736 0.1339174 0.1884286 0.1918704 0.1786050 0.1749016 0.1789262 0.1812787 0.1673849 0.1389196 0.2403954 
HQ015411.1_Ritteriella_retracta     0.0264271 0.0712899 0.0658229 0.0649038 0.0756970 0.0000000 0.0005813 0.0274147 0.0272513 0.0274681 0.0323740 0.0265408 0.0264620 0.0284431 0.0354725 0.0347429 0.0356834 0.0311870 0.0295015 0.0311083 0.0312840 0.0310426 0.0270268 0.0316340 0.0330249 0.0864671 0.1490844 0.1140246 0.1148934 0.1155028 0.1328437 0.1354176 0.1247190 0.1224544 0.1249156 0.1276380 0.1166174 0.1331832 0.2166555 
HQ015410.1_Ritteriella_retracta     0.0270042 0.0690675 0.0657428 0.0655903 0.0776614 0.0005813 0.0000000 0.0267137 0.0265547 0.0271150 0.0316557 0.0259744 0.0258561 0.0285230 0.0347538 0.0344683 0.0349595 0.0312041 0.0295181 0.0311254 0.0313012 0.0307015 0.0272786 0.0324430 0.0335889 0.0855296 0.1505837 0.1161571 0.1155723 0.1144059 0.1315808 0.1341733 0.1263984 0.1251301 0.1266003 0.1264421 0.1164523 0.1310210 0.2151332 
HQ015409.1_Salpa_fusiformis         0.0084213 0.0746760 0.0746760 0.0745989 0.0818486 0.0274147 0.0267137 0.0000000 0.0000010 0.0005886 0.0091178 0.0336464 0.0335319 0.0311567 0.0382565 0.0382346 0.0415284 0.0353829 0.0319307 0.0351226 0.0353249 0.0351029 0.0335575 0.0376452 0.0389659 0.0889763 0.1470907 0.1153514 0.1155059 0.1125099 0.1380734 0.1369216 0.1340387 0.1333917 0.1342586 0.1338804 0.1291393 0.1136716 0.2231723 
HQ015408.1_Salpa_maxima             0.0083749 0.0741705 0.0741705 0.0738680 0.0812764 0.0272513 0.0265547 0.0000010 0.0000000 0.0005854 0.0090451 0.0337350 0.0335749 0.0308814 0.0381740 0.0380292 0.0414137 0.0352135 0.0319307 0.0352156 0.0353449 0.0348914 0.0333566 0.0373158 0.0387280 0.0883526 0.1460477 0.1144724 0.1146243 0.1121256 0.1380734 0.1374358 0.1324528 0.1322978 0.1326676 0.1339984 0.1296021 0.1127847 0.2231723 
HQ015407.1_Salpa_maxima             0.0093246 0.0817125 0.0749916 0.0749179 0.0808610 0.0274681 0.0271150 0.0005886 0.0005854 0.0000000 0.0096776 0.0341046 0.0340005 0.0316621 0.0388963 0.0389903 0.0421267 0.0360005 0.0327238 0.0359072 0.0361146 0.0345179 0.0340358 0.0381129 0.0387443 0.0892240 0.1410587 0.1134862 0.1132719 0.1129122 0.1397844 0.1437086 0.1340416 0.1315185 0.1342601 0.1354934 0.1288658 0.1203637 0.2255810 
HQ015405.1_Salpa_aspera             0.0115320 0.0782838 0.0782838 0.0776497 0.0886296 0.0323740 0.0316557 0.0091178 0.0090451 0.0096776 0.0000000 0.0355469 0.0353758 0.0351874 0.0426897 0.0425257 0.0459929 0.0405304 0.0373140 0.0406981 0.0408498 0.0403159 0.0358110 0.0397873 0.0412210 0.0953793 0.1474337 0.1213272 0.1214957 0.1189370 0.1380673 0.1382106 0.1331694 0.1330128 0.1330128 0.1347330 0.1314553 0.1232996 0.2376219 
HQ015404.1_Brooksia_rostrata        0.0325903 0.0780481 0.0710616 0.0709525 0.0879777 0.0265408 0.0259744 0.0336464 0.0337350 0.0341046 0.0355469 0.0000000 0.0000010 0.0331138 0.0400579 0.0396619 0.0449039 0.0393873 0.0360679 0.0390763 0.0391879 0.0387151 0.0374201 0.0414823 0.0423897 0.0937161 0.1534492 0.1242002 0.1251615 0.1259912 0.1461434 0.1499554 0.1424024 0.1398060 0.1426374 0.1421076 0.1277333 0.1323166 0.2282109 
HQ015403.1_Brooksia_rostrata        0.0324913 0.0777921 0.0706906 0.0705787 0.0876823 0.0264620 0.0258561 0.0335319 0.0335749 0.0340005 0.0353758 0.0000010 0.0000000 0.0329532 0.0398667 0.0395410 0.0446858 0.0391994 0.0360679 0.0389653 0.0391879 0.0385979 0.0372445 0.0412841 0.0422609 0.0931978 0.1528913 0.1237678 0.1247259 0.1252462 0.1461434 0.1499554 0.1414800 0.1392796 0.1417121 0.1415756 0.1280584 0.1314816 0.2282109 
HQ015402.1_Iasis_cylindrica         0.0299588 0.0528290 0.0535944 0.0529054 0.0607941 0.0284431 0.0285230 0.0311567 0.0308814 0.0316621 0.0351874 0.0331138 0.0329532 0.0000000 0.0000010 0.0000010 0.0049027 0.0344395 0.0350841 0.0346278 0.0347579 0.0350675 0.0304855 0.0322268 0.0336420 0.0671436 0.1328049 0.0920728 0.0929919 0.0885908 0.1118297 0.1114157 0.1070907 0.1069667 0.1069667 0.1086978 0.1065725 0.1065791 0.1940886 
HQ015401.1_Iasis_cylindrica         0.0379878 0.0624836 0.0624836 0.0629848 0.0777330 0.0354725 0.0347538 0.0382565 0.0381740 0.0388963 0.0426897 0.0400579 0.0398667 0.0000010 0.0000000 0.0000010 0.0053741 0.0396604 0.0379711 0.0395569 0.0397635 0.0393670 0.0354937 0.0380723 0.0394063 0.0822200 0.1511993 0.1066260 0.1075752 0.1022882 0.1216287 0.1197133 0.1165702 0.1161276 0.1167530 0.1170656 0.1132133 0.1278017 0.2097358 
HQ015400.1_Iasis_cylindrica         0.0381093 0.0684800 0.0621888 0.0627250 0.0761517 0.0347429 0.0344683 0.0382346 0.0380292 0.0389903 0.0425257 0.0396619 0.0395410 0.0000010 0.0000010 0.0000000 0.0053663 0.0396376 0.0379711 0.0395342 0.0397635 0.0380202 0.0353420 0.0379282 0.0385597 0.0817981 0.1453885 0.1042524 0.1048517 0.1018704 0.1216287 0.1243287 0.1159732 0.1138975 0.1161541 0.1170656 0.1115910 0.1339266 0.2097358 
HQ015399.1_Iasis_cylindrica         0.0411831 0.0678699 0.0678699 0.0684098 0.0833349 0.0356834 0.0349595 0.0415284 0.0414137 0.0421267 0.0459929 0.0449039 0.0446858 0.0049027 0.0053741 0.0053663 0.0000000 0.0404469 0.0387967 0.0403729 0.0406080 0.0401326 0.0371338 0.0383588 0.0396814 0.0835915 0.1525549 0.1057404 0.1066889 0.1014096 0.1197079 0.1178678 0.1147043 0.1141793 0.1147752 0.1153773 0.1154096 0.1298548 0.2099184 
HQ015398.1_Cyclosalpa_sewelli       0.0381973 0.0771369 0.0771369 0.0765121 0.0824921 0.0311870 0.0312041 0.0353829 0.0352135 0.0360005 0.0405304 0.0393873 0.0391994 0.0344395 0.0396604 0.0396376 0.0404469 0.0000000 0.0000010 0.0000010 0.0000010 0.0000010 0.0090791 0.0096904 0.0096904 0.0792114 0.1346980 0.1106597 0.1089292 0.1118959 0.1303418 0.1294924 0.1256046 0.1254608 0.1254608 0.1263562 0.1145281 0.1270806 0.2130709 
HQ015397.1_Cyclosalpa_quadriluminis 0.0341718 0.0740729 0.0740729 0.0734217 0.0765568 0.0295015 0.0295181 0.0319307 0.0319307 0.0327238 0.0373140 0.0360679 0.0360679 0.0350841 0.0379711 0.0379711 0.0387967 0.0000010 0.0000000 0.0000010 0.0000010 0.0000010 0.0093967 0.0093924 0.0093924 0.0738141 0.1299681 0.1056493 0.1039322 0.1068863 0.1228370 0.1223827 0.1216117 0.1214677 0.1214677 0.1214677 0.1144137 0.1149422 0.2130709 
HQ015396.1_Cyclosalpa_polae         0.0380979 0.0769138 0.0769138 0.0768586 0.0822433 0.0311083 0.0311254 0.0351226 0.0352156 0.0359072 0.0406981 0.0390763 0.0389653 0.0346278 0.0395569 0.0395342 0.0403729 0.0000010 0.0000010 0.0000000 0.0000010 0.0000010 0.0090578 0.0096910 0.0096676 0.0789755 0.1342371 0.1102914 0.1085697 0.1115219 0.1303418 0.1280963 0.1256094 0.1250248 0.1258078 0.1253601 0.1133331 0.1266369 0.2130709 
HQ015395.1_Cyclosalpa_sewelli       0.0383186 0.0773944 0.0773944 0.0771651 0.0827773 0.0312840 0.0313012 0.0353249 0.0353449 0.0361146 0.0408498 0.0391879 0.0391879 0.0347579 0.0397635 0.0397635 0.0406080 0.0000010 0.0000010 0.0000010 0.0000000 0.0000010 0.0091063 0.0097242 0.0097194 0.0794828 0.1351930 0.1110667 0.1093272 0.1123085 0.1303418 0.1284475 0.1261854 0.1259340 0.1263856 0.1259340 0.1136351 0.1275613 0.2130709 
HQ015394.1_Cyclosalpa_polae         0.0373536 0.0837306 0.0770982 0.0770451 0.0811300 0.0310426 0.0307015 0.0351029 0.0348914 0.0345179 0.0403159 0.0387151 0.0385979 0.0350675 0.0393670 0.0380202 0.0401326 0.0000010 0.0000010 0.0000010 0.0000010 0.0000000 0.0096023 0.0102332 0.0100517 0.0781454 0.1275409 0.1083699 0.1063728 0.1104785 0.1303418 0.1329035 0.1254415 0.1231755 0.1256381 0.1253601 0.1118123 0.1332710 0.2130709 
HQ015393.1_Cyclosalpa_floridana     0.0315706 0.0695496 0.0703239 0.0694306 0.0824120 0.0270268 0.0272786 0.0335575 0.0333566 0.0340358 0.0358110 0.0374201 0.0372445 0.0304855 0.0354937 0.0353420 0.0371338 0.0090791 0.0093967 0.0090578 0.0091063 0.0096023 0.0000000 0.0102485 0.0120593 0.0734575 0.1339351 0.1039545 0.1041069 0.1061884 0.1208617 0.1188953 0.1138405 0.1133314 0.1140133 0.1164038 0.1064256 0.1253400 0.2101989 
HQ015392.1_Cyclosalpa_affinis       0.0372075 0.0728976 0.0736858 0.0725968 0.0803872 0.0316340 0.0324430 0.0376452 0.0373158 0.0381129 0.0397873 0.0414823 0.0412841 0.0322268 0.0380723 0.0379282 0.0383588 0.0096904 0.0093924 0.0096910 0.0097242 0.0102332 0.0102485 0.0000000 0.0011663 0.0779414 0.1377497 0.1072981 0.1056185 0.1074521 0.1211247 0.1195545 0.1150089 0.1148790 0.1151869 0.1166988 0.1100104 0.1269726 0.2185311 
HQ015391.1_Cyclosalpa_affinis       0.0385209 0.0799113 0.0742301 0.0733586 0.0789219 0.0330249 0.0335889 0.0389659 0.0387280 0.0387443 0.0412210 0.0423897 0.0422609 0.0336420 0.0394063 0.0385597 0.0396814 0.0096904 0.0093924 0.0096676 0.0097194 0.0100517 0.0120593 0.0011663 0.0000000 0.0769517 0.1332533 0.1068075 0.1049900 0.1077173 0.1231752 0.1258377 0.1178656 0.1157720 0.1180479 0.1185605 0.1073405 0.1334052 0.2185311 
HQ015390.1_Thetys_vagina            0.0913557 0.1087136 0.1087136 0.1089832 0.1079651 0.0864671 0.0855296 0.0889763 0.0883526 0.0892240 0.0953793 0.0937161 0.0931978 0.0671436 0.0822200 0.0817981 0.0835915 0.0792114 0.0738141 0.0789755 0.0794828 0.0781454 0.0734575 0.0779414 0.0769517 0.0000000 0.0611963 0.0963038 0.0957759 0.0986657 0.1080416 0.1088061 0.1055995 0.1051420 0.1057550 0.1066259 0.0835494 0.1286163 0.1970409 
HQ015389.1_Soestia_zonaria          0.1421822 0.1591386 0.1502771 0.1505324 0.1477113 0.1490844 0.1505837 0.1470907 0.1460477 0.1410587 0.1474337 0.1534492 0.1528913 0.1328049 0.1511993 0.1453885 0.1525549 0.1346980 0.1299681 0.1342371 0.1351930 0.1275409 0.1339351 0.1377497 0.1332533 0.0611963 0.0000000 0.1532050 0.1510266 0.1505241 0.1518379 0.1567665 0.1471763 0.1445232 0.1474051 0.1485650 0.1186241 0.1910485 0.2389564 
HQ015388.1_Pegea_bicaudata          0.1163165 0.1496795 0.1418873 0.1415686 0.1369895 0.1140246 0.1161571 0.1153514 0.1144724 0.1134862 0.1213272 0.1242002 0.1237678 0.0920728 0.1066260 0.1042524 0.1057404 0.1106597 0.1056493 0.1102914 0.1110667 0.1083699 0.1039545 0.1072981 0.1068075 0.0963038 0.1532050 0.0000000 0.0034623 0.0090341 0.1629360 0.1665867 0.1547003 0.1517175 0.1549578 0.1574488 0.1257730 0.1719697 0.2361390 
HQ015387.1_Pegea_confoederata       0.1179258 0.1539850 0.1462552 0.1459857 0.1384736 0.1148934 0.1155723 0.1155059 0.1146243 0.1132719 0.1214957 0.1251615 0.1247259 0.0929919 0.1075752 0.1048517 0.1066889 0.1089292 0.1039322 0.1085697 0.1093272 0.1063728 0.1041069 0.1056185 0.1049900 0.0957759 0.1510266 0.0034623 0.0000000 0.0103051 0.1693076 0.1728884 0.1627593 0.1595816 0.1630338 0.1634615 0.1308672 0.1684344 0.2411119 
HQ015386.1_Pegea_confoederata       0.1164936 0.1367267 0.1369800 0.1376009 0.1339174 0.1155028 0.1144059 0.1125099 0.1121256 0.1129122 0.1189370 0.1259912 0.1252462 0.0885908 0.1022882 0.1018704 0.1014096 0.1118959 0.1068863 0.1115219 0.1123085 0.1104785 0.1061884 0.1074521 0.1077173 0.0986657 0.1505241 0.0090341 0.0103051 0.0000000 0.1608917 0.1588410 0.1545557 0.1535045 0.1548139 0.1555371 0.1310187 0.1731489 0.2343435 
HQ015385.1_Pyrosoma_atlanticum      0.1345582 0.1627859 0.1627859 0.1593747 0.1884286 0.1328437 0.1315808 0.1380734 0.1380734 0.1397844 0.1380673 0.1461434 0.1461434 0.1118297 0.1216287 0.1216287 0.1197079 0.1303418 0.1228370 0.1303418 0.1303418 0.1303418 0.1208617 0.1211247 0.1231752 0.1080416 0.1518379 0.1629360 0.1693076 0.1608917 0.0000000 0.0000010 0.0000010 0.0012050 0.0012050 0.0012050 0.0304955 0.1820451 0.1884404 
HQ015384.1_Pyrosoma_godeauxi        0.1413769 0.1600890 0.1610066 0.1592031 0.1918704 0.1354176 0.1341733 0.1369216 0.1374358 0.1437086 0.1382106 0.1499554 0.1499554 0.1114157 0.1197133 0.1243287 0.1178678 0.1294924 0.1223827 0.1280963 0.1284475 0.1329035 0.1188953 0.1195545 0.1258377 0.1088061 0.1567665 0.1665867 0.1728884 0.1588410 0.0000010 0.0000000 0.0000010 0.0035783 0.0011909 0.0011880 0.0335290 0.1829032 0.1876887 
HQ015383.1_Pyrosomella_verticillata 0.1302289 0.1536240 0.1546518 0.1512769 0.1786050 0.1247190 0.1263984 0.1340387 0.1324528 0.1340416 0.1331694 0.1424024 0.1414800 0.1070907 0.1165702 0.1159732 0.1147043 0.1256046 0.1216117 0.1256094 0.1261854 0.1254415 0.1138405 0.1150089 0.1178656 0.1055995 0.1471763 0.1547003 0.1627593 0.1545557 0.0000010 0.0000010 0.0000000 0.0011509 0.0011531 0.0011704 0.0303343 0.1771179 0.1876887 
HQ015382.1_Pyrosomella_verticillata 0.1278308 0.1628769 0.1539098 0.1511003 0.1749016 0.1224544 0.1251301 0.1333917 0.1322978 0.1315185 0.1330128 0.1398060 0.1392796 0.1069667 0.1161276 0.1138975 0.1141793 0.1254608 0.1214677 0.1250248 0.1259340 0.1231755 0.1133314 0.1148790 0.1157720 0.1051420 0.1445232 0.1517175 0.1595816 0.1535045 0.0012050 0.0035783 0.0011509 0.0000000 0.0000010 0.0000010 0.0299346 0.1843682 0.1874628 
HQ015381.1_Pyrosoma_atlanticum      0.1304367 0.1538759 0.1549054 0.1511003 0.1789262 0.1249156 0.1266003 0.1342586 0.1326676 0.1342601 0.1330128 0.1426374 0.1417121 0.1069667 0.1167530 0.1161541 0.1147752 0.1254608 0.1214677 0.1258078 0.1263856 0.1256381 0.1140133 0.1151869 0.1180479 0.1057550 0.1474051 0.1549578 0.1630338 0.1548139 0.0012050 0.0011909 0.0011531 0.0000010 0.0000000 0.0000010 0.0303721 0.1774336 0.1874628 
HQ015380.1_Pyrosomella_verticillata 0.1333145 0.1573535 0.1573535 0.1551143 0.1812787 0.1276380 0.1264421 0.1338804 0.1339984 0.1354934 0.1347330 0.1421076 0.1415756 0.1086978 0.1170656 0.1170656 0.1153773 0.1263562 0.1214677 0.1253601 0.1259340 0.1253601 0.1164038 0.1166988 0.1185605 0.1066259 0.1485650 0.1574488 0.1634615 0.1555371 0.0012050 0.0011880 0.0011704 0.0000010 0.0000010 0.0000000 0.0302904 0.1795679 0.1874628 
HQ015379.1_Pyrostremma_spinosum     0.1268387 0.1573150 0.1474068 0.1455762 0.1673849 0.1166174 0.1164523 0.1291393 0.1296021 0.1288658 0.1314553 0.1277333 0.1280584 0.1065725 0.1132133 0.1115910 0.1154096 0.1145281 0.1144137 0.1133331 0.1136351 0.1118123 0.1064256 0.1100104 0.1073405 0.0835494 0.1186241 0.1257730 0.1308672 0.1310187 0.0304955 0.0335290 0.0303343 0.0299346 0.0303721 0.0302904 0.0000000 0.1591157 0.1777149 
HQ015378.1_Ihlea_racovitzai         0.1216998 0.1312324 0.1323661 0.1316275 0.1389196 0.1331832 0.1310210 0.1136716 0.1127847 0.1203637 0.1232996 0.1323166 0.1314816 0.1065791 0.1278017 0.1339266 0.1298548 0.1270806 0.1149422 0.1266369 0.1275613 0.1332710 0.1253400 0.1269726 0.1334052 0.1286163 0.1910485 0.1719697 0.1684344 0.1731489 0.1820451 0.1829032 0.1771179 0.1843682 0.1774336 0.1795679 0.1591157 0.0000000 0.2694875 
HQ015376.1_Doliolum_denticulatum    0.2210540 0.2249417 0.2249417 0.2287221 0.2403954 0.2166555 0.2151332 0.2231723 0.2231723 0.2255810 0.2376219 0.2282109 0.2282109 0.1940886 0.2097358 0.2097358 0.2099184 0.2130709 0.2130709 0.2130709 0.2130709 0.2130709 0.2101989 0.2185311 0.2185311 0.1970409 0.2389564 0.2361390 0.2411119 0.2343435 0.1884404 0.1876887 0.1876887 0.1874628 0.1874628 0.1874628 0.1777149 0.2694875 0.0000000 
