69
HQ015382.1_Pyrosomella_verticillata         0.0000000 0.0686668 0.0761084 0.0000010 0.0889960 0.0513405 0.0761084 0.0023733 0.0684188 0.1003860 0.0546157 0.0847948 0.0644441 0.1282632 0.0624859 0.1844487 0.0680714 0.0984842 0.0481640 0.0662082 0.0502144 0.0685337 0.0856641 0.0682301 0.2016627 0.0877951 0.0663188 0.0949029 0.0683970 0.0680714 0.0927211 0.0877951 0.0859342 0.2777761 0.0168238 0.0710668 0.1000710 0.1004346 0.0023733 0.0644441 0.0729385 0.0035907 0.0641413 0.4416482 0.0698581 0.0494215 0.0479794 0.0644441 0.0565153 0.1282632 0.0740912 0.0722856 0.0740912 0.0683970 0.0856641 0.0597358 0.2348901 0.0664298 0.0707876 0.0684188 0.0729385 0.0641413 0.0710668 0.0952051 0.0698711 0.0724575 0.0724575 0.0531029 0.0894766 
HQ015392.1_Cyclosalpa_affinis               0.0686668 0.0000000 0.0085159 0.0686668 0.1164923 0.0869106 0.0085159 0.0686668 0.0149956 0.0682662 0.0869373 0.0137424 0.0048250 0.1575343 0.0212456 0.2140620 0.0178639 0.0683589 0.0842860 0.0123465 0.0853009 0.0150172 0.0343282 0.0162412 0.2165889 0.0343282 0.0123642 0.0648686 0.0162863 0.0178639 0.0629274 0.0343282 0.0344215 0.2797477 0.0701936 0.0191346 0.0682084 0.0446907 0.0686668 0.0048250 0.0178206 0.0708959 0.0179779 0.4836590 0.0191958 0.0915437 0.0745968 0.0048250 0.0833045 0.1575343 0.0202838 0.0023630 0.0202838 0.0162863 0.0343282 0.0930196 0.2199371 0.0123819 0.0203412 0.0149956 0.0178206 0.0179779 0.0191346 0.0650624 0.0649864 0.0190747 0.0190747 0.0849773 0.0999152 
HQ015398.1_Cyclosalpa_sewelli               0.0761084 0.0085159 0.0000000 0.0761084 0.1140877 0.0870673 0.0000010 0.0761084 0.0162412 0.0675679 0.0867271 0.0048210 0.0084925 0.1485348 0.0137665 0.2107965 0.0219354 0.0676591 0.0902652 0.0161407 0.0873797 0.0162646 0.0377574 0.0174866 0.2152292 0.0377574 0.0161638 0.0612333 0.0175350 0.0219354 0.0608801 0.0377574 0.0378616 0.2711906 0.0758122 0.0204052 0.0675118 0.0463788 0.0761084 0.0084925 0.0190884 0.0784234 0.0248170 0.4783511 0.0232934 0.0895436 0.0698795 0.0084925 0.0787569 0.1485348 0.0160901 0.0085159 0.0160901 0.0175350 0.0377574 0.0971925 0.2228977 0.0161870 0.0216077 0.0162412 0.0190884 0.0248170 0.0204052 0.0614150 0.0623945 0.0203412 0.0203412 0.0890165 0.0945591 
HQ015380.1_Pyrosomella_verticillata         0.0000010 0.0686668 0.0761084 0.0000000 0.0889960 0.0513405 0.0761084 0.0023733 0.0684188 0.1003860 0.0546157 0.0847948 0.0644441 0.1282632 0.0624859 0.1844487 0.0680714 0.0984842 0.0481640 0.0662082 0.0502144 0.0685337 0.0856641 0.0682301 0.2016627 0.0877951 0.0663188 0.0949029 0.0683970 0.0680714 0.0927211 0.0877951 0.0859342 0.2777761 0.0168238 0.0710668 0.1000710 0.1004346 0.0023733 0.0644441 0.0729385 0.0035907 0.0641413 0.4416482 0.0698581 0.0494215 0.0479794 0.0644441 0.0565153 0.1282632 0.0740912 0.0722856 0.0740912 0.0683970 0.0856641 0.0597358 0.2348901 0.0664298 0.0707876 0.0684188 0.0729385 0.0641413 0.0710668 0.0952051 0.0698711 0.0724575 0.0724575 0.0531029 0.0894766 
AY903925.1_Halocynthia_igaboja              0.0889960 0.1164923 0.1140877 0.0889960 0.0000000 0.0801583 0.1140877 0.0931109 0.1115828 0.1447273 0.0730364 0.1243294 0.1088533 0.1575610 0.1133718 0.1860572 0.1129533 0.1449505 0.0761859 0.1131443 0.0770360 0.1117819 0.1211409 0.1092214 0.1460736 0.1235681 0.1133466 0.1493730 0.1094083 0.1129533 0.1381383 0.1235681 0.1215419 0.2580519 0.0906075 0.1115488 0.1405755 0.1261171 0.0931109 0.1131443 0.1171341 0.0956177 0.1157249 0.4562579 0.1151225 0.0758169 0.1018790 0.1131443 0.0749369 0.1575610 0.1139016 0.1143083 0.1139016 0.1094083 0.1211409 0.0761120 0.2181709 0.1135496 0.1076505 0.1115828 0.1171341 0.1157249 0.1115488 0.1498863 0.1024046 0.1131443 0.1131443 0.0735273 0.1359188 
AF165821.2_Chelyosoma_siboja                0.0513405 0.0869106 0.0870673 0.0513405 0.0801583 0.0000000 0.0870673 0.0479952 0.0906900 0.1069997 0.0298300 0.0962165 0.0843498 0.1250315 0.0738856 0.1800995 0.0902122 0.1050582 0.0238237 0.0882076 0.0239885 0.0908469 0.1025637 0.0885191 0.1692479 0.1025637 0.0883595 0.1047504 0.0887031 0.0902122 0.1111022 0.1025637 0.1028955 0.2429782 0.0389777 0.0917012 0.1087506 0.1105482 0.0479952 0.0882076 0.0957537 0.0499028 0.0927126 0.4431484 0.0921770 0.0048263 0.0624366 0.0882076 0.0339135 0.1250315 0.0909815 0.0849773 0.0909815 0.0887031 0.1025637 0.0250767 0.2241197 0.0885119 0.0849511 0.0906900 0.0957537 0.0927126 0.0917012 0.1050883 0.0638324 0.0931770 0.0931770 0.0192639 0.0873300 
26_Cyclosalpa_quadriluminis_D39CquaOS1      0.0761084 0.0085159 0.0000010 0.0761084 0.1140877 0.0870673 0.0000000 0.0761084 0.0162412 0.0675679 0.0867271 0.0048210 0.0084925 0.1485348 0.0137665 0.2107965 0.0219354 0.0676591 0.0902652 0.0161407 0.0873797 0.0162646 0.0377574 0.0174866 0.2152292 0.0377574 0.0161638 0.0612333 0.0175350 0.0219354 0.0608801 0.0377574 0.0378616 0.2711906 0.0758122 0.0204052 0.0675118 0.0463788 0.0761084 0.0084925 0.0190884 0.0784234 0.0248170 0.4783511 0.0232934 0.0895436 0.0698795 0.0084925 0.0787569 0.1485348 0.0160901 0.0085159 0.0160901 0.0175350 0.0377574 0.0971925 0.2228977 0.0161870 0.0216077 0.0162412 0.0190884 0.0248170 0.0204052 0.0614150 0.0623945 0.0203412 0.0203412 0.0890165 0.0945591 
HQ015383.1_Pyrosomella_verticillata         0.0023733 0.0686668 0.0761084 0.0023733 0.0931109 0.0479952 0.0761084 0.0000000 0.0684188 0.1003860 0.0512219 0.0847948 0.0644441 0.1282632 0.0624859 0.1844487 0.0680714 0.0984842 0.0448595 0.0662082 0.0469379 0.0685337 0.0856641 0.0682301 0.2016627 0.0877951 0.0663188 0.0949029 0.0683970 0.0680714 0.0927211 0.0877951 0.0859342 0.2777761 0.0168238 0.0710668 0.1000710 0.1004346 0.0000010 0.0644441 0.0729385 0.0011858 0.0641413 0.4416482 0.0698581 0.0461182 0.0479794 0.0644441 0.0530901 0.1282632 0.0740912 0.0722856 0.0740912 0.0683970 0.0856641 0.0562610 0.2348901 0.0664298 0.0707876 0.0684188 0.0729385 0.0641413 0.0710668 0.0952051 0.0698711 0.0724575 0.0724575 0.0497275 0.0894766 
HQ015410.1_Ritteriella_retracta             0.0684188 0.0149956 0.0162412 0.0684188 0.1115828 0.0906900 0.0162412 0.0684188 0.0000000 0.0754237 0.0805316 0.0218131 0.0122416 0.1595281 0.0230184 0.1939626 0.0178079 0.0755273 0.0859060 0.0047847 0.0870996 0.0000010 0.0390424 0.0097652 0.2189446 0.0390424 0.0047914 0.0668769 0.0097383 0.0178079 0.0600819 0.0390424 0.0391499 0.2743759 0.0699412 0.0136714 0.0753516 0.0430906 0.0684188 0.0097362 0.0023935 0.0706398 0.0179213 0.4670707 0.0191355 0.0953916 0.0703455 0.0097362 0.0849080 0.1595281 0.0136245 0.0175971 0.0136245 0.0097383 0.0390424 0.0909025 0.2116234 0.0047982 0.0175904 0.0000010 0.0023935 0.0179213 0.0136714 0.0670778 0.0658629 0.0110864 0.0110864 0.0829443 0.1088704 
HQ015387.1_Pegea_confoederata               0.1003860 0.0682662 0.0675679 0.1003860 0.1447273 0.1069997 0.0675679 0.1003860 0.0754237 0.0000000 0.1079786 0.0758450 0.0675894 0.1730463 0.0551748 0.2521634 0.0714391 0.0011743 0.1071755 0.0713304 0.1191856 0.0755509 0.0803818 0.0754002 0.2363347 0.0803818 0.0714498 0.0933185 0.0735718 0.0714391 0.0958246 0.0803818 0.0806318 0.3201912 0.0916681 0.0772423 0.0073859 0.0787205 0.1003860 0.0675894 0.0800953 0.1029874 0.0718895 0.5675311 0.0732509 0.1097018 0.0874206 0.0675894 0.1130683 0.1730463 0.0731148 0.0700602 0.0731148 0.0735718 0.0803818 0.1220639 0.2489969 0.0715696 0.0778710 0.0754237 0.0800953 0.0718895 0.0772423 0.0936135 0.0555545 0.0749583 0.0749583 0.1124031 0.0994673 
FM244840.1_Clavelina_meridionalis           0.0546157 0.0869373 0.0867271 0.0546157 0.0730364 0.0298300 0.0867271 0.0512219 0.0805316 0.1079786 0.0000000 0.0958718 0.0781672 0.1374759 0.0761658 0.1620247 0.0900557 0.1102671 0.0125095 0.0819287 0.0379030 0.0806693 0.0992378 0.0841301 0.1637498 0.1014849 0.0820687 0.0949672 0.0843119 0.0900557 0.1084431 0.1014849 0.0995573 0.2238737 0.0450886 0.0872462 0.1118827 0.1061413 0.0512219 0.0819287 0.0853593 0.0531682 0.0905841 0.4335450 0.0920203 0.0297307 0.0510532 0.0819287 0.0469987 0.1374759 0.0884906 0.0850035 0.0884906 0.0843119 0.0992378 0.0369532 0.2175582 0.0822092 0.0846124 0.0805316 0.0853593 0.0905841 0.0872462 0.0952683 0.0667281 0.0887022 0.0887022 0.0251477 0.0836341 
FM244864.1_Cyclosalpa_quadriluminis         0.0847948 0.0137424 0.0048210 0.0847948 0.1243294 0.0962165 0.0048210 0.0847948 0.0218131 0.0758450 0.0958718 0.0000000 0.0137041 0.1576474 0.0214215 0.2214799 0.0278344 0.0759495 0.0995398 0.0216758 0.0944867 0.0218451 0.0445502 0.0230910 0.2197411 0.0445502 0.0217074 0.0692019 0.0231553 0.0278344 0.0688102 0.0445502 0.0446759 0.2834092 0.0844678 0.0262012 0.0757719 0.0536157 0.0847948 0.0137041 0.0248367 0.0872193 0.0308614 0.4951481 0.0292448 0.0988037 0.0764206 0.0137041 0.0874638 0.1576474 0.0216077 0.0137424 0.0216077 0.0231553 0.0445502 0.1067562 0.2307703 0.0217391 0.0274169 0.0218131 0.0248367 0.0308614 0.0262012 0.0694113 0.0682764 0.0233681 0.0233681 0.0982447 0.1019473 
HQ015393.1_Cyclosalpa_floridana             0.0644441 0.0048250 0.0084925 0.0644441 0.1088533 0.0843498 0.0084925 0.0644441 0.0122416 0.0675894 0.0781672 0.0137041 0.0000000 0.1485822 0.0211640 0.2005743 0.0176952 0.0676806 0.0797062 0.0096769 0.0827809 0.0122590 0.0358063 0.0109508 0.2165889 0.0358063 0.0096906 0.0647083 0.0109810 0.0176952 0.0586082 0.0358063 0.0359038 0.2677564 0.0659488 0.0162412 0.0675332 0.0479857 0.0644441 0.0023630 0.0149598 0.0666127 0.0178079 0.4673508 0.0190142 0.0889142 0.0663329 0.0023630 0.0787812 0.1485822 0.0173852 0.0072808 0.0173852 0.0109810 0.0358063 0.0903721 0.2091584 0.0097043 0.0187844 0.0122416 0.0149598 0.0178079 0.0162412 0.0649015 0.0606717 0.0161915 0.0161915 0.0824438 0.0976827 
AB013012.1_Doliolum_nationalis              0.1282632 0.1575343 0.1485348 0.1282632 0.1575610 0.1250315 0.1485348 0.1282632 0.1595281 0.1730463 0.1374759 0.1576474 0.1485822 0.0000000 0.1161216 0.2771452 0.1506619 0.1705689 0.1273638 0.1562450 0.1204131 0.1598351 0.1671316 0.1566995 0.2307144 0.1642997 0.1565446 0.1693969 0.1568645 0.1506619 0.1725629 0.1642997 0.1677239 0.2924306 0.1208074 0.1528362 0.1755687 0.1755200 0.1282632 0.1536632 0.1635193 0.1311889 0.1538796 0.4459855 0.1532125 0.1246291 0.1150042 0.1536632 0.1180242 0.0000010 0.1560287 0.1523883 0.1560287 0.1568645 0.1671316 0.1269947 0.3282516 0.1568453 0.1654075 0.1595281 0.1635193 0.1538796 0.1528362 0.1699994 0.1288635 0.1572053 0.1572053 0.1319653 0.1624997 
27_Cyclosalpa_polae_D38CpolB1               0.0624859 0.0212456 0.0137665 0.0624859 0.1133718 0.0738856 0.0137665 0.0624859 0.0230184 0.0551748 0.0761658 0.0214215 0.0211640 0.1161216 0.0000000 0.1959188 0.0312024 0.0551748 0.0807529 0.0230184 0.0723012 0.0230649 0.0430480 0.0269918 0.1882747 0.0430480 0.0230649 0.0496387 0.0250929 0.0312024 0.0522915 0.0430480 0.0432135 0.2967888 0.0621571 0.0294050 0.0576481 0.0468945 0.0624859 0.0211640 0.0251056 0.0653690 0.0334613 0.4296111 0.0331673 0.0770118 0.0621055 0.0211640 0.0727911 0.1161216 0.0248747 0.0212456 0.0248747 0.0250929 0.0430480 0.0845072 0.2192071 0.0231115 0.0312093 0.0230184 0.0251056 0.0334613 0.0294050 0.0498318 0.0499885 0.0291606 0.0291606 0.0797446 0.0771129 
M91181.1_Echinorhinus_cookei                0.1844487 0.2140620 0.2107965 0.1844487 0.1860572 0.1800995 0.2107965 0.1844487 0.1939626 0.2521634 0.1620247 0.2214799 0.2005743 0.2771452 0.1959188 0.0000000 0.2063461 0.2492141 0.1667206 0.2002969 0.1787277 0.1943440 0.2246468 0.2070214 0.2694369 0.2279557 0.2006933 0.2495181 0.2068849 0.2063461 0.2315262 0.2279557 0.2254758 0.2333772 0.1743282 0.2173561 0.2529440 0.2249656 0.1844487 0.2065471 0.2011826 0.1878903 0.1997670 0.3573018 0.2093733 0.1796364 0.1691153 0.2065471 0.1964769 0.2771452 0.2168070 0.2110034 0.2168070 0.2068849 0.2246468 0.1855902 0.3287465 0.2010912 0.2232004 0.1939626 0.2011826 0.1997670 0.2173561 0.2504603 0.1894201 0.2136582 0.2136582 0.1716407 0.2293645 
HQ015401.1_Iasis_cylindrica                 0.0680714 0.0178639 0.0219354 0.0680714 0.1129533 0.0902122 0.0219354 0.0680714 0.0178079 0.0714391 0.0900557 0.0278344 0.0176952 0.1506619 0.0312024 0.2063461 0.0000000 0.0715365 0.0873797 0.0150795 0.0885683 0.0178340 0.0300571 0.0191818 0.2127828 0.0300571 0.0151013 0.0654451 0.0191281 0.0000010 0.0567316 0.0300571 0.0301385 0.2601756 0.0695859 0.0207169 0.0688958 0.0387304 0.0680714 0.0150795 0.0207328 0.0702786 0.0023791 0.4836231 0.0011786 0.0948866 0.0680320 0.0150795 0.0824027 0.1506619 0.0233587 0.0205353 0.0233587 0.0191281 0.0300571 0.0881074 0.2145992 0.0151233 0.0276435 0.0178079 0.0207328 0.0023791 0.0207169 0.0656416 0.0640991 0.0165385 0.0165385 0.0882636 0.1106103 
HQ015388.1_Pegea_bicaudata                  0.0984842 0.0683589 0.0676591 0.0984842 0.1449505 0.1050582 0.0676591 0.0984842 0.0755273 0.0011743 0.1102671 0.0759495 0.0676806 0.1705689 0.0551748 0.2492141 0.0715365 0.0000000 0.1052291 0.0714274 0.1171511 0.0756549 0.0804941 0.0755038 0.2334923 0.0804941 0.0715471 0.0954462 0.0736725 0.0715365 0.0959627 0.0804941 0.0807447 0.3168846 0.0898346 0.0773488 0.0086520 0.0806998 0.0984842 0.0676806 0.0802069 0.1010669 0.0719878 0.5686436 0.0733511 0.1077393 0.0856172 0.0676806 0.1110796 0.1705689 0.0732145 0.0701557 0.0732145 0.0736725 0.0804941 0.1200017 0.2494207 0.0716672 0.0779788 0.0755273 0.0802069 0.0719878 0.0773488 0.0957494 0.0539603 0.0750609 0.0750609 0.1104201 0.1016574 
FM244841.1_Pycnoclavella_aff._detorta       0.0481640 0.0842860 0.0902652 0.0481640 0.0761859 0.0238237 0.0902652 0.0448595 0.0859060 0.1071755 0.0125095 0.0995398 0.0797062 0.1273638 0.0807529 0.1667206 0.0873797 0.1052291 0.0000000 0.0834833 0.0298452 0.0860536 0.0984588 0.0856974 0.1693980 0.1006987 0.0836259 0.1006353 0.0858797 0.0873797 0.1059043 0.1006987 0.0987752 0.2351942 0.0390032 0.0888321 0.1110681 0.1053404 0.0448595 0.0834833 0.0908519 0.0467327 0.0878975 0.4276839 0.0893192 0.0237462 0.0508413 0.0834833 0.0382226 0.1273638 0.0920533 0.0823764 0.0920533 0.0858797 0.0984588 0.0293055 0.2277512 0.0837690 0.0861843 0.0859060 0.0908519 0.0878975 0.0888321 0.1009575 0.0645388 0.0902928 0.0902928 0.0207325 0.0851822 
20_Ihlea_punctata_D31IpunOS1-2              0.0662082 0.0123465 0.0161407 0.0662082 0.1131443 0.0882076 0.0161407 0.0662082 0.0047847 0.0713304 0.0819287 0.0216758 0.0096769 0.1562450 0.0230184 0.2002969 0.0150795 0.0714274 0.0834833 0.0000000 0.0865864 0.0047914 0.0328587 0.0060126 0.2132551 0.0328587 0.0000010 0.0612530 0.0059961 0.0150795 0.0586082 0.0328587 0.0329478 0.2784301 0.0677185 0.0110513 0.0712668 0.0448133 0.0662082 0.0072153 0.0073084 0.0683970 0.0151746 0.4772731 0.0163837 0.0928516 0.0681111 0.0072153 0.0825146 0.1562450 0.0097613 0.0149026 0.0097613 0.0059961 0.0328587 0.0903721 0.2091584 0.0000010 0.0136156 0.0047847 0.0073084 0.0151746 0.0110513 0.0614348 0.0625742 0.0060493 0.0060493 0.0862710 0.1019784 
AJ250778.1_Ciona_intestinalis               0.0502144 0.0853009 0.0873797 0.0502144 0.0770360 0.0239885 0.0873797 0.0469379 0.0870996 0.1191856 0.0379030 0.0944867 0.0827809 0.1204131 0.0723012 0.1787277 0.0885683 0.1171511 0.0298452 0.0865864 0.0000000 0.0872487 0.1026350 0.0830738 0.1648016 0.1049062 0.0867342 0.1166422 0.0832535 0.0885683 0.1208789 0.1049062 0.1029663 0.2383362 0.0494215 0.0900283 0.1168119 0.1107688 0.0469379 0.0865864 0.0920483 0.0488023 0.0910347 0.4171075 0.0905079 0.0239099 0.0627656 0.0865864 0.0267063 0.1204131 0.0873797 0.0815018 0.0873797 0.0832535 0.1026350 0.0300527 0.2273520 0.0868825 0.0775621 0.0870996 0.0920483 0.0910347 0.0900283 0.1170268 0.0769768 0.0914874 0.0914874 0.0253225 0.0927399 
23_D37-Rsp-B-1_Ritteriella_sp               0.0685337 0.0150172 0.0162646 0.0685337 0.1117819 0.0908469 0.0162646 0.0685337 0.0000010 0.0755509 0.0806693 0.0218451 0.0122590 0.1598351 0.0230649 0.1943440 0.0178340 0.0756549 0.0860536 0.0047914 0.0872487 0.0000000 0.0391029 0.0097791 0.2193831 0.0391029 0.0047982 0.0669878 0.0097521 0.0178340 0.0601793 0.0391029 0.0392107 0.2749492 0.0700585 0.0136911 0.0754785 0.0431588 0.0685337 0.0097500 0.0023969 0.0707591 0.0179476 0.4681158 0.0191635 0.0955578 0.0704640 0.0097500 0.0850526 0.1598351 0.0136441 0.0176225 0.0136441 0.0097521 0.0391029 0.0910599 0.2120518 0.0047982 0.0176158 0.0000010 0.0023969 0.0179476 0.0136911 0.0671894 0.0659731 0.0111023 0.0111023 0.0830865 0.1090647 
D14366.1_Thalia_democratica                 0.0856641 0.0343282 0.0377574 0.0856641 0.1211409 0.1025637 0.0377574 0.0856641 0.0390424 0.0803818 0.0992378 0.0445502 0.0358063 0.1671316 0.0430480 0.2246468 0.0300571 0.0804941 0.0984588 0.0328587 0.1026350 0.0391029 0.0000000 0.0376284 0.2207776 0.0011821 0.0312408 0.0563231 0.0345413 0.0300571 0.0616889 0.0011821 0.0000010 0.2983360 0.0786503 0.0360283 0.0774899 0.0180278 0.0856641 0.0328587 0.0426326 0.0881077 0.0331995 0.4923128 0.0315152 0.1022114 0.0707928 0.0328587 0.0982110 0.1671316 0.0363546 0.0343282 0.0363546 0.0345413 0.0000010 0.1122425 0.2105341 0.0312885 0.0411324 0.0390424 0.0426326 0.0331995 0.0360283 0.0564893 0.0694556 0.0298604 0.0298604 0.1035303 0.0994135 
MZ333593.1_Salpa_younti                     0.0682301 0.0162412 0.0174866 0.0682301 0.1092214 0.0885191 0.0174866 0.0682301 0.0097652 0.0754002 0.0841301 0.0230910 0.0109508 0.1566995 0.0269918 0.2070214 0.0191818 0.0755038 0.0856974 0.0060126 0.0830738 0.0097791 0.0376284 0.0000000 0.2096737 0.0376284 0.0060211 0.0627300 0.0023693 0.0191818 0.0617549 0.0376284 0.0377320 0.2791823 0.0697508 0.0149940 0.0753282 0.0484156 0.0682301 0.0109508 0.0124315 0.0704475 0.0220054 0.4681308 0.0205201 0.0931770 0.0741321 0.0109508 0.0828062 0.1566995 0.0059936 0.0188496 0.0059936 0.0023693 0.0376284 0.0867863 0.2161047 0.0060296 0.0097284 0.0097652 0.0124315 0.0220054 0.0149940 0.0629161 0.0665074 0.0098489 0.0098489 0.0827378 0.1046056 
L12426.2_Molgula_manhattensis               0.2016627 0.2165889 0.2152292 0.2016627 0.1460736 0.1692479 0.2152292 0.2016627 0.2189446 0.2363347 0.1637498 0.2197411 0.2165889 0.2307144 0.1882747 0.2694369 0.2127828 0.2334923 0.1693980 0.2132551 0.1648016 0.2193831 0.2207776 0.2096737 0.0000000 0.2240359 0.2136791 0.2150090 0.2035486 0.2127828 0.2284292 0.2240359 0.2215853 0.2973910 0.1772418 0.2231466 0.2250429 0.2216500 0.2016627 0.2228066 0.2265867 0.2052499 0.2165293 0.6035809 0.2158494 0.1659682 0.1628303 0.2228066 0.1727237 0.2307144 0.2150952 0.2135229 0.2150952 0.2035486 0.2207776 0.1783069 0.3215303 0.2141047 0.2131826 0.2189446 0.2265867 0.2165293 0.2231466 0.2157947 0.1730090 0.2100816 0.2100816 0.1633101 0.2057524 
HQ015414.1_Thalia_democratica               0.0877951 0.0343282 0.0377574 0.0877951 0.1235681 0.1025637 0.0377574 0.0877951 0.0390424 0.0803818 0.1014849 0.0445502 0.0358063 0.1642997 0.0430480 0.2279557 0.0300571 0.0804941 0.1006987 0.0328587 0.1049062 0.0391029 0.0011821 0.0376284 0.2240359 0.0000000 0.0312408 0.0581644 0.0345413 0.0300571 0.0616889 0.0000010 0.0011849 0.2983360 0.0807111 0.0360283 0.0774899 0.0180278 0.0877951 0.0328587 0.0426326 0.0902620 0.0331995 0.4923128 0.0315152 0.1044812 0.0727853 0.0328587 0.1004409 0.1642997 0.0363546 0.0343282 0.0363546 0.0345413 0.0011821 0.1146006 0.2073416 0.0312885 0.0411324 0.0390424 0.0426326 0.0331995 0.0360283 0.0583366 0.0694556 0.0298604 0.0298604 0.1058123 0.1016530 
3_Ihlea_punctata_non-spotted_D24MhexB1      0.0663188 0.0123642 0.0161638 0.0663188 0.1133466 0.0883595 0.0161638 0.0663188 0.0047914 0.0714498 0.0820687 0.0217074 0.0096906 0.1565446 0.0230649 0.2006933 0.0151013 0.0715471 0.0836259 0.0000010 0.0867342 0.0047982 0.0312408 0.0060211 0.2136791 0.0312408 0.0000000 0.0613537 0.0060046 0.0151013 0.0587033 0.0312408 0.0313249 0.2790127 0.0678315 0.0110671 0.0713859 0.0430251 0.0663188 0.0072255 0.0073188 0.0685119 0.0151967 0.4783441 0.0164074 0.0930127 0.0682252 0.0072255 0.0826544 0.1565446 0.0097751 0.0149240 0.0097751 0.0060046 0.0312408 0.0905282 0.2095798 0.0000010 0.0136351 0.0047914 0.0073188 0.0151967 0.0110671 0.0615361 0.0626788 0.0060579 0.0060579 0.0864191 0.1021585 
FM244865.1_Ihlea_racovitzai                 0.0949029 0.0648686 0.0612333 0.0949029 0.1493730 0.1047504 0.0612333 0.0949029 0.0668769 0.0933185 0.0949672 0.0692019 0.0647083 0.1693969 0.0496387 0.2495181 0.0654451 0.0954462 0.1006353 0.0612530 0.1166422 0.0669878 0.0563231 0.0627300 0.2150090 0.0581644 0.0613537 0.0000000 0.0591596 0.0654451 0.0450672 0.0581644 0.0564893 0.3140441 0.0781098 0.0694727 0.1012195 0.0609951 0.0949029 0.0612530 0.0713143 0.0974415 0.0694128 0.5334104 0.0672044 0.1021379 0.0727126 0.0612530 0.1098019 0.1693969 0.0539130 0.0648686 0.0539130 0.0591596 0.0563231 0.1178519 0.2613454 0.0614547 0.0669219 0.0668769 0.0713143 0.0694128 0.0694727 0.0000010 0.0773579 0.0637674 0.0637674 0.1047504 0.0969148 
FM244867.1_Salpa_thompsoni                  0.0683970 0.0162863 0.0175350 0.0683970 0.1094083 0.0887031 0.0175350 0.0683970 0.0097383 0.0735718 0.0843119 0.0231553 0.0109810 0.1568645 0.0250929 0.2068849 0.0191281 0.0736725 0.0858797 0.0059961 0.0832535 0.0097521 0.0345413 0.0023693 0.2035486 0.0345413 0.0060046 0.0591596 0.0000000 0.0191281 0.0582335 0.0345413 0.0346357 0.2754529 0.0699190 0.0123870 0.0735036 0.0482849 0.0683970 0.0109810 0.0123969 0.0706174 0.0219437 0.4732087 0.0204627 0.0933628 0.0703232 0.0109810 0.0829855 0.1568645 0.0084640 0.0189018 0.0084640 0.0000010 0.0345413 0.0908748 0.2097746 0.0060130 0.0097552 0.0097383 0.0123969 0.0219437 0.0123870 0.0593339 0.0682983 0.0098216 0.0098216 0.0829187 0.1025184 
HQ015402.1_Iasis_cylindrica                 0.0680714 0.0178639 0.0219354 0.0680714 0.1129533 0.0902122 0.0219354 0.0680714 0.0178079 0.0714391 0.0900557 0.0278344 0.0176952 0.1506619 0.0312024 0.2063461 0.0000010 0.0715365 0.0873797 0.0150795 0.0885683 0.0178340 0.0300571 0.0191818 0.2127828 0.0300571 0.0151013 0.0654451 0.0191281 0.0000000 0.0567316 0.0300571 0.0301385 0.2601756 0.0695859 0.0207169 0.0688958 0.0387304 0.0680714 0.0150795 0.0207328 0.0702786 0.0023791 0.4836231 0.0011786 0.0948866 0.0680320 0.0150795 0.0824027 0.1506619 0.0233587 0.0205353 0.0233587 0.0191281 0.0300571 0.0881074 0.2145992 0.0151233 0.0276435 0.0178079 0.0207328 0.0023791 0.0207169 0.0656416 0.0640991 0.0165385 0.0165385 0.0882636 0.1106103 
HQ015377.1_Salpidae_gen._nov._sp._nov._A    0.0927211 0.0629274 0.0608801 0.0927211 0.1381383 0.1111022 0.0608801 0.0927211 0.0600819 0.0958246 0.1084431 0.0688102 0.0586082 0.1725629 0.0522915 0.2315262 0.0567316 0.0959627 0.1059043 0.0586082 0.1208789 0.0601793 0.0616889 0.0617549 0.2284292 0.0616889 0.0587033 0.0450672 0.0582335 0.0567316 0.0000000 0.0616889 0.0618729 0.3252215 0.0799063 0.0623708 0.0986232 0.0717188 0.0927211 0.0552689 0.0642895 0.0952413 0.0570986 0.5156784 0.0584010 0.1093709 0.0719180 0.0552689 0.1115766 0.1725629 0.0602756 0.0646580 0.0602756 0.0582335 0.0616889 0.1222918 0.2763050 0.0587987 0.0641586 0.0600819 0.0642895 0.0570986 0.0623708 0.0451957 0.0704825 0.0601429 0.0601429 0.1132541 0.1102939 
HQ015415.1_Thalia_democratica               0.0877951 0.0343282 0.0377574 0.0877951 0.1235681 0.1025637 0.0377574 0.0877951 0.0390424 0.0803818 0.1014849 0.0445502 0.0358063 0.1642997 0.0430480 0.2279557 0.0300571 0.0804941 0.1006987 0.0328587 0.1049062 0.0391029 0.0011821 0.0376284 0.2240359 0.0000010 0.0312408 0.0581644 0.0345413 0.0300571 0.0616889 0.0000000 0.0011849 0.2983360 0.0807111 0.0360283 0.0774899 0.0180278 0.0877951 0.0328587 0.0426326 0.0902620 0.0331995 0.4923128 0.0315152 0.1044812 0.0727853 0.0328587 0.1004409 0.1642997 0.0363546 0.0343282 0.0363546 0.0345413 0.0011821 0.1146006 0.2073416 0.0312885 0.0411324 0.0390424 0.0426326 0.0331995 0.0360283 0.0583366 0.0694556 0.0298604 0.0298604 0.1058123 0.1016530 
HQ015413.1_Thalia_democratica               0.0859342 0.0344215 0.0378616 0.0859342 0.1215419 0.1028955 0.0378616 0.0859342 0.0391499 0.0806318 0.0995573 0.0446759 0.0359038 0.1677239 0.0432135 0.2254758 0.0301385 0.0807447 0.0987752 0.0329478 0.1029663 0.0392107 0.0000010 0.0377320 0.2215853 0.0011849 0.0313249 0.0564893 0.0346357 0.0301385 0.0618729 0.0011849 0.0000000 0.2994877 0.0788944 0.0361269 0.0777284 0.0180741 0.0859342 0.0329478 0.0427519 0.0883869 0.0332903 0.4943693 0.0316007 0.1025414 0.0710098 0.0329478 0.0985254 0.1677239 0.0364549 0.0344215 0.0364549 0.0346357 0.0000010 0.1126105 0.2113095 0.0313729 0.0412472 0.0391499 0.0427519 0.0332903 0.0361269 0.0566565 0.0696701 0.0299407 0.0299407 0.1038654 0.0997323 
M97571.1_Branchiostoma_floridae             0.2777761 0.2797477 0.2711906 0.2777761 0.2580519 0.2429782 0.2711906 0.2777761 0.2743759 0.3201912 0.2238737 0.2834092 0.2677564 0.2924306 0.2967888 0.2333772 0.2601756 0.3168846 0.2351942 0.2784301 0.2383362 0.2749492 0.2983360 0.2791823 0.2973910 0.2983360 0.2790127 0.3140441 0.2754529 0.2601756 0.3252215 0.2983360 0.2994877 0.0000000 0.2615948 0.2876217 0.3107834 0.2835866 0.2777761 0.2748442 0.2829986 0.2819996 0.2678507 0.4608065 0.2636481 0.2469965 0.2476088 0.2748442 0.2540537 0.2924306 0.2857296 0.2797477 0.2857296 0.2754529 0.2983360 0.2295084 0.3784821 0.2795975 0.2981568 0.2743759 0.2829986 0.2678507 0.2876217 0.3112593 0.2600839 0.2870101 0.2870101 0.2428456 0.3035168 
HQ015379.1_Pyrostremma_spinosum             0.0168238 0.0701936 0.0758122 0.0168238 0.0906075 0.0389777 0.0758122 0.0168238 0.0699412 0.0916681 0.0450886 0.0844678 0.0659488 0.1208074 0.0621571 0.1743282 0.0695859 0.0898346 0.0390032 0.0677185 0.0494215 0.0700585 0.0786503 0.0697508 0.1772418 0.0807111 0.0678315 0.0781098 0.0699190 0.0695859 0.0799063 0.0807111 0.0788944 0.2615948 0.0000000 0.0726067 0.0972904 0.0928895 0.0168238 0.0659488 0.0744855 0.0182822 0.0700262 0.4407477 0.0713787 0.0388454 0.0370965 0.0659488 0.0615739 0.1208074 0.0756376 0.0683970 0.0756376 0.0699190 0.0786503 0.0467610 0.2200135 0.0679449 0.0741483 0.0699412 0.0744855 0.0700262 0.0726067 0.0783487 0.0513426 0.0739983 0.0739983 0.0405986 0.0724937 
HQ015404.1_Brooksia_rostrata                0.0710668 0.0191346 0.0204052 0.0710668 0.1115488 0.0917012 0.0204052 0.0710668 0.0136714 0.0772423 0.0872462 0.0262012 0.0162412 0.1528362 0.0294050 0.2173561 0.0207169 0.0773488 0.0888321 0.0110513 0.0900283 0.0136911 0.0360283 0.0149940 0.2231466 0.0360283 0.0110671 0.0694727 0.0123870 0.0207169 0.0623708 0.0360283 0.0361269 0.2876217 0.0726067 0.0000000 0.0771664 0.0482849 0.0710668 0.0136624 0.0138436 0.0733303 0.0235934 0.4618733 0.0220759 0.0964327 0.0748661 0.0136624 0.0858717 0.1528362 0.0176997 0.0218131 0.0176997 0.0123870 0.0360283 0.0979345 0.2235892 0.0110829 0.0191273 0.0136714 0.0138436 0.0235934 0.0000010 0.0696836 0.0719193 0.0097056 0.0097056 0.0897285 0.1046056 
HQ015386.1_Pegea_confoederata               0.1000710 0.0682084 0.0675118 0.1000710 0.1405755 0.1087506 0.0675118 0.1000710 0.0753516 0.0073859 0.1118827 0.0757719 0.0675332 0.1755687 0.0576481 0.2529440 0.0688958 0.0086520 0.1110681 0.0712668 0.1168119 0.0754785 0.0774899 0.0753282 0.2250429 0.0774899 0.0713859 0.1012195 0.0735036 0.0688958 0.0986232 0.0774899 0.0777284 0.3107834 0.0972904 0.0771664 0.0000000 0.0758789 0.1000710 0.0675332 0.0800130 0.1026663 0.0693311 0.5782400 0.0706765 0.1114748 0.0907587 0.0675332 0.1107644 0.1755687 0.0730476 0.0699989 0.0730476 0.0735036 0.0774899 0.1239265 0.2440926 0.0715054 0.0777936 0.0753516 0.0800130 0.0693311 0.0771664 0.1015445 0.0600728 0.0748874 0.0748874 0.1163783 0.1000567 
HQ015412.1_Thalia_orientalis                0.1004346 0.0446907 0.0463788 0.1004346 0.1261171 0.1105482 0.0463788 0.1004346 0.0430906 0.0787205 0.1061413 0.0536157 0.0479857 0.1755200 0.0468945 0.2249656 0.0387304 0.0806998 0.1053404 0.0448133 0.1107688 0.0431588 0.0180278 0.0484156 0.2216500 0.0180278 0.0430251 0.0609951 0.0482849 0.0387304 0.0717188 0.0180278 0.0180741 0.2835866 0.0928895 0.0482849 0.0758789 0.0000000 0.1004346 0.0448133 0.0468443 0.1030523 0.0421197 0.4826600 0.0402807 0.1111417 0.0833190 0.0448133 0.1092839 0.1755200 0.0465051 0.0446907 0.0465051 0.0482849 0.0180278 0.1194773 0.2425609 0.0430931 0.0537572 0.0430906 0.0468443 0.0421197 0.0482849 0.0611756 0.0674305 0.0415633 0.0415633 0.1117025 0.1040526 
HQ015385.1_Pyrosoma_atlanticum              0.0023733 0.0686668 0.0761084 0.0023733 0.0931109 0.0479952 0.0761084 0.0000010 0.0684188 0.1003860 0.0512219 0.0847948 0.0644441 0.1282632 0.0624859 0.1844487 0.0680714 0.0984842 0.0448595 0.0662082 0.0469379 0.0685337 0.0856641 0.0682301 0.2016627 0.0877951 0.0663188 0.0949029 0.0683970 0.0680714 0.0927211 0.0877951 0.0859342 0.2777761 0.0168238 0.0710668 0.1000710 0.1004346 0.0000000 0.0644441 0.0729385 0.0011858 0.0641413 0.4416482 0.0698581 0.0461182 0.0479794 0.0644441 0.0530901 0.1282632 0.0740912 0.0722856 0.0740912 0.0683970 0.0856641 0.0562610 0.2348901 0.0664298 0.0707876 0.0684188 0.0729385 0.0641413 0.0710668 0.0952051 0.0698711 0.0724575 0.0724575 0.0497275 0.0894766 
31_Helicosalpa_virgula_D42HvirB1            0.0644441 0.0048250 0.0084925 0.0644441 0.1131443 0.0882076 0.0084925 0.0644441 0.0097362 0.0675894 0.0819287 0.0137041 0.0023630 0.1536632 0.0211640 0.2065471 0.0150795 0.0676806 0.0834833 0.0072153 0.0865864 0.0097500 0.0328587 0.0109508 0.2228066 0.0328587 0.0072255 0.0612530 0.0109810 0.0150795 0.0552689 0.0328587 0.0329478 0.2748442 0.0659488 0.0136624 0.0675332 0.0448133 0.0644441 0.0000000 0.0123938 0.0666127 0.0151746 0.4770205 0.0163837 0.0928516 0.0663329 0.0000010 0.0825146 0.1536632 0.0148148 0.0072808 0.0148148 0.0109810 0.0328587 0.0943297 0.2153530 0.0072357 0.0161853 0.0097362 0.0123938 0.0151746 0.0136624 0.0614348 0.0624148 0.0136209 0.0136209 0.0862710 0.0976827 
7_Ritteriella_amboinensis_D23RambB1         0.0729385 0.0178206 0.0190884 0.0729385 0.1171341 0.0957537 0.0190884 0.0729385 0.0023935 0.0800953 0.0853593 0.0248367 0.0149598 0.1635193 0.0251056 0.2011826 0.0207328 0.0802069 0.0908519 0.0073084 0.0920483 0.0023969 0.0426326 0.0124315 0.2265867 0.0426326 0.0073188 0.0713143 0.0123969 0.0207328 0.0642895 0.0426326 0.0427519 0.2829986 0.0744855 0.0138436 0.0800130 0.0468443 0.0729385 0.0123938 0.0000000 0.0752238 0.0208664 0.4723023 0.0220926 0.1005696 0.0749132 0.0123938 0.0897953 0.1635193 0.0163999 0.0204856 0.0163999 0.0123969 0.0426326 0.0959696 0.2192635 0.0073292 0.0204778 0.0023935 0.0000010 0.0208664 0.0138436 0.0715314 0.0703169 0.0138010 0.0138010 0.0878254 0.1143882 
AB013011.1_Pyrosoma_atlanticum              0.0035907 0.0708959 0.0784234 0.0035907 0.0956177 0.0499028 0.0784234 0.0011858 0.0706398 0.1029874 0.0531682 0.0872193 0.0666127 0.1311889 0.0653690 0.1878903 0.0702786 0.1010669 0.0467327 0.0683970 0.0488023 0.0707591 0.0881077 0.0704475 0.2052499 0.0902620 0.0685119 0.0974415 0.0706174 0.0702786 0.0952413 0.0902620 0.0883869 0.2819996 0.0182822 0.0733303 0.1026663 0.1030523 0.0011858 0.0666127 0.0752238 0.0000000 0.0662969 0.4470729 0.0720858 0.0479952 0.0498864 0.0666127 0.0550607 0.1311889 0.0763824 0.0745563 0.0763824 0.0706174 0.0881077 0.0582701 0.2387964 0.0686271 0.0730423 0.0706398 0.0752238 0.0662969 0.0733303 0.0977533 0.0721141 0.0747308 0.0747308 0.0516583 0.0919442 
HQ015399.1_Iasis_cylindrica                 0.0641413 0.0179779 0.0248170 0.0641413 0.1157249 0.0927126 0.0248170 0.0641413 0.0179213 0.0718895 0.0905841 0.0308614 0.0178079 0.1538796 0.0334613 0.1997670 0.0023791 0.0719878 0.0878975 0.0151746 0.0910347 0.0179476 0.0331995 0.0220054 0.2165293 0.0331995 0.0151967 0.0694128 0.0219437 0.0023791 0.0570986 0.0331995 0.0332903 0.2678507 0.0700262 0.0235934 0.0693311 0.0421197 0.0641413 0.0151746 0.0208664 0.0662969 0.0000000 0.4895126 0.0035794 0.0974444 0.0684662 0.0151746 0.0847899 0.1538796 0.0262726 0.0206664 0.0262726 0.0219437 0.0331995 0.0905841 0.2152916 0.0152189 0.0306476 0.0179213 0.0208664 0.0000010 0.0235934 0.0696230 0.0645150 0.0193184 0.0193184 0.0907409 0.1133636 
M97574.1_Myxine_glutinosa                   0.4416482 0.4836590 0.4783511 0.4416482 0.4562579 0.4431484 0.4783511 0.4416482 0.4670707 0.5675311 0.4335450 0.4951481 0.4673508 0.4459855 0.4296111 0.3573018 0.4836231 0.5686436 0.4276839 0.4772731 0.4171075 0.4681158 0.4923128 0.4681308 0.6035809 0.4923128 0.4783441 0.5334104 0.4732087 0.4836231 0.5156784 0.4923128 0.4943693 0.4608065 0.4407477 0.4618733 0.5782400 0.4826600 0.4416482 0.4770205 0.4723023 0.4470729 0.4895126 0.0000000 0.4885397 0.4391538 0.4235363 0.4770205 0.4635325 0.4459855 0.4783511 0.4885778 0.4783511 0.4732087 0.4923128 0.4340174 0.7005723 0.4794192 0.4886652 0.4670707 0.4723023 0.4895126 0.4618733 0.5301902 0.4565185 0.4724228 0.4724228 0.4352638 0.5149645 
FM244866.1_Iasis_cylindrica                 0.0698581 0.0191958 0.0232934 0.0698581 0.1151225 0.0921770 0.0232934 0.0698581 0.0191355 0.0732509 0.0920203 0.0292448 0.0190142 0.1532125 0.0331673 0.2093733 0.0011786 0.0733511 0.0893192 0.0163837 0.0905079 0.0191635 0.0315152 0.0205201 0.2158494 0.0315152 0.0164074 0.0672044 0.0204627 0.0011786 0.0584010 0.0315152 0.0316007 0.2636481 0.0713787 0.0220759 0.0706765 0.0402807 0.0698581 0.0163837 0.0220926 0.0720858 0.0035794 0.4885397 0.0000000 0.0968926 0.0698186 0.0163837 0.0842876 0.1532125 0.0247281 0.0218824 0.0247281 0.0204627 0.0315152 0.0900557 0.2177418 0.0164313 0.0290437 0.0191355 0.0220926 0.0035794 0.0220759 0.0674067 0.0658629 0.0178639 0.0178639 0.0902122 0.1127647 
AB075543.1_Megalodicopia_hians              0.0494215 0.0915437 0.0895436 0.0494215 0.0758169 0.0048263 0.0895436 0.0461182 0.0953916 0.1097018 0.0297307 0.0988037 0.0889142 0.1246291 0.0770118 0.1796364 0.0948866 0.1077393 0.0237462 0.0928516 0.0239099 0.0955578 0.1022114 0.0931770 0.1659682 0.1044812 0.0930127 0.1021379 0.0933628 0.0948866 0.1093709 0.1044812 0.1025414 0.2469965 0.0388454 0.0964327 0.1114748 0.1111417 0.0461182 0.0928516 0.1005696 0.0479952 0.0974444 0.4391538 0.0968926 0.0000000 0.0603642 0.0928516 0.0322047 0.1246291 0.0935038 0.0895711 0.0935038 0.0933628 0.1022114 0.0249953 0.2336678 0.0931743 0.0895436 0.0953916 0.1005696 0.0974444 0.0964327 0.1024657 0.0642387 0.0979345 0.0979345 0.0192032 0.0849461 
28_Metcalfina_hexagona_D39MhexB1            0.0479794 0.0745968 0.0698795 0.0479794 0.1018790 0.0624366 0.0698795 0.0479794 0.0703455 0.0874206 0.0510532 0.0764206 0.0663329 0.1150042 0.0621055 0.1691153 0.0680320 0.0856172 0.0508413 0.0681111 0.0627656 0.0704640 0.0707928 0.0741321 0.1628303 0.0727853 0.0682252 0.0727126 0.0703232 0.0680320 0.0719180 0.0727853 0.0710098 0.2476088 0.0370965 0.0748661 0.0907587 0.0833190 0.0479794 0.0663329 0.0749132 0.0498864 0.0684662 0.4235363 0.0698186 0.0603642 0.0000000 0.0663329 0.0658494 0.1150042 0.0773475 0.0727623 0.0773475 0.0703232 0.0707928 0.0682365 0.2117917 0.0683396 0.0799777 0.0703455 0.0749132 0.0684662 0.0748661 0.0729336 0.0397308 0.0742487 0.0742487 0.0598303 0.0578441 
9_Helicosalpa_virgula_MarcHughes_specimen2  0.0644441 0.0048250 0.0084925 0.0644441 0.1131443 0.0882076 0.0084925 0.0644441 0.0097362 0.0675894 0.0819287 0.0137041 0.0023630 0.1536632 0.0211640 0.2065471 0.0150795 0.0676806 0.0834833 0.0072153 0.0865864 0.0097500 0.0328587 0.0109508 0.2228066 0.0328587 0.0072255 0.0612530 0.0109810 0.0150795 0.0552689 0.0328587 0.0329478 0.2748442 0.0659488 0.0136624 0.0675332 0.0448133 0.0644441 0.0000010 0.0123938 0.0666127 0.0151746 0.4770205 0.0163837 0.0928516 0.0663329 0.0000000 0.0825146 0.1536632 0.0148148 0.0072808 0.0148148 0.0109810 0.0328587 0.0943297 0.2153530 0.0072357 0.0161853 0.0097362 0.0123938 0.0151746 0.0136624 0.0614348 0.0624148 0.0136209 0.0136209 0.0862710 0.0976827 
AB013017.1_Ciona_intestinalis               0.0565153 0.0833045 0.0787569 0.0565153 0.0749369 0.0339135 0.0787569 0.0530901 0.0849080 0.1130683 0.0469987 0.0874638 0.0787812 0.1180242 0.0727911 0.1964769 0.0824027 0.1110796 0.0382226 0.0825146 0.0267063 0.0850526 0.0982110 0.0828062 0.1727237 0.1004409 0.0826544 0.1098019 0.0829855 0.0824027 0.1115766 0.1004409 0.0985254 0.2540537 0.0615739 0.0858717 0.1107644 0.1092839 0.0530901 0.0825146 0.0897953 0.0550607 0.0847899 0.4635325 0.0842876 0.0322047 0.0658494 0.0825146 0.0000000 0.1180242 0.0804385 0.0795438 0.0804385 0.0829855 0.0982110 0.0433721 0.2394980 0.0827946 0.0834589 0.0849080 0.0897953 0.0847899 0.0858717 0.1101593 0.0730624 0.0852075 0.0852075 0.0380909 0.1015897 
HQ015376.1_Doliolum_denticulatum            0.1282632 0.1575343 0.1485348 0.1282632 0.1575610 0.1250315 0.1485348 0.1282632 0.1595281 0.1730463 0.1374759 0.1576474 0.1485822 0.0000010 0.1161216 0.2771452 0.1506619 0.1705689 0.1273638 0.1562450 0.1204131 0.1598351 0.1671316 0.1566995 0.2307144 0.1642997 0.1565446 0.1693969 0.1568645 0.1506619 0.1725629 0.1642997 0.1677239 0.2924306 0.1208074 0.1528362 0.1755687 0.1755200 0.1282632 0.1536632 0.1635193 0.1311889 0.1538796 0.4459855 0.1532125 0.1246291 0.1150042 0.1536632 0.1180242 0.0000000 0.1560287 0.1523883 0.1560287 0.1568645 0.1671316 0.1269947 0.3282516 0.1568453 0.1654075 0.1595281 0.1635193 0.1538796 0.1528362 0.1699994 0.1288635 0.1572053 0.1572053 0.1319653 0.1624997 
HQ015409.1_Salpa_fusiformis                 0.0740912 0.0202838 0.0160901 0.0740912 0.1139016 0.0909815 0.0160901 0.0740912 0.0136245 0.0731148 0.0884906 0.0216077 0.0173852 0.1560287 0.0248747 0.2168070 0.0233587 0.0732145 0.0920533 0.0097613 0.0873797 0.0136441 0.0363546 0.0059936 0.2150952 0.0363546 0.0097751 0.0539130 0.0084640 0.0233587 0.0602756 0.0363546 0.0364549 0.2857296 0.0756376 0.0176997 0.0730476 0.0465051 0.0740912 0.0148148 0.0163999 0.0763824 0.0262726 0.4783511 0.0247281 0.0935038 0.0773475 0.0148148 0.0804385 0.1560287 0.0000000 0.0229546 0.0000010 0.0084640 0.0363546 0.0931770 0.2198608 0.0097891 0.0110399 0.0136245 0.0163999 0.0262726 0.0176997 0.0540702 0.0678626 0.0124563 0.0124563 0.0890165 0.1040284 
HQ015391.1_Cyclosalpa_affinis               0.0722856 0.0023630 0.0085159 0.0722856 0.1143083 0.0849773 0.0085159 0.0722856 0.0175971 0.0700602 0.0850035 0.0137424 0.0072808 0.1523883 0.0212456 0.2110034 0.0205353 0.0701557 0.0823764 0.0149026 0.0815018 0.0176225 0.0343282 0.0188496 0.2135229 0.0343282 0.0149240 0.0648686 0.0189018 0.0205353 0.0646580 0.0343282 0.0344215 0.2797477 0.0683970 0.0218131 0.0699989 0.0446907 0.0722856 0.0072808 0.0204856 0.0745563 0.0206664 0.4885778 0.0218824 0.0895711 0.0727623 0.0072808 0.0795438 0.1523883 0.0229546 0.0000000 0.0229546 0.0189018 0.0343282 0.0910372 0.2199371 0.0149454 0.0230181 0.0175971 0.0204856 0.0206664 0.0218131 0.0650624 0.0632136 0.0217443 0.0217443 0.0830590 0.0978701 
HQ015407.1_Salpa_maxima                     0.0740912 0.0202838 0.0160901 0.0740912 0.1139016 0.0909815 0.0160901 0.0740912 0.0136245 0.0731148 0.0884906 0.0216077 0.0173852 0.1560287 0.0248747 0.2168070 0.0233587 0.0732145 0.0920533 0.0097613 0.0873797 0.0136441 0.0363546 0.0059936 0.2150952 0.0363546 0.0097751 0.0539130 0.0084640 0.0233587 0.0602756 0.0363546 0.0364549 0.2857296 0.0756376 0.0176997 0.0730476 0.0465051 0.0740912 0.0148148 0.0163999 0.0763824 0.0262726 0.4783511 0.0247281 0.0935038 0.0773475 0.0148148 0.0804385 0.1560287 0.0000010 0.0229546 0.0000000 0.0084640 0.0363546 0.0931770 0.2198608 0.0097891 0.0110399 0.0136245 0.0163999 0.0262726 0.0176997 0.0540702 0.0678626 0.0124563 0.0124563 0.0890165 0.1040284 
HQ015406.1_Salpa_thompsoni                  0.0683970 0.0162863 0.0175350 0.0683970 0.1094083 0.0887031 0.0175350 0.0683970 0.0097383 0.0735718 0.0843119 0.0231553 0.0109810 0.1568645 0.0250929 0.2068849 0.0191281 0.0736725 0.0858797 0.0059961 0.0832535 0.0097521 0.0345413 0.0023693 0.2035486 0.0345413 0.0060046 0.0591596 0.0000010 0.0191281 0.0582335 0.0345413 0.0346357 0.2754529 0.0699190 0.0123870 0.0735036 0.0482849 0.0683970 0.0109810 0.0123969 0.0706174 0.0219437 0.4732087 0.0204627 0.0933628 0.0703232 0.0109810 0.0829855 0.1568645 0.0084640 0.0189018 0.0084640 0.0000000 0.0345413 0.0908748 0.2097746 0.0060130 0.0097552 0.0097383 0.0123969 0.0219437 0.0123870 0.0593339 0.0682983 0.0098216 0.0098216 0.0829187 0.1025184 
