52
M91181.1_Echinorhinus_cookei          0.0000000 0.3691956 0.2229803 0.4227975 0.2552008 0.2267424 0.2345695 0.2361953 0.2391675 0.2415184 0.2013336 0.2176628 0.2384150 0.3011724 0.3322372 0.3216736 0.3204227 0.3219498 0.2936803 0.2981445 0.3041823 0.3055801 0.3014133 0.3196011 0.3080920 0.3067760 0.2839463 0.3022158 0.2953374 0.3000830 0.3011820 0.2982399 0.2994380 0.2987553 0.2944665 0.2946180 0.3076464 0.3014805 0.2609966 0.2992123 0.3137237 0.3138286 0.3264866 0.2483356 0.2562125 0.2463462 0.2457569 0.2469323 0.2430703 0.2306683 0.3362581 0.3256349 
M97574.1_Myxine_glutinosa             0.3691956 0.0000000 0.4892451 0.8301446 0.4888356 0.5963925 0.4659192 0.4617542 0.4699454 0.4718083 0.5080094 0.4737478 0.4767243 0.5093509 0.5280240 0.5178033 0.5072945 0.5204758 0.5118512 0.5264570 0.5234867 0.5166772 0.5151997 0.5327840 0.5221959 0.5195715 0.4945850 0.5206566 0.5150415 0.5352061 0.5111230 0.5168242 0.5157777 0.5130874 0.5065461 0.4925771 0.4954529 0.4968846 0.4755492 0.5241642 0.5685153 0.5744439 0.5812047 0.4620024 0.4772215 0.4476746 0.4467156 0.4490748 0.4534143 0.4324196 0.5877332 0.5040169 
M97571.1_Branchiostoma_floridae       0.2229803 0.4892451 0.0000000 0.4185939 0.2926905 0.2919754 0.2557412 0.2631914 0.2519051 0.2623998 0.2526392 0.2675435 0.2524337 0.3125986 0.3694794 0.3619944 0.3629035 0.3414422 0.3182918 0.3259112 0.3295210 0.3247984 0.3206673 0.3406704 0.3508138 0.3492647 0.2757422 0.3123459 0.3039484 0.3150428 0.3177147 0.3108321 0.3199287 0.3209536 0.3108555 0.3060293 0.3173478 0.3121260 0.2844090 0.3360928 0.3338058 0.3414299 0.3422912 0.2971358 0.3033545 0.2853324 0.2813213 0.2860504 0.2914036 0.2649439 0.3478945 0.3166507 
AB013014.1_Oikopleura_dioica          0.4227975 0.8301446 0.4185939 0.0000000 0.3295040 0.2786646 0.2971646 0.3018846 0.2910051 0.3093101 0.2672735 0.2934447 0.2804031 0.3366386 0.3306365 0.3198085 0.3256007 0.3321761 0.3287802 0.3299215 0.3531458 0.3492771 0.3465148 0.3566059 0.3503210 0.3487636 0.3024141 0.3441087 0.3372488 0.3411108 0.3416482 0.3287186 0.3441320 0.3471351 0.3351211 0.3345394 0.3338138 0.3290530 0.2993442 0.3179567 0.3635983 0.3634068 0.3612373 0.3165773 0.3236337 0.3078014 0.3034324 0.3086183 0.3123327 0.2899226 0.3502422 0.3615049 
AY903925.1_Halocynthia_igaboja        0.2552008 0.4888356 0.2926905 0.3295040 0.0000000 0.1129956 0.1290046 0.1268367 0.1162191 0.1396603 0.0934214 0.1276806 0.1198940 0.2025735 0.2361934 0.2294181 0.2265972 0.2289642 0.1952273 0.1984414 0.2049233 0.2050259 0.2028342 0.2024250 0.2087793 0.2079689 0.1821689 0.1975443 0.1934455 0.1990834 0.2021340 0.2012628 0.2010260 0.2025524 0.1986784 0.1936756 0.2021689 0.1982038 0.1705568 0.2077092 0.2082622 0.2150929 0.2129252 0.1527606 0.1557104 0.1488168 0.1443195 0.1470117 0.1475044 0.1361186 0.2382977 0.2297523 
AB921975.1_Molgula_manhattensis       0.2267424 0.5963925 0.2919754 0.2786646 0.1129956 0.0000000 0.1431296 0.1410274 0.1362787 0.1409572 0.1348119 0.1394793 0.1388738 0.2320105 0.2410875 0.2410875 0.2361038 0.2715376 0.2506695 0.2479039 0.2378482 0.2378482 0.2378482 0.2306314 0.2546725 0.2546725 0.2339984 0.2339984 0.2339984 0.2361823 0.2534609 0.2534609 0.2534609 0.2534609 0.2534609 0.2540945 0.2581063 0.2583991 0.1640126 0.2039295 0.2452924 0.2476500 0.2363562 0.1692081 0.1692081 0.1692081 0.1689737 0.1689737 0.1689737 0.1532287 0.2361938 0.2210769 
FM244840.1_Clavelina_meridionalis     0.2345695 0.4659192 0.2557412 0.2971646 0.1290046 0.1431296 0.0000000 0.0167817 0.0535781 0.0776844 0.0466652 0.0461768 0.0459516 0.1396469 0.1626634 0.1537022 0.1519143 0.1539320 0.1382667 0.1351532 0.1371868 0.1376503 0.1398846 0.1389160 0.1447282 0.1450661 0.1214900 0.1331881 0.1344750 0.1298128 0.1291723 0.1237955 0.1291612 0.1294930 0.1305876 0.1232138 0.1276240 0.1277457 0.1018798 0.1214580 0.1351406 0.1401521 0.1362017 0.0698309 0.0743509 0.0712232 0.0719062 0.0730833 0.0728666 0.0577728 0.1532878 0.1553565 
FM244841.1_Pycnoclavella_aff._detorta 0.2361953 0.4617542 0.2631914 0.3018846 0.1268367 0.1410274 0.0167817 0.0000000 0.0472306 0.0676923 0.0440100 0.0439583 0.0399720 0.1374115 0.1596364 0.1517791 0.1499948 0.1518328 0.1329586 0.1332937 0.1384503 0.1389156 0.1376426 0.1381185 0.1375502 0.1378661 0.1146279 0.1259811 0.1239939 0.1253966 0.1302157 0.1225668 0.1289272 0.1292555 0.1269807 0.1219702 0.1254860 0.1223096 0.0967153 0.1184807 0.1346926 0.1393212 0.1379436 0.0650292 0.0686431 0.0671732 0.0678973 0.0690029 0.0687993 0.0517995 0.1570219 0.1466641 
AB075543.1_Megalodicopia_hians        0.2391675 0.4699454 0.2519051 0.2910051 0.1162191 0.1362787 0.0535781 0.0472306 0.0000000 0.0698531 0.0295813 0.0423394 0.0154398 0.1386305 0.1678802 0.1615925 0.1609529 0.1703810 0.1381517 0.1419615 0.1433281 0.1422533 0.1386044 0.1446727 0.1553177 0.1547560 0.1232961 0.1371178 0.1321138 0.1399773 0.1341914 0.1311148 0.1348935 0.1358285 0.1303253 0.1284575 0.1309994 0.1276859 0.1098730 0.1366360 0.1400249 0.1458176 0.1407291 0.0691202 0.0734673 0.0686554 0.0693350 0.0704185 0.0715812 0.0587848 0.1634169 0.1508992 
L12378.2_Ascidia_ceratodes            0.2415184 0.4718083 0.2623998 0.3093101 0.1396603 0.1409572 0.0776844 0.0676923 0.0698531 0.0000000 0.0497259 0.0576837 0.0654851 0.1499391 0.1833393 0.1769299 0.1741563 0.1951352 0.1462362 0.1503477 0.1565404 0.1553300 0.1523057 0.1521237 0.1542151 0.1536506 0.1372348 0.1416055 0.1386083 0.1451226 0.1454484 0.1468121 0.1463098 0.1473418 0.1414097 0.1393163 0.1407547 0.1371228 0.1228160 0.1501135 0.1619265 0.1652914 0.1634347 0.0987802 0.1034548 0.0961813 0.0965962 0.0982168 0.0999478 0.0734361 0.1785208 0.1650452 
AJ250778.1_Ciona_intestinalis         0.2013336 0.5080094 0.2526392 0.2672735 0.0934214 0.1348119 0.0466652 0.0440100 0.0295813 0.0497259 0.0000000 0.0321367 0.0296168 0.1255720 0.1547311 0.1547311 0.1532377 0.1786099 0.1319818 0.1301816 0.1266131 0.1266131 0.1266131 0.1196824 0.1430732 0.1430732 0.1325459 0.1325459 0.1325459 0.1339561 0.1311560 0.1311560 0.1311560 0.1311560 0.1311560 0.1222043 0.1315978 0.1281069 0.0995864 0.1349298 0.1501954 0.1518188 0.1545740 0.0569940 0.0569940 0.0569940 0.0597268 0.0597268 0.0597268 0.0616653 0.1561174 0.1549951 
AB104873.1_Perophora_sagamiensis      0.2176628 0.4737478 0.2675435 0.2934447 0.1276806 0.1394793 0.0461768 0.0439583 0.0423394 0.0576837 0.0321367 0.0000000 0.0373208 0.1405452 0.1648392 0.1596671 0.1579138 0.1734730 0.1374020 0.1366705 0.1419037 0.1423828 0.1421994 0.1412974 0.1487603 0.1487603 0.1206615 0.1305485 0.1295020 0.1341585 0.1345964 0.1285279 0.1345490 0.1348932 0.1335667 0.1278484 0.1294571 0.1272028 0.1029017 0.1366139 0.1494518 0.1515655 0.1485384 0.0611088 0.0665882 0.0628307 0.0638744 0.0645987 0.0644120 0.0530948 0.1589949 0.1512447 
AF165821.2_Chelyosoma_siboja          0.2384150 0.4767243 0.2524337 0.2804031 0.1198940 0.1388738 0.0459516 0.0399720 0.0154398 0.0654851 0.0296168 0.0373208 0.0000000 0.1316462 0.1627405 0.1564654 0.1570020 0.1607736 0.1276264 0.1286022 0.1328683 0.1318808 0.1301600 0.1330773 0.1414233 0.1409164 0.1143212 0.1277288 0.1246290 0.1305323 0.1238055 0.1208840 0.1246443 0.1255023 0.1220284 0.1199365 0.1179634 0.1150268 0.1014928 0.1319184 0.1341591 0.1424327 0.1347303 0.0687171 0.0723450 0.0685174 0.0692041 0.0702948 0.0696083 0.0545935 0.1515522 0.1445014 
HQ015406.1_Salpa_thompsoni            0.3011724 0.5093509 0.3125986 0.3366386 0.2025735 0.2320105 0.1396469 0.1374115 0.1386305 0.1499391 0.1255720 0.1405452 0.1316462 0.0000000 0.0779903 0.0727806 0.0718767 0.0787847 0.0260850 0.0266460 0.0083906 0.0083445 0.0092848 0.0114747 0.0321364 0.0320406 0.0295502 0.0373432 0.0374522 0.0403910 0.0375637 0.0336689 0.0374679 0.0376809 0.0367390 0.0311278 0.0365600 0.0378450 0.0873002 0.1293779 0.1103411 0.1115549 0.1101084 0.1205287 0.1261923 0.1173161 0.1154492 0.1175219 0.1198404 0.1154299 0.1126896 0.1879628 
HQ015415.1_Thalia_democratica         0.3322372 0.5280240 0.3694794 0.3306365 0.2361934 0.2410875 0.1626634 0.1596364 0.1678802 0.1833393 0.1547311 0.1648392 0.1627405 0.0779903 0.0000000 0.0005778 0.0017505 0.0420013 0.0708903 0.0696531 0.0735156 0.0730362 0.0798561 0.0768575 0.0769636 0.0767163 0.0540970 0.0632697 0.0688442 0.0683842 0.0748192 0.0718466 0.0746100 0.0750663 0.0808018 0.0686123 0.0709613 0.0774159 0.1016059 0.1428669 0.1390283 0.1425286 0.1293036 0.1421043 0.1403141 0.1352517 0.1424717 0.1354993 0.1382345 0.1384710 0.1183077 0.1893848 
HQ015414.1_Thalia_democratica         0.3216736 0.5178033 0.3619944 0.3198085 0.2294181 0.2410875 0.1537022 0.1517791 0.1615925 0.1769299 0.1547311 0.1596671 0.1564654 0.0727806 0.0005778 0.0000000 0.0023363 0.0365720 0.0658354 0.0665276 0.0735156 0.0730362 0.0737741 0.0768575 0.0705336 0.0701749 0.0548542 0.0632697 0.0629785 0.0683842 0.0748192 0.0718466 0.0746100 0.0750663 0.0747522 0.0693785 0.0717401 0.0722429 0.1016059 0.1358045 0.1328796 0.1364791 0.1295353 0.1421043 0.1410136 0.1362357 0.1356973 0.1364857 0.1382345 0.1306651 0.1192019 0.1893848 
HQ015413.1_Thalia_democratica         0.3204227 0.5072945 0.3629035 0.3256007 0.2265972 0.2361038 0.1519143 0.1499948 0.1609529 0.1741563 0.1532377 0.1579138 0.1570020 0.0718767 0.0017505 0.0023363 0.0000000 0.0375864 0.0649080 0.0663650 0.0734047 0.0727130 0.0736660 0.0762174 0.0703995 0.0700385 0.0541742 0.0637662 0.0635096 0.0689140 0.0741814 0.0711859 0.0745085 0.0747996 0.0746527 0.0684665 0.0706330 0.0713416 0.1017303 0.1360105 0.1323105 0.1359361 0.1299167 0.1390445 0.1391909 0.1330358 0.1329388 0.1329388 0.1360822 0.1288485 0.1173884 0.1935886 
HQ015412.1_Thalia_orientalis          0.3219498 0.5204758 0.3414422 0.3321761 0.2289642 0.2715376 0.1539320 0.1518328 0.1703810 0.1951352 0.1786099 0.1734730 0.1607736 0.0787847 0.0420013 0.0365720 0.0375864 0.0000000 0.0727702 0.0745469 0.0781288 0.0776095 0.0772144 0.0843167 0.0841066 0.0838316 0.0589151 0.0743180 0.0728863 0.0795053 0.0789159 0.0735379 0.0786903 0.0791815 0.0776529 0.0787603 0.0770143 0.0756779 0.1021530 0.1348463 0.1294625 0.1305814 0.1280792 0.1610077 0.1638962 0.1542175 0.1515995 0.1545182 0.1562450 0.1457781 0.1264534 0.2074600 
HQ015411.1_Ritteriella_retracta       0.2936803 0.5118512 0.3182918 0.3287802 0.1952273 0.2506695 0.1382667 0.1329586 0.1381517 0.1462362 0.1319818 0.1374020 0.1276264 0.0260850 0.0708903 0.0658354 0.0649080 0.0727702 0.0000000 0.0005804 0.0270296 0.0268710 0.0270764 0.0318534 0.0262745 0.0261978 0.0280580 0.0349236 0.0342139 0.0350866 0.0307906 0.0291274 0.0307141 0.0308849 0.0306421 0.0267313 0.0312070 0.0325719 0.0829435 0.1352811 0.1097378 0.1105273 0.1106292 0.1191345 0.1213661 0.1127781 0.1109990 0.1129732 0.1151828 0.1062818 0.1210884 0.1906061 
HQ015410.1_Ritteriella_retracta       0.2981445 0.5264570 0.3259112 0.3299215 0.1984414 0.2479039 0.1351532 0.1332937 0.1419615 0.1503477 0.1301816 0.1366705 0.1286022 0.0266460 0.0696531 0.0665276 0.0663650 0.0745469 0.0005804 0.0000000 0.0263493 0.0261949 0.0267362 0.0311600 0.0257259 0.0256098 0.0281330 0.0342299 0.0339522 0.0343894 0.0308075 0.0291438 0.0307309 0.0309018 0.0303173 0.0269751 0.0319880 0.0331192 0.0820905 0.1374776 0.1115794 0.1111805 0.1096807 0.1181085 0.1203557 0.1140859 0.1130929 0.1142857 0.1142005 0.1061064 0.1193076 0.1893771 
HQ015409.1_Salpa_fusiformis           0.3041823 0.5234867 0.3295210 0.3531458 0.2049233 0.2378482 0.1371868 0.1384503 0.1433281 0.1565404 0.1266131 0.1419037 0.1328683 0.0083906 0.0735156 0.0735156 0.0734047 0.0781288 0.0270296 0.0263493 0.0000000 0.0000010 0.0005877 0.0090787 0.0331524 0.0330414 0.0306945 0.0375728 0.0375516 0.0406887 0.0348324 0.0314881 0.0345804 0.0347760 0.0345611 0.0330748 0.0369812 0.0382786 0.0851444 0.1338536 0.1095186 0.1095511 0.1066735 0.1231628 0.1224654 0.1201913 0.1197128 0.1204074 0.1201003 0.1171122 0.1052495 0.1902598 
HQ015408.1_Salpa_maxima               0.3055801 0.5166772 0.3247984 0.3492771 0.2050259 0.2378482 0.1376503 0.1389156 0.1422533 0.1553300 0.1266131 0.1423828 0.1318808 0.0083445 0.0730362 0.0730362 0.0727130 0.0776095 0.0268710 0.0261949 0.0000010 0.0000000 0.0005845 0.0090067 0.0332384 0.0330830 0.0304277 0.0374933 0.0373534 0.0405785 0.0346682 0.0314881 0.0346705 0.0347955 0.0343563 0.0328797 0.0366636 0.0380492 0.0845725 0.1329827 0.1087433 0.1087755 0.1063361 0.1231628 0.1228702 0.1189278 0.1188383 0.1191393 0.1201895 0.1174893 0.1044995 0.1902598 
HQ015407.1_Salpa_maxima               0.3014133 0.5151997 0.3206673 0.3465148 0.2028342 0.2378482 0.1398846 0.1376426 0.1386044 0.1523057 0.1266131 0.1421994 0.1301600 0.0092848 0.0798561 0.0737741 0.0736660 0.0772144 0.0270764 0.0267362 0.0005877 0.0005845 0.0000000 0.0096330 0.0335893 0.0334888 0.0311798 0.0381822 0.0382653 0.0412541 0.0354237 0.0322528 0.0353337 0.0355340 0.0339862 0.0335330 0.0374253 0.0380556 0.0853359 0.1288040 0.1078321 0.1075527 0.1069594 0.1244580 0.1277539 0.1201502 0.1182099 0.1203648 0.1213382 0.1168750 0.1107851 0.1919140 
HQ015405.1_Salpa_aspera               0.3196011 0.5327840 0.3406704 0.3566059 0.2024250 0.2306314 0.1389160 0.1381185 0.1446727 0.1521237 0.1196824 0.1412974 0.1330773 0.0114747 0.0768575 0.0768575 0.0762174 0.0843167 0.0318534 0.0311600 0.0090787 0.0090067 0.0096330 0.0000000 0.0349518 0.0347865 0.0346392 0.0418911 0.0417331 0.0450235 0.0398003 0.0367026 0.0399623 0.0401084 0.0395939 0.0352313 0.0390313 0.0404358 0.0908886 0.1334505 0.1142295 0.1142622 0.1117767 0.1230799 0.1234039 0.1194275 0.1193374 0.1193374 0.1207001 0.1190324 0.1134310 0.2008892 
HQ015404.1_Brooksia_rostrata          0.3080920 0.5221959 0.3508138 0.3503210 0.2087793 0.2546725 0.1447282 0.1375502 0.1553177 0.1542151 0.1430732 0.1487603 0.1414233 0.0321364 0.0769636 0.0705336 0.0703995 0.0841066 0.0262745 0.0257259 0.0331524 0.0332384 0.0335893 0.0349518 0.0000000 0.0000010 0.0326429 0.0393893 0.0390047 0.0440142 0.0387990 0.0355572 0.0384969 0.0386052 0.0381445 0.0369222 0.0408230 0.0417244 0.0896336 0.1385552 0.1210654 0.1219457 0.1211704 0.1302140 0.1334302 0.1274914 0.1254932 0.1277245 0.1273008 0.1156567 0.1226230 0.1995192 
HQ015403.1_Brooksia_rostrata          0.3067760 0.5195715 0.3492647 0.3487636 0.2079689 0.2546725 0.1450661 0.1378661 0.1547560 0.1536506 0.1430732 0.1487603 0.1409164 0.0320406 0.0767163 0.0701749 0.0700385 0.0838316 0.0261978 0.0256098 0.0330414 0.0330830 0.0334888 0.0347865 0.0000010 0.0000000 0.0324868 0.0392042 0.0388880 0.0438045 0.0386163 0.0355572 0.0383892 0.0386052 0.0380309 0.0367509 0.0406307 0.0415996 0.0891567 0.1380665 0.1206501 0.1215273 0.1204908 0.1302140 0.1334302 0.1267515 0.1250512 0.1269818 0.1268668 0.1159089 0.1219219 0.1995192 
HQ015402.1_Iasis_cylindrica           0.2839463 0.4945850 0.2757422 0.3024141 0.1821689 0.2339984 0.1214900 0.1146279 0.1232961 0.1372348 0.1325459 0.1206615 0.1143212 0.0295502 0.0540970 0.0548542 0.0541742 0.0589151 0.0280580 0.0281330 0.0306945 0.0304277 0.0311798 0.0346392 0.0326429 0.0324868 0.0000000 0.0000010 0.0000010 0.0048883 0.0339317 0.0345574 0.0341147 0.0342406 0.0345344 0.0300883 0.0317351 0.0331259 0.0648884 0.1223343 0.0883694 0.0892067 0.0850668 0.1017116 0.1013715 0.0978183 0.0977405 0.0977405 0.0991701 0.0974405 0.1020128 0.1710179 
HQ015401.1_Iasis_cylindrica           0.3022158 0.5206566 0.3123459 0.3441087 0.1975443 0.2339984 0.1331881 0.1259811 0.1371178 0.1416055 0.1325459 0.1305485 0.1277288 0.0373432 0.0632697 0.0632697 0.0637662 0.0743180 0.0349236 0.0342299 0.0375728 0.0374933 0.0381822 0.0418911 0.0393893 0.0392042 0.0000010 0.0000000 0.0000010 0.0053564 0.0389687 0.0373380 0.0388691 0.0390682 0.0386858 0.0349603 0.0374081 0.0387190 0.0787756 0.1380633 0.1009876 0.1018369 0.0969624 0.1100194 0.1086102 0.1060448 0.1057071 0.1062270 0.1064857 0.1030283 0.1186195 0.1827021 
HQ015400.1_Iasis_cylindrica           0.2953374 0.5150415 0.3039484 0.3372488 0.1934455 0.2339984 0.1344750 0.1239939 0.1321138 0.1386083 0.1325459 0.1295020 0.1246290 0.0374522 0.0688442 0.0629785 0.0635096 0.0728863 0.0342139 0.0339522 0.0375516 0.0373534 0.0382653 0.0417331 0.0390047 0.0388880 0.0000010 0.0000010 0.0000000 0.0053485 0.0389466 0.0373380 0.0388471 0.0390682 0.0373827 0.0348127 0.0372688 0.0378993 0.0783926 0.1332255 0.0989150 0.0994628 0.0965953 0.1100194 0.1123670 0.1055623 0.1039041 0.1057428 0.1064857 0.1017202 0.1236281 0.1827021 
HQ015399.1_Iasis_cylindrica           0.3000830 0.5352061 0.3150428 0.3411108 0.1990834 0.2361823 0.1298128 0.1253966 0.1399773 0.1451226 0.1339561 0.1341585 0.1305323 0.0403910 0.0683842 0.0683842 0.0689140 0.0795053 0.0350866 0.0343894 0.0406887 0.0405785 0.0412541 0.0450235 0.0440142 0.0438045 0.0048883 0.0053564 0.0053485 0.0000000 0.0397121 0.0381211 0.0396412 0.0398674 0.0394093 0.0365070 0.0376164 0.0389127 0.0798886 0.1386054 0.1009286 0.1017772 0.0969066 0.1086037 0.1072470 0.1046490 0.1042430 0.1047353 0.1052322 0.1049841 0.1161869 0.1781510 
HQ015398.1_Cyclosalpa_sewelli         0.3011820 0.5111230 0.3177147 0.3416482 0.2021340 0.2534609 0.1291723 0.1302157 0.1341914 0.1454484 0.1311560 0.1345964 0.1238055 0.0375637 0.0748192 0.0748192 0.0741814 0.0789159 0.0307906 0.0308075 0.0348324 0.0346682 0.0354237 0.0398003 0.0387990 0.0386163 0.0339317 0.0389687 0.0389466 0.0397121 0.0000000 0.0000010 0.0000010 0.0000010 0.0000010 0.0090418 0.0096501 0.0096501 0.0761801 0.1225182 0.1011148 0.0997532 0.1040707 0.1189917 0.1184492 0.1152333 0.1151461 0.1151461 0.1158908 0.1054121 0.1144641 0.1774376 
HQ015397.1_Cyclosalpa_quadriluminis   0.2982399 0.5168242 0.3108321 0.3287186 0.2012628 0.2534609 0.1237955 0.1225668 0.1311148 0.1468121 0.1311560 0.1285279 0.1208840 0.0336689 0.0718466 0.0718466 0.0711859 0.0735379 0.0291274 0.0291438 0.0314881 0.0314881 0.0322528 0.0367026 0.0355572 0.0355572 0.0345574 0.0373380 0.0373380 0.0381211 0.0000010 0.0000000 0.0000010 0.0000010 0.0000010 0.0093571 0.0093531 0.0093531 0.0711596 0.1182375 0.0968628 0.0954924 0.0998650 0.1126604 0.1122821 0.1116489 0.1115609 0.1115609 0.1115609 0.1049953 0.1070565 0.1774376 
HQ015396.1_Cyclosalpa_polae           0.2994380 0.5157777 0.3199287 0.3441320 0.2010260 0.2534609 0.1291612 0.1289272 0.1348935 0.1463098 0.1311560 0.1345490 0.1246443 0.0374679 0.0746100 0.0746100 0.0745085 0.0786903 0.0307141 0.0307309 0.0345804 0.0346705 0.0353337 0.0399623 0.0384969 0.0383892 0.0341147 0.0388691 0.0388471 0.0396412 0.0000010 0.0000010 0.0000000 0.0000010 0.0000010 0.0090207 0.0096507 0.0096275 0.0759634 0.1221355 0.1008083 0.0994523 0.1037536 0.1189917 0.1172980 0.1152398 0.1147869 0.1154427 0.1150688 0.1044177 0.1141068 0.1774376 
HQ015395.1_Cyclosalpa_sewelli         0.2987553 0.5130874 0.3209536 0.3471351 0.2025524 0.2534609 0.1294930 0.1292555 0.1358285 0.1473418 0.1311560 0.1348932 0.1255023 0.0376809 0.0750663 0.0750663 0.0747996 0.0791815 0.0308849 0.0309018 0.0347760 0.0347955 0.0355340 0.0401084 0.0386052 0.0386052 0.0342406 0.0390682 0.0390682 0.0398674 0.0000010 0.0000010 0.0000010 0.0000000 0.0000010 0.0090685 0.0096835 0.0096786 0.0764357 0.1229557 0.1014698 0.1001020 0.1044371 0.1189917 0.1175918 0.1157308 0.1155585 0.1159354 0.1155585 0.1046720 0.1148743 0.1774376 
HQ015394.1_Cyclosalpa_polae           0.2944665 0.5065461 0.3108555 0.3351211 0.1986784 0.2534609 0.1305876 0.1269807 0.1303253 0.1414097 0.1311560 0.1335667 0.1220284 0.0367390 0.0808018 0.0747522 0.0746527 0.0776529 0.0306421 0.0303173 0.0345611 0.0343563 0.0339862 0.0395939 0.0381445 0.0380309 0.0345344 0.0386858 0.0373827 0.0394093 0.0000010 0.0000010 0.0000010 0.0000010 0.0000000 0.0095600 0.0101875 0.0100063 0.0751965 0.1165431 0.0991835 0.0975910 0.1028562 0.1189917 0.1212128 0.1150493 0.1132231 0.1152501 0.1150688 0.1031662 0.1194942 0.1774376 
HQ015393.1_Cyclosalpa_floridana       0.2946180 0.4925771 0.3060293 0.3345394 0.1936756 0.2540945 0.1232138 0.1219702 0.1284575 0.1393163 0.1222043 0.1278484 0.1199365 0.0311278 0.0686123 0.0693785 0.0684665 0.0787603 0.0267313 0.0269751 0.0330748 0.0328797 0.0335330 0.0352313 0.0369222 0.0367509 0.0300883 0.0349603 0.0348127 0.0365070 0.0090418 0.0093571 0.0090207 0.0090685 0.0095600 0.0000000 0.0101974 0.0119939 0.0708362 0.1230214 0.0961092 0.0962946 0.0998857 0.1102118 0.1087247 0.1044992 0.1040997 0.1046750 0.1066840 0.0979607 0.1133941 0.1767453 
HQ015392.1_Cyclosalpa_affinis         0.3076464 0.4954529 0.3173478 0.3338138 0.2021689 0.2581063 0.1276240 0.1254860 0.1309994 0.1407547 0.1315978 0.1294571 0.1179634 0.0365600 0.0709613 0.0717401 0.0706330 0.0770143 0.0312070 0.0319880 0.0369812 0.0366636 0.0374253 0.0390313 0.0408230 0.0406307 0.0317351 0.0374081 0.0372688 0.0376164 0.0096501 0.0093531 0.0096507 0.0096835 0.0101875 0.0101974 0.0000000 0.0011647 0.0748679 0.1248979 0.0988643 0.0975332 0.1006973 0.1099156 0.1087781 0.1050371 0.1049569 0.1052159 0.1064625 0.1007630 0.1138335 0.1812428 
HQ015391.1_Cyclosalpa_affinis         0.3014805 0.4968846 0.3121260 0.3290530 0.1982038 0.2583991 0.1277457 0.1223096 0.1276859 0.1371228 0.1281069 0.1272028 0.1150268 0.0378450 0.0774159 0.0722429 0.0713416 0.0756779 0.0325719 0.0331192 0.0382786 0.0380492 0.0380556 0.0404358 0.0417244 0.0415996 0.0331259 0.0387190 0.0378993 0.0389127 0.0096501 0.0093531 0.0096275 0.0096786 0.0100063 0.0119939 0.0011647 0.0000000 0.0739009 0.1210330 0.0977946 0.0963124 0.1002130 0.1118427 0.1141640 0.1076345 0.1059486 0.1078183 0.1082319 0.0984315 0.1190524 0.1801772 
HQ015390.1_Thetys_vagina              0.2609966 0.4755492 0.2844090 0.2993442 0.1705568 0.1640126 0.1018798 0.0967153 0.1098730 0.1228160 0.0995864 0.1029017 0.1014928 0.0873002 0.1016059 0.1016059 0.1017303 0.1021530 0.0829435 0.0820905 0.0851444 0.0845725 0.0853359 0.0908886 0.0896336 0.0891567 0.0648884 0.0787756 0.0783926 0.0798886 0.0761801 0.0711596 0.0759634 0.0764357 0.0751965 0.0708362 0.0748679 0.0739009 0.0000000 0.0595030 0.0911865 0.0908455 0.0922775 0.1003669 0.1011404 0.0983590 0.0979851 0.0985219 0.0992775 0.0790827 0.1152273 0.1695310 
HQ015389.1_Soestia_zonaria            0.2992123 0.5241642 0.3360928 0.3179567 0.2077092 0.2039295 0.1214580 0.1184807 0.1366360 0.1501135 0.1349298 0.1366139 0.1319184 0.1293779 0.1428669 0.1358045 0.1360105 0.1348463 0.1352811 0.1374776 0.1338536 0.1329827 0.1288040 0.1334505 0.1385552 0.1380665 0.1223343 0.1380633 0.1332255 0.1386054 0.1225182 0.1182375 0.1221355 0.1229557 0.1165431 0.1230214 0.1248979 0.1210330 0.0595030 0.0000000 0.1399608 0.1381497 0.1363653 0.1389165 0.1431573 0.1351416 0.1329560 0.1353873 0.1363689 0.1113178 0.1627335 0.2047790 
HQ015388.1_Pegea_bicaudata            0.3137237 0.5685153 0.3338058 0.3635983 0.2082622 0.2452924 0.1351406 0.1346926 0.1400249 0.1619265 0.1501954 0.1494518 0.1341591 0.1103411 0.1390283 0.1328796 0.1323105 0.1294625 0.1097378 0.1115794 0.1095186 0.1087433 0.1078321 0.1142295 0.1210654 0.1206501 0.0883694 0.1009876 0.0989150 0.1009286 0.1011148 0.0968628 0.1008083 0.1014698 0.0991835 0.0961092 0.0988643 0.0977946 0.0911865 0.1399608 0.0000000 0.0034532 0.0089854 0.1371804 0.1403225 0.1314462 0.1293095 0.1316854 0.1335299 0.1116853 0.1559835 0.2054865 
HQ015387.1_Pegea_confoederata         0.3138286 0.5744439 0.3414299 0.3634068 0.2150929 0.2476500 0.1401521 0.1393212 0.1458176 0.1652914 0.1518188 0.1515655 0.1424327 0.1115549 0.1425286 0.1364791 0.1359361 0.1305814 0.1105273 0.1111805 0.1095511 0.1087755 0.1075527 0.1142622 0.1219457 0.1215273 0.0892067 0.1018369 0.0994628 0.1017772 0.0997532 0.0954924 0.0994523 0.1001020 0.0975910 0.0962946 0.0975332 0.0963124 0.0908455 0.1381497 0.0034532 0.0000000 0.0102393 0.1420283 0.1451160 0.1375826 0.1353352 0.1378359 0.1381651 0.1158969 0.1527035 0.2088724 
HQ015386.1_Pegea_confoederata         0.3264866 0.5812047 0.3422912 0.3612373 0.2129252 0.2363562 0.1362017 0.1379436 0.1407291 0.1634347 0.1545740 0.1485384 0.1347303 0.1101084 0.1293036 0.1295353 0.1299167 0.1280792 0.1106292 0.1096807 0.1066735 0.1063361 0.1069594 0.1117767 0.1211704 0.1204908 0.0850668 0.0969624 0.0965953 0.0969066 0.1040707 0.0998650 0.1037536 0.1044371 0.1028562 0.0998857 0.1006973 0.1002130 0.0922775 0.1363653 0.0089854 0.0102393 0.0000000 0.1400416 0.1387363 0.1354594 0.1346731 0.1357104 0.1362620 0.1151350 0.1552626 0.2061433 
HQ015385.1_Pyrosoma_atlanticum        0.2483356 0.4620024 0.2971358 0.3165773 0.1527606 0.1692081 0.0698309 0.0650292 0.0691202 0.0987802 0.0569940 0.0611088 0.0687171 0.1205287 0.1421043 0.1421043 0.1390445 0.1610077 0.1191345 0.1181085 0.1231628 0.1231628 0.1244580 0.1230799 0.1302140 0.1302140 0.1017116 0.1100194 0.1100194 0.1086037 0.1189917 0.1126604 0.1189917 0.1189917 0.1189917 0.1102118 0.1099156 0.1118427 0.1003669 0.1389165 0.1371804 0.1420283 0.1400416 0.0000000 0.0000010 0.0000010 0.0012034 0.0012034 0.0012034 0.0300578 0.1565410 0.1496355 
HQ015384.1_Pyrosoma_godeauxi          0.2562125 0.4772215 0.3033545 0.3236337 0.1557104 0.1692081 0.0743509 0.0686431 0.0734673 0.1034548 0.0569940 0.0665882 0.0723450 0.1261923 0.1403141 0.1410136 0.1391909 0.1638962 0.1213661 0.1203557 0.1224654 0.1228702 0.1277539 0.1234039 0.1334302 0.1334302 0.1013715 0.1086102 0.1123670 0.1072470 0.1184492 0.1122821 0.1172980 0.1175918 0.1212128 0.1087247 0.1087781 0.1141640 0.1011404 0.1431573 0.1403225 0.1451160 0.1387363 0.0000010 0.0000000 0.0000010 0.0035690 0.0011892 0.0011863 0.0329949 0.1572762 0.1491100 
HQ015383.1_Pyrosomella_verticillata   0.2463462 0.4476746 0.2853324 0.3078014 0.1488168 0.1692081 0.0712232 0.0671732 0.0686554 0.0961813 0.0569940 0.0628307 0.0685174 0.1173161 0.1352517 0.1362357 0.1330358 0.1542175 0.1127781 0.1140859 0.1201913 0.1189278 0.1201502 0.1194275 0.1274914 0.1267515 0.0978183 0.1060448 0.1055623 0.1046490 0.1152333 0.1116489 0.1152398 0.1157308 0.1150493 0.1044992 0.1050371 0.1076345 0.0983590 0.1351416 0.1314462 0.1375826 0.1354594 0.0000010 0.0000010 0.0000000 0.0011494 0.0011516 0.0011688 0.0299082 0.1530147 0.1491100 
HQ015382.1_Pyrosomella_verticillata   0.2457569 0.4467156 0.2813213 0.3034324 0.1443195 0.1689737 0.0719062 0.0678973 0.0693350 0.0965962 0.0597268 0.0638744 0.0692041 0.1154492 0.1424717 0.1356973 0.1329388 0.1515995 0.1109990 0.1130929 0.1197128 0.1188383 0.1182099 0.1193374 0.1254932 0.1250512 0.0977405 0.1057071 0.1039041 0.1042430 0.1151461 0.1115609 0.1147869 0.1155585 0.1132231 0.1040997 0.1049569 0.1059486 0.0979851 0.1329560 0.1293095 0.1353352 0.1346731 0.0012034 0.0035690 0.0011494 0.0000000 0.0000010 0.0000010 0.0295209 0.1585373 0.1490006 
HQ015381.1_Pyrosoma_atlanticum        0.2469323 0.4490748 0.2860504 0.3086183 0.1470117 0.1689737 0.0730833 0.0690029 0.0704185 0.0982168 0.0597268 0.0645987 0.0702948 0.1175219 0.1354993 0.1364857 0.1329388 0.1545182 0.1129732 0.1142857 0.1204074 0.1191393 0.1203648 0.1193374 0.1277245 0.1269818 0.0977405 0.1062270 0.1057428 0.1047353 0.1151461 0.1115609 0.1154427 0.1159354 0.1152501 0.1046750 0.1052159 0.1078183 0.0985219 0.1353873 0.1316854 0.1378359 0.1357104 0.0012034 0.0011892 0.0011516 0.0000010 0.0000000 0.0000010 0.0299478 0.1533116 0.1490006 
HQ015380.1_Pyrosomella_verticillata   0.2430703 0.4534143 0.2914036 0.3123327 0.1475044 0.1689737 0.0728666 0.0687993 0.0715812 0.0999478 0.0597268 0.0644120 0.0696083 0.1198404 0.1382345 0.1382345 0.1360822 0.1562450 0.1151828 0.1142005 0.1201003 0.1201895 0.1213382 0.1207001 0.1273008 0.1268668 0.0991701 0.1064857 0.1064857 0.1052322 0.1158908 0.1115609 0.1150688 0.1155585 0.1150688 0.1066840 0.1064625 0.1082319 0.0992775 0.1363689 0.1335299 0.1381651 0.1362620 0.0012034 0.0011863 0.0011688 0.0000010 0.0000010 0.0000000 0.0298683 0.1548814 0.1490006 
HQ015379.1_Pyrostremma_spinosum       0.2306683 0.4324196 0.2649439 0.2899226 0.1361186 0.1532287 0.0577728 0.0517995 0.0587848 0.0734361 0.0616653 0.0530948 0.0545935 0.1154299 0.1384710 0.1306651 0.1288485 0.1457781 0.1062818 0.1061064 0.1171122 0.1174893 0.1168750 0.1190324 0.1156567 0.1159089 0.0974405 0.1030283 0.1017202 0.1049841 0.1054121 0.1049953 0.1044177 0.1046720 0.1031662 0.0979607 0.1007630 0.0984315 0.0790827 0.1113178 0.1116853 0.1158969 0.1151350 0.0300578 0.0329949 0.0299082 0.0295209 0.0299478 0.0298683 0.0000000 0.1385310 0.1415100 
HQ015378.1_Ihlea_racovitzai           0.3362581 0.5877332 0.3478945 0.3502422 0.2382977 0.2361938 0.1532878 0.1570219 0.1634169 0.1785208 0.1561174 0.1589949 0.1515522 0.1126896 0.1183077 0.1192019 0.1173884 0.1264534 0.1210884 0.1193076 0.1052495 0.1044995 0.1107851 0.1134310 0.1226230 0.1219219 0.1020128 0.1186195 0.1236281 0.1161869 0.1144641 0.1070565 0.1141068 0.1148743 0.1194942 0.1133941 0.1138335 0.1190524 0.1152273 0.1627335 0.1559835 0.1527035 0.1552626 0.1565410 0.1572762 0.1530147 0.1585373 0.1533116 0.1548814 0.1385310 0.0000000 0.2064794 
HQ015376.1_Doliolum_denticulatum      0.3256349 0.5040169 0.3166507 0.3615049 0.2297523 0.2210769 0.1553565 0.1466641 0.1508992 0.1650452 0.1549951 0.1512447 0.1445014 0.1879628 0.1893848 0.1893848 0.1935886 0.2074600 0.1906061 0.1893771 0.1902598 0.1902598 0.1919140 0.2008892 0.1995192 0.1995192 0.1710179 0.1827021 0.1827021 0.1781510 0.1774376 0.1774376 0.1774376 0.1774376 0.1774376 0.1767453 0.1812428 0.1801772 0.1695310 0.2047790 0.2054865 0.2088724 0.2061433 0.1496355 0.1491100 0.1491100 0.1490006 0.1490006 0.1490006 0.1415100 0.2064794 0.0000000 
