39
HQ015406.1 0.0000000 0.0848309 0.0783007 0.0774408 0.0885229 0.0271845 0.0277891 0.0084762 0.0084289 0.0093942 0.0116349 0.0335254 0.0334196 0.0308360 0.0393653 0.0395010 0.0427788 0.0395043 0.0351943 0.0393994 0.0396356 0.0386051 0.0325090 0.0385325 0.0399018 0.0980276 0.1568458 0.1274626 0.1293956 0.1277493 0.1494823 0.1574359 0.1443310 0.1414098 0.1444809 0.1478593 0.1399455 0.1336453 0.2539299 
HQ015415.1 0.0848309 0.0000000 0.0005788 0.0017557 0.0462427 0.0750661 0.0725920 0.0793515 0.0787889 0.0872535 0.0833529 0.0827102 0.0824277 0.0550394 0.0655898 0.0722135 0.0714345 0.0815290 0.0782526 0.0812841 0.0818132 0.0889149 0.0732049 0.0767496 0.0845647 0.1177648 0.1766813 0.1662093 0.1712308 0.1507200 0.1825117 0.1792153 0.1714769 0.1823824 0.1716794 0.1758353 0.1753785 0.1450619 0.2596186 
HQ015414.1 0.0783007 0.0005788 0.0000000 0.0023438 0.0400842 0.0689904 0.0689225 0.0793515 0.0787889 0.0797035 0.0833529 0.0749304 0.0745221 0.0558411 0.0655898 0.0652676 0.0714345 0.0815290 0.0782526 0.0812841 0.0818132 0.0814928 0.0740233 0.0775832 0.0781938 0.1177648 0.1661597 0.1569503 0.1620312 0.1510154 0.1825117 0.1803193 0.1726569 0.1716723 0.1728617 0.1758353 0.1636337 0.1464038 0.2596186 
HQ015413.1 0.0774408 0.0017557 0.0023438 0.0000000 0.0412322 0.0680922 0.0688331 0.0793635 0.0785486 0.0797190 0.0827452 0.0748977 0.0744854 0.0551224 0.0661377 0.0658537 0.0720271 0.0809311 0.0776273 0.0813154 0.0816536 0.0815260 0.0731565 0.0765045 0.0773536 0.1182055 0.1664558 0.1567733 0.1619061 0.1518929 0.1785146 0.1782510 0.1687804 0.1684721 0.1684721 0.1732567 0.1615676 0.1456905 0.2647208 
HQ015412.1 0.0885229 0.0462427 0.0400842 0.0412322 0.0000000 0.0805570 0.0827557 0.0878031 0.0871569 0.0866776 0.0953336 0.0941967 0.0938661 0.0640704 0.0833147 0.0815227 0.0894342 0.0883225 0.0815417 0.0880434 0.0886431 0.0867819 0.0882859 0.0858153 0.0841670 0.1170231 0.1634770 0.1518599 0.1536705 0.1479356 0.2139950 0.2180650 0.2021449 0.1975961 0.2024296 0.2052582 0.1885769 0.1540606 0.2801673 
HQ015411.1 0.0271845 0.0750661 0.0689904 0.0680922 0.0805570 0.0000000 0.0005820 0.0282342 0.0280609 0.0282868 0.0334396 0.0270804 0.0269972 0.0291979 0.0365444 0.0357736 0.0367865 0.0319934 0.0302546 0.0319117 0.0320973 0.0318429 0.0276385 0.0325033 0.0339468 0.0923657 0.1642660 0.1245556 0.1254987 0.1263405 0.1474388 0.1503650 0.1378285 0.1350752 0.1379667 0.1411511 0.1281673 0.1469457 0.2482392 
HQ015410.1 0.0277891 0.0725920 0.0689225 0.0688331 0.0827557 0.0005820 0.0000000 0.0274928 0.0273243 0.0279117 0.0326744 0.0264912 0.0263675 0.0292765 0.0357795 0.0354771 0.0360152 0.0320112 0.0302719 0.0319294 0.0321152 0.0314829 0.0278980 0.0333540 0.0345342 0.0913042 0.1660445 0.1270285 0.1262825 0.1250666 0.1459591 0.1489057 0.1397857 0.1382068 0.1399286 0.1397525 0.1279876 0.1443216 0.2462783 
HQ015409.1 0.0084762 0.0793515 0.0793515 0.0793635 0.0878031 0.0282342 0.0274928 0.0000000 0.0000010 0.0005894 0.0091764 0.0346082 0.0344869 0.0321131 0.0396624 0.0396391 0.0431607 0.0365150 0.0328335 0.0362389 0.0364548 0.0362181 0.0345536 0.0389654 0.0403385 0.0953096 0.1624415 0.1264020 0.1266438 0.1231773 0.1536951 0.1522564 0.1488579 0.1480005 0.1490193 0.1485754 0.1427090 0.1247625 0.2566821 
HQ015408.1 0.0084289 0.0787889 0.0787889 0.0785486 0.0871569 0.0280609 0.0273243 0.0000010 0.0000000 0.0005861 0.0091026 0.0347017 0.0345318 0.0318211 0.0395732 0.0394185 0.0430365 0.0363344 0.0328335 0.0363375 0.0364759 0.0359934 0.0343408 0.0386135 0.0400842 0.0946075 0.1612082 0.1253814 0.1256198 0.1227308 0.1536951 0.1528626 0.1469924 0.1467152 0.1471490 0.1487158 0.1432525 0.1237314 0.2566821 
HQ015407.1 0.0093942 0.0872535 0.0797035 0.0797190 0.0866776 0.0282868 0.0279117 0.0005894 0.0005861 0.0000000 0.0097442 0.0350915 0.0349803 0.0326458 0.0403440 0.0404502 0.0438009 0.0371689 0.0336698 0.0370708 0.0372923 0.0355963 0.0350584 0.0394626 0.0401004 0.0955907 0.1553084 0.1242189 0.1240289 0.1236382 0.1556962 0.1602160 0.1488476 0.1457733 0.1490079 0.1504591 0.1423649 0.1325330 0.2597233 
HQ015405.1 0.0116349 0.0833529 0.0833529 0.0827452 0.0953336 0.0334396 0.0326744 0.0091764 0.0091026 0.0097442 0.0000000 0.0366811 0.0364986 0.0363006 0.0443069 0.0441314 0.0478498 0.0419261 0.0384685 0.0421061 0.0422690 0.0416987 0.0369600 0.0412224 0.0427175 0.1025233 0.1629904 0.1333875 0.1336463 0.1306717 0.1535508 0.1536412 0.1477094 0.1474298 0.1474298 0.1494511 0.1453375 0.1357592 0.2754104 
HQ015404.1 0.0335254 0.0827102 0.0749304 0.0748977 0.0941967 0.0270804 0.0264912 0.0346082 0.0347017 0.0350915 0.0366811 0.0000000 0.0000010 0.0340284 0.0413473 0.0409265 0.0465258 0.0405039 0.0370216 0.0401765 0.0402947 0.0397954 0.0384128 0.0427424 0.0436720 0.1003234 0.1694247 0.1354951 0.1365347 0.1375229 0.1628315 0.1672487 0.1583383 0.1551688 0.1585170 0.1578915 0.1410375 0.1463388 0.2632649 
HQ015403.1 0.0334196 0.0824277 0.0745221 0.0744854 0.0938661 0.0269972 0.0263675 0.0344869 0.0345318 0.0349803 0.0364986 0.0000010 0.0000000 0.0338584 0.0411436 0.0407971 0.0462919 0.0403051 0.0370216 0.0400591 0.0402947 0.0396708 0.0382275 0.0425320 0.0435347 0.0997400 0.1687651 0.1349974 0.1360333 0.1366587 0.1628315 0.1672487 0.1572504 0.1545535 0.1574262 0.1572664 0.1414225 0.1453604 0.2632649 
HQ015402.1 0.0308360 0.0550394 0.0558411 0.0551224 0.0640704 0.0291979 0.0292765 0.0321131 0.0318211 0.0326458 0.0363006 0.0340284 0.0338584 0.0000000 0.0000010 0.0000010 0.0049237 0.0354335 0.0361156 0.0356331 0.0357715 0.0360972 0.0312697 0.0331749 0.0346415 0.0710212 0.1454157 0.0994202 0.1003994 0.0954624 0.1233817 0.1228966 0.1178426 0.1176114 0.1176114 0.1196286 0.1170634 0.1167626 0.2200227 
HQ015401.1 0.0393653 0.0655898 0.0655898 0.0661377 0.0833147 0.0365444 0.0357795 0.0396624 0.0395732 0.0403440 0.0443069 0.0413473 0.0411436 0.0000010 0.0000000 0.0000010 0.0054040 0.0410102 0.0391867 0.0409010 0.0411223 0.0406981 0.0365454 0.0393480 0.0407337 0.0879260 0.1673052 0.1163136 0.1173313 0.1113212 0.1345800 0.1322544 0.1285736 0.1279690 0.1286977 0.1290618 0.1247824 0.1416952 0.2399949 
HQ015400.1 0.0395010 0.0722135 0.0652676 0.0658537 0.0815227 0.0357736 0.0354771 0.0396391 0.0394185 0.0404502 0.0441314 0.0409265 0.0407971 0.0000010 0.0000010 0.0000000 0.0053963 0.0409861 0.0391867 0.0408770 0.0411223 0.0392657 0.0363856 0.0391950 0.0398335 0.0874499 0.1603964 0.1135595 0.1141730 0.1108382 0.1345800 0.1376386 0.1278724 0.1253478 0.1279949 0.1290618 0.1228734 0.1488578 0.2399949 
HQ015399.1 0.0427788 0.0714345 0.0714345 0.0720271 0.0894342 0.0367865 0.0360152 0.0431607 0.0430365 0.0438009 0.0478498 0.0465258 0.0462919 0.0049237 0.0054040 0.0053963 0.0000000 0.0418458 0.0400612 0.0417685 0.0420202 0.0415117 0.0383226 0.0397298 0.0411061 0.0895722 0.1689361 0.1154264 0.1164435 0.1104426 0.1321640 0.1299308 0.1262336 0.1255342 0.1262293 0.1269317 0.1271851 0.1439419 0.2398483 
HQ015398.1 0.0395043 0.0815290 0.0815290 0.0809311 0.0883225 0.0319934 0.0320112 0.0365150 0.0363344 0.0371689 0.0419261 0.0405039 0.0403051 0.0354335 0.0410102 0.0409861 0.0418458 0.0000000 0.0000010 0.0000010 0.0000010 0.0000010 0.0091416 0.0097604 0.0097604 0.0843107 0.1475619 0.1212165 0.1191386 0.1224545 0.1441132 0.1430421 0.1384825 0.1382226 0.1382226 0.1392711 0.1259364 0.1402280 0.2439085 
HQ015397.1 0.0351943 0.0782526 0.0782526 0.0776273 0.0815417 0.0302546 0.0302719 0.0328335 0.0328335 0.0336698 0.0384685 0.0370216 0.0370216 0.0361156 0.0391867 0.0391867 0.0400612 0.0000010 0.0000000 0.0000010 0.0000010 0.0000010 0.0094624 0.0094598 0.0094598 0.0783191 0.1420723 0.1153211 0.1132671 0.1165566 0.1352627 0.1347313 0.1338297 0.1335683 0.1335683 0.1335683 0.1260327 0.1258666 0.2439085 
HQ015396.1 0.0393994 0.0812841 0.0812841 0.0813154 0.0880434 0.0319117 0.0319294 0.0362389 0.0363375 0.0370708 0.0421061 0.0401765 0.0400591 0.0356331 0.0409010 0.0408770 0.0417685 0.0000010 0.0000010 0.0000000 0.0000010 0.0000010 0.0091202 0.0097613 0.0097376 0.0840487 0.1470244 0.1207895 0.1187227 0.1220216 0.1441132 0.1414038 0.1384885 0.1377129 0.1386282 0.1381038 0.1245435 0.1397083 0.2439085 
HQ015395.1 0.0396356 0.0818132 0.0818132 0.0816536 0.0886431 0.0320973 0.0321152 0.0364548 0.0364759 0.0372923 0.0422690 0.0402947 0.0402947 0.0357715 0.0411223 0.0411223 0.0420202 0.0000010 0.0000010 0.0000010 0.0000000 0.0000010 0.0091701 0.0097956 0.0097908 0.0846135 0.1481357 0.1216854 0.1195964 0.1229292 0.1441132 0.1418143 0.1391596 0.1387717 0.1393009 0.1387717 0.1248941 0.1407869 0.2439085 
HQ015394.1 0.0386051 0.0889149 0.0814928 0.0815260 0.0867819 0.0318429 0.0314829 0.0362181 0.0359934 0.0355963 0.0416987 0.0397954 0.0396708 0.0360972 0.0406981 0.0392657 0.0415117 0.0000010 0.0000010 0.0000010 0.0000010 0.0000000 0.0096725 0.0103118 0.0101283 0.0831227 0.1392206 0.1185418 0.1161593 0.1208122 0.1441132 0.1470378 0.1382833 0.1355312 0.1384216 0.1381038 0.1227600 0.1474689 0.2439085 
HQ015393.1 0.0325090 0.0732049 0.0740233 0.0731565 0.0882859 0.0276385 0.0278980 0.0345536 0.0343408 0.0350584 0.0369600 0.0384128 0.0382275 0.0312697 0.0365454 0.0363856 0.0383226 0.0091416 0.0094624 0.0091202 0.0091701 0.0096725 0.0000000 0.0103421 0.0121813 0.0779709 0.1466135 0.1134961 0.1136049 0.1158905 0.1330725 0.1307011 0.1248150 0.1241385 0.1249302 0.1277069 0.1162892 0.1381906 0.2403617 
HQ015392.1 0.0385325 0.0767496 0.0775832 0.0765045 0.0858153 0.0325033 0.0333540 0.0389654 0.0386135 0.0394626 0.0412224 0.0427424 0.0425320 0.0331749 0.0393480 0.0391950 0.0397298 0.0097604 0.0094598 0.0097613 0.0097956 0.0103118 0.0103421 0.0000000 0.0011679 0.0830944 0.1511225 0.1174342 0.1154200 0.1175426 0.1337483 0.1318308 0.1265214 0.1262829 0.1266412 0.1284031 0.1206633 0.1403549 0.2508394 
HQ015391.1 0.0399018 0.0845647 0.0781938 0.0773536 0.0841670 0.0339468 0.0345342 0.0403385 0.0400842 0.0401004 0.0427175 0.0436720 0.0435347 0.0346415 0.0407337 0.0398335 0.0411061 0.0097604 0.0094598 0.0097376 0.0097908 0.0101283 0.0121813 0.0011679 0.0000000 0.0820880 0.1459961 0.1167119 0.1145341 0.1177066 0.1360118 0.1390383 0.1297224 0.1271807 0.1298465 0.1304431 0.1176979 0.1478810 0.2508394 
HQ015390.1 0.0980276 0.1177648 0.1177648 0.1182055 0.1170231 0.0923657 0.0913042 0.0953096 0.0946075 0.0955907 0.1025233 0.1003234 0.0997400 0.0710212 0.0879260 0.0874499 0.0895722 0.0843107 0.0783191 0.0840487 0.0846135 0.0831227 0.0779709 0.0830944 0.0820880 0.0000000 0.0641842 0.1037357 0.1030935 0.1064650 0.1173036 0.1181362 0.1144539 0.1138506 0.1145524 0.1155501 0.0891903 0.1414257 0.2242042 
HQ015389.1 0.1568458 0.1766813 0.1661597 0.1664558 0.1634770 0.1642660 0.1660445 0.1624415 0.1612082 0.1553084 0.1629904 0.1694247 0.1687651 0.1454157 0.1673052 0.1603964 0.1689361 0.1475619 0.1420723 0.1470244 0.1481357 0.1392206 0.1466135 0.1511225 0.1459961 0.0641842 0.0000000 0.1693375 0.1668071 0.1661016 0.1680084 0.1738787 0.1624213 0.1591745 0.1625987 0.1639776 0.1284379 0.2162946 0.2778518 
HQ015388.1 0.1274626 0.1662093 0.1569503 0.1567733 0.1518599 0.1245556 0.1270285 0.1264020 0.1253814 0.1242189 0.1333875 0.1354951 0.1349974 0.0994202 0.1163136 0.1135595 0.1154264 0.1212165 0.1153211 0.1207895 0.1216854 0.1185418 0.1134961 0.1174342 0.1167119 0.1037357 0.1693375 0.0000000 0.0034738 0.0091261 0.1825829 0.1868624 0.1727170 0.1690688 0.1729237 0.1758854 0.1378490 0.1931798 0.2755867 
HQ015387.1 0.1293956 0.1712308 0.1620312 0.1619061 0.1536705 0.1254987 0.1262825 0.1266438 0.1256198 0.1240289 0.1336463 0.1365347 0.1360333 0.1003994 0.1173313 0.1141730 0.1164435 0.1191386 0.1132671 0.1187227 0.1195964 0.1161593 0.1136049 0.1154200 0.1145341 0.1030935 0.1668071 0.0034738 0.0000000 0.0104258 0.1901105 0.1943296 0.1822120 0.1783193 0.1824399 0.1829695 0.1437294 0.1890639 0.2822386 
HQ015386.1 0.1277493 0.1507200 0.1510154 0.1518929 0.1479356 0.1263405 0.1250666 0.1231773 0.1227308 0.1236382 0.1306717 0.1375229 0.1366587 0.0954624 0.1113212 0.1108382 0.1104426 0.1224545 0.1165566 0.1220216 0.1229292 0.1208122 0.1158905 0.1175426 0.1177066 0.1064650 0.1661016 0.0091261 0.0104258 0.0000000 0.1802842 0.1777816 0.1726713 0.1713243 0.1728788 0.1737406 0.1440453 0.1946751 0.2731604 
HQ015385.1 0.1494823 0.1825117 0.1825117 0.1785146 0.2139950 0.1474388 0.1459591 0.1536951 0.1536951 0.1556962 0.1535508 0.1628315 0.1628315 0.1233817 0.1345800 0.1345800 0.1321640 0.1441132 0.1352627 0.1441132 0.1441132 0.1441132 0.1330725 0.1337483 0.1360118 0.1173036 0.1680084 0.1825829 0.1901105 0.1802842 0.0000000 0.0000010 0.0000010 0.0012071 0.0012071 0.0012071 0.0313544 0.2061138 0.2138168 
HQ015384.1 0.1574359 0.1792153 0.1803193 0.1782510 0.2180650 0.1503650 0.1489057 0.1522564 0.1528626 0.1602160 0.1536412 0.1672487 0.1672487 0.1228966 0.1322544 0.1376386 0.1299308 0.1430421 0.1347313 0.1414038 0.1418143 0.1470378 0.1307011 0.1318308 0.1390383 0.1181362 0.1738787 0.1868624 0.1943296 0.1777816 0.0000010 0.0000000 0.0000010 0.0035932 0.0011930 0.0011900 0.0345538 0.2071475 0.2128809 
HQ015383.1 0.1443310 0.1714769 0.1726569 0.1687804 0.2021449 0.1378285 0.1397857 0.1488579 0.1469924 0.1488476 0.1477094 0.1583383 0.1572504 0.1178426 0.1285736 0.1278724 0.1262336 0.1384825 0.1338297 0.1384885 0.1391596 0.1382833 0.1248150 0.1265214 0.1297224 0.1144539 0.1624213 0.1727170 0.1822120 0.1726713 0.0000010 0.0000010 0.0000000 0.0011527 0.0011550 0.0011724 0.0311719 0.2001705 0.2128809 
HQ015382.1 0.1414098 0.1823824 0.1716723 0.1684721 0.1975961 0.1350752 0.1382068 0.1480005 0.1467152 0.1457733 0.1474298 0.1551688 0.1545535 0.1176114 0.1279690 0.1253478 0.1255342 0.1382226 0.1335683 0.1377129 0.1387717 0.1355312 0.1241385 0.1262829 0.1271807 0.1138506 0.1591745 0.1690688 0.1783193 0.1713243 0.0012071 0.0035932 0.0011527 0.0000000 0.0000010 0.0000010 0.0307284 0.2087404 0.2124985 
HQ015381.1 0.1444809 0.1716794 0.1728617 0.1684721 0.2024296 0.1379667 0.1399286 0.1490193 0.1471490 0.1490079 0.1474298 0.1585170 0.1574262 0.1176114 0.1286977 0.1279949 0.1262293 0.1382226 0.1335683 0.1386282 0.1393009 0.1384216 0.1249302 0.1266412 0.1298465 0.1145524 0.1625987 0.1729237 0.1824399 0.1728788 0.0012071 0.0011930 0.0011550 0.0000010 0.0000000 0.0000010 0.0311895 0.2004494 0.2124985 
HQ015380.1 0.1478593 0.1758353 0.1758353 0.1732567 0.2052582 0.1411511 0.1397525 0.1485754 0.1487158 0.1504591 0.1494511 0.1578915 0.1572664 0.1196286 0.1290618 0.1290618 0.1269317 0.1392711 0.1335683 0.1381038 0.1387717 0.1381038 0.1277069 0.1284031 0.1304431 0.1155501 0.1639776 0.1758854 0.1829695 0.1737406 0.0012071 0.0011900 0.0011724 0.0000010 0.0000010 0.0000000 0.0311029 0.2030207 0.2124985 
HQ015379.1 0.1399455 0.1753785 0.1636337 0.1615676 0.1885769 0.1281673 0.1279876 0.1427090 0.1432525 0.1423649 0.1453375 0.1410375 0.1414225 0.1170634 0.1247824 0.1228734 0.1271851 0.1259364 0.1260327 0.1245435 0.1248941 0.1227600 0.1162892 0.1206633 0.1176979 0.0891903 0.1284379 0.1378490 0.1437294 0.1440453 0.0313544 0.0345538 0.0311719 0.0307284 0.0311895 0.0311029 0.0000000 0.1782667 0.2005799 
HQ015378.1 0.1336453 0.1450619 0.1464038 0.1456905 0.1540606 0.1469457 0.1443216 0.1247625 0.1237314 0.1325330 0.1357592 0.1463388 0.1453604 0.1167626 0.1416952 0.1488578 0.1439419 0.1402280 0.1258666 0.1397083 0.1407869 0.1474689 0.1381906 0.1403549 0.1478810 0.1414257 0.2162946 0.1931798 0.1890639 0.1946751 0.2061138 0.2071475 0.2001705 0.2087404 0.2004494 0.2030207 0.1782667 0.0000000 0.3188257 
HQ015376.1 0.2539299 0.2596186 0.2596186 0.2647208 0.2801673 0.2482392 0.2462783 0.2566821 0.2566821 0.2597233 0.2754104 0.2632649 0.2632649 0.2200227 0.2399949 0.2399949 0.2398483 0.2439085 0.2439085 0.2439085 0.2439085 0.2439085 0.2403617 0.2508394 0.2508394 0.2242042 0.2778518 0.2755867 0.2822386 0.2731604 0.2138168 0.2128809 0.2128809 0.2124985 0.2124985 0.2124985 0.2005799 0.3188257 0.0000000 
